SaO2sup Pa_CO2 P_a Vmca_d TOI_d HbT_d CCO_d
0.96547 38.521 79.243 59.092 58.117 -1.3071 -0.023884
0.96658 38.506 79.57 59.142 58.164 -1.2759 -0.030574
0.96808 38.479 79.862 59.114 58.206 -1.2427 -0.037187
0.96985 38.442 80.103 59.005 58.242 -1.2088 -0.043549
0.97181 38.397 80.274 58.82 58.273 -1.1755 -0.049495
0.97382 38.348 80.361 58.568 58.299 -1.144 -0.054871
0.97577 38.298 80.355 58.261 58.323 -1.1154 -0.05954
0.97757 38.249 80.25 57.916 58.345 -1.0905 -0.06338
0.97913 38.202 80.046 57.551 58.366 -1.0703 -0.066297
0.98039 38.159 79.753 57.184 58.388 -1.0551 -0.068222
0.98133 38.121 79.384 56.833 58.41 -1.045 -0.069118
0.98195 38.087 78.964 56.515 58.432 -1.0402 -0.068981
0.98226 38.055 78.518 56.241 58.452 -1.0402 -0.067847
0.98232 38.026 78.08 56.023 58.47 -1.0445 -0.065788
0.98217 37.999 77.678 55.863 58.483 -1.0524 -0.062914
0.98188 37.972 77.343 55.764 58.49 -1.063 -0.05937
0.98151 37.946 77.096 55.721 58.488 -1.0753 -0.055331
0.98114 37.921 76.948 55.725 58.478 -1.0883 -0.050996
0.98079 37.899 76.904 55.768 58.459 -1.101 -0.046576
0.98053 37.881 76.954 55.835 58.433 -1.1122 -0.042287
0.98036 37.87 77.08 55.913 58.4 -1.1212 -0.038335
0.9803 37.867 77.257 55.99 58.363 -1.1272 -0.034907
0.98035 37.874 77.454 56.055 58.326 -1.1295 -0.032157
0.98049 37.892 77.641 56.098 58.292 -1.1279 -0.030199
0.98068 37.923 77.79 56.115 58.264 -1.1221 -0.029097
0.98091 37.967 77.88 56.103 58.245 -1.1125 -0.028863
0.98113 38.022 77.899 56.064 58.238 -1.0995 -0.029457
0.9813 38.086 77.845 56.003 58.243 -1.0837 -0.030788
0.9814 38.157 77.727 55.927 58.261 -1.0662 -0.032726
0.98142 38.231 77.56 55.845 58.289 -1.048 -0.035109
0.98133 38.306 77.371 55.769 58.325 -1.0305 -0.037758
0.98116 38.378 77.187 55.706 58.367 -1.015 -0.040491
0.98091 38.442 77.035 55.666 58.411 -1.0027 -0.043138
0.98062 38.498 76.943 55.654 58.452 -0.99466 -0.045552
0.98033 38.543 76.927 55.674 58.486 -0.99183 -0.047622
0.98007 38.575 76.997 55.728 58.512 -0.99477 -0.049276
0.97988 38.594 77.153 55.811 58.527 -1.0037 -0.050488
0.9798 38.601 77.383 55.919 58.531 -1.0185 -0.051271
0.97985 38.598 77.667 56.044 58.523 -1.0388 -0.051675
0.98004 38.587 77.977 56.178 58.505 -1.0635 -0.051777
0.98036 38.569 78.283 56.31 58.479 -1.0918 -0.051667
0.98079 38.55 78.552 56.432 58.448 -1.1222 -0.05144
0.9813 38.531 78.755 56.536 58.415 -1.1535 -0.051183
0.98185 38.516 78.873 56.614 58.382 -1.1843 -0.050963
0.9824 38.508 78.893 56.665 58.352 -1.2132 -0.050824
0.9829 38.509 78.814 56.686 58.327 -1.2393 -0.050783
0.9833 38.521 78.648 56.68 58.307 -1.2616 -0.050828
0.98356 38.543 78.412 56.653 58.294 -1.2796 -0.050924
0.98367 38.575 78.135 56.61 58.286 -1.2931 -0.051019
0.9836 38.617 77.847 56.559 58.283 -1.302 -0.051051
0.98336 38.666 77.58 56.511 58.284 -1.3067 -0.050958
0.98295 38.72 77.361 56.475 58.286 -1.3076 -0.050684
0.9824 38.776 77.213 56.457 58.289 -1.3055 -0.050186
0.98175 38.83 77.151 56.466 58.291 -1.301 -0.049438
0.98105 38.88 77.181 56.504 58.291 -1.2951 -0.048431
0.98033 38.923 77.3 56.574 58.287 -1.2884 -0.047172
0.97964 38.957 77.499 56.675 58.28 -1.2816 -0.045678
0.97904 38.979 77.765 56.803 58.268 -1.2754 -0.043973
0.97856 38.989 78.078 56.951 58.254 -1.2701 -0.042081
0.97823 38.986 78.422 57.112 58.236 -1.2661 -0.040021
0.97807 38.971 78.778 57.276 58.217 -1.2634 -0.037803
0.97807 38.944 79.13 57.432 58.197 -1.2621 -0.03543
0.97824 38.908 79.465 57.572 58.178 -1.262 -0.032892
0.97854 38.865 79.771 57.685 58.161 -1.2626 -0.03018
0.97896 38.819 80.04 57.765 58.148 -1.2637 -0.027283
0.97945 38.773 80.264 57.807 58.138 -1.2646 -0.024198
0.97998 38.731 80.44 57.807 58.133 -1.2648 -0.02094
0.98051 38.699 80.563 57.768 58.133 -1.2635 -0.017544
0.981 38.679 80.633 57.691 58.136 -1.26 -0.014072
0.98144 38.675 80.651 57.584 58.141 -1.2538 -0.010612
0.9818 38.69 80.619 57.452 58.147 -1.244 -0.0072779
0.98207 38.725 80.544 57.307 58.153 -1.2303 -0.0042032
0.98224 38.778 80.433 57.158 58.156 -1.2122 -0.0015317
0.98232 38.849 80.293 57.015 58.155 -1.1896 0.00059288
0.98232 38.934 80.135 56.889 58.151 -1.1624 0.0020391
0.98224 39.027 79.969 56.788 58.141 -1.131 0.0027001
0.98211 39.124 79.805 56.719 58.128 -1.0959 0.0025037
0.98195 39.218 79.652 56.686 58.112 -1.0579 0.001421
0.98177 39.303 79.519 56.69 58.094 -1.0181 -0.00052921
0.98159 39.375 79.416 56.73 58.076 -0.97777 -0.0032803
0.98142 39.428 79.35 56.803 58.059 -0.93827 -0.006721
0.98127 39.461 79.329 56.903 58.047 -0.90114 -0.010703
0.98114 39.473 79.358 57.022 58.039 -0.86787 -0.01505
0.98103 39.464 79.442 57.151 58.038 -0.83986 -0.019571
0.98094 39.438 79.581 57.281 58.044 -0.81835 -0.024071
0.98085 39.398 79.772 57.401 58.058 -0.80429 -0.028365
0.98076 39.349 80.009 57.502 58.079 -0.79834 -0.032283
0.98067 39.296 80.282 57.576 58.107 -0.80078 -0.035682
0.98058 39.243 80.575 57.617 58.141 -0.81149 -0.038444
0.98048 39.195 80.872 57.618 58.181 -0.82997 -0.040484
0.98039 39.153 81.154 57.579 58.224 -0.85535 -0.04174
0.98032 39.121 81.403 57.496 58.27 -0.88646 -0.042174
0.98028 39.097 81.601 57.372 58.316 -0.92185 -0.041765
0.98029 39.081 81.735 57.21 58.362 -0.95991 -0.040505
0.98036 39.072 81.796 57.013 58.404 -0.99895 -0.038394
0.9805 39.065 81.779 56.788 58.443 -1.0373 -0.035441
0.98072 39.06 81.684 56.539 58.475 -1.0733 -0.03166
0.98103 39.052 81.518 56.274 58.501 -1.1055 -0.027076
0.98141 39.041 81.289 55.999 58.518 -1.1326 -0.021729
0.98185 39.024 81.01 55.721 58.527 -1.1536 -0.015683
0.98235 39.002 80.696 55.445 58.526 -1.1679 -0.009025
0.98286 38.976 80.363 55.177 58.516 -1.1749 -0.0018811
0.98337 38.946 80.025 54.92 58.498 -1.1745 0.0055862
0.98385 38.916 79.698 54.68 58.473 -1.1668 0.013174
0.98427 38.887 79.393 54.459 58.442 -1.152 0.02064
0.98462 38.861 79.123 54.26 58.406 -1.1307 0.027711
0.98488 38.842 78.896 54.085 58.367 -1.1034 0.034093
0.98504 38.83 78.718 53.935 58.327 -1.0708 0.039483
0.98511 38.827 78.595 53.811 58.287 -1.0336 0.04359
0.98508 38.833 78.53 53.715 58.248 -0.99268 0.046149
0.98497 38.846 78.522 53.645 58.211 -0.94867 0.046945
0.98479 38.866 78.57 53.602 58.177 -0.90228 0.04583
0.98456 38.891 78.671 53.585 58.148 -0.85418 0.042737
0.98431 38.918 78.819 53.591 58.123 -0.805 0.037697
0.98405 38.946 79.006 53.621 58.103 -0.75535 0.030837
0.9838 38.97 79.224 53.67 58.089 -0.70586 0.022391
0.98358 38.988 79.462 53.736 58.081 -0.65719 0.012683
0.9834 38.995 79.709 53.815 58.08 -0.61007 0.0021225
0.98329 38.99 79.953 53.905 58.086 -0.56533 -0.0088181
0.98324 38.968 80.184 54.002 58.099 -0.52393 -0.019627
0.98326 38.927 80.393 54.101 58.12 -0.48692 -0.029781
0.98335 38.865 80.571 54.2 58.148 -0.45551 -0.038774
0.98349 38.781 80.713 54.294 58.184 -0.43097 -0.046147
0.98366 38.675 80.818 54.382 58.227 -0.41461 -0.051515
0.98383 38.551 80.886 54.462 58.277 -0.40772 -0.054594
0.98398 38.414 80.919 54.531 58.331 -0.41149 -0.055215
0.98407 38.273 80.924 54.589 58.391 -0.42688 -0.053335
0.98405 38.14 80.909 54.635 58.454 -0.45453 -0.049044
0.9839 38.028 80.882 54.67 58.519 -0.49466 -0.042557
0.98357 37.955 80.852 54.694 58.585 -0.54701 -0.034201
0.98307 37.939 80.829 54.709 58.65 -0.61071 -0.024396
0.98238 37.996 80.822 54.715 58.713 -0.6843 -0.013629
0.98153 38.143 80.835 54.714 58.773 -0.76569 -0.0024193
0.98054 38.395 80.871 54.706 58.828 -0.85224 0.008706
0.97948 38.759 80.93 54.693 58.878 -0.94086 0.019251
0.9784 39.239 81.006 54.677 58.923 -1.0281 0.028777
0.97738 39.832 81.089 54.658 58.961 -1.1104 0.03693
0.9765 40.527 81.168 54.637 58.993 -1.1842 0.043458
0.97583 41.306 81.226 54.617 59.02 -1.2463 0.048224
0.97544 42.145 81.25 54.599 59.043 -1.2939 0.05121
0.97534 43.018 81.225 54.586 59.061 -1.325 0.052507
0.97557 43.894 81.138 54.579 59.077 -1.3382 0.052311
0.97612 44.741 80.985 54.582 59.092 -1.3333 0.050895
0.97693 45.533 80.765 54.599 59.107 -1.3109 0.048592
0.97797 46.244 80.484 54.632 59.124 -1.2728 0.045759
0.97915 46.857 80.155 54.687 59.144 -1.2214 0.042758
0.9804 47.36 79.798 54.766 59.17 -1.1599 0.039921
0.98164 47.749 79.436 54.872 59.202 -1.0919 0.037529
0.9828 48.026 79.093 55.008 59.241 -1.0214 0.035795
0.98381 48.2 78.796 55.175 59.287 -0.9521 0.03485
0.98464 48.285 78.567 55.371 59.341 -0.88756 0.034739
0.98525 48.296 78.424 55.597 59.401 -0.8307 0.035424
0.98566 48.25 78.379 55.848 59.467 -0.78372 0.036796
0.98586 48.165 78.435 56.121 59.536 -0.74794 0.038689
0.98588 48.056 78.588 56.409 59.606 -0.72379 0.040902
0.98576 47.936 78.827 56.705 59.675 -0.71077 0.043223
0.98554 47.814 79.133 57.003 59.74 -0.70764 0.045452
0.98526 47.695 79.484 57.295 59.798 -0.71252 0.047425
0.98496 47.583 79.856 57.573 59.849 -0.72313 0.04903
0.98468 47.477 80.223 57.831 59.89 -0.73703 0.050225
0.98444 47.375 80.565 58.063 59.921 -0.75186 0.051038
0.98425 47.274 80.863 58.267 59.941 -0.76556 0.051575
0.98414 47.17 81.103 58.439 59.951 -0.77657 0.052006
0.98408 47.06 81.279 58.579 59.952 -0.78391 0.052554
0.98409 46.943 81.39 58.689 59.944 -0.78729 0.053476
0.98413 46.818 81.441 58.77 59.929 -0.78707 0.055039
0.98418 46.687 81.443 58.827 59.909 -0.78418 0.057495
0.98423 46.553 81.409 58.865 59.885 -0.77997 0.061055
0.98426 46.422 81.356 58.888 59.859 -0.77602 0.065869
0.98424 46.3 81.3 58.9 59.832 -0.77397 0.072007
0.98416 46.195 81.253 58.907 59.805 -0.77523 0.079443
0.98403 46.112 81.225 58.911 59.78 -0.78089 0.088054
0.98384 46.06 81.222 58.915 59.757 -0.79146 0.097618
0.98361 46.044 81.244 58.919 59.738 -0.80687 0.10782
0.98335 46.069 81.284 58.923 59.723 -0.82639 0.11829
0.98308 46.139 81.334 58.925 59.713 -0.84867 0.12859
0.98284 46.257 81.38 58.924 59.708 -0.87188 0.13827
0.98264 46.421 81.41 58.916 59.711 -0.89383 0.14689
0.98251 46.629 81.412 58.9 59.72 -0.91221 0.15403
0.98247 46.879 81.376 58.871 59.737 -0.92479 0.15936
0.98253 47.165 81.298 58.83 59.763 -0.92967 0.16263
0.98269 47.48 81.177 58.776 59.797 -0.92545 0.1637
0.98295 47.818 81.019 58.709 59.839 -0.9114 0.16255
0.98329 48.172 80.834 58.631 59.889 -0.88757 0.15928
0.98369 48.536 80.635 58.547 59.946 -0.85483 0.15413
0.98413 48.905 80.438 58.461 60.009 -0.81479 0.14743
0.98457 49.274 80.259 58.377 60.075 -0.76972 0.13957
0.985 49.642 80.114 58.304 60.142 -0.72238 0.13104
0.98537 50.008 80.015 58.245 60.208 -0.67581 0.1223
0.98568 50.37 79.971 58.206 60.271 -0.63305 0.11383
0.9859 50.729 79.984 58.192 60.327 -0.59695 0.10606
0.98604 51.086 80.054 58.207 60.375 -0.5699 0.09933
0.98608 51.44 80.173 58.251 60.413 -0.55367 0.093886
0.98604 51.792 80.328 58.324 60.44 -0.54924 0.089863
0.98592 52.138 80.503 58.426 60.455 -0.55675 0.087267
0.98575 52.476 80.679 58.552 60.458 -0.57548 0.08599
0.98555 52.804 80.836 58.699 60.449 -0.60393 0.085816
0.98533 53.115 80.954 58.86 60.431 -0.63994 0.086447
0.98512 53.406 81.018 59.03 60.404 -0.68086 0.08753
0.98493 53.67 81.014 59.201 60.372 -0.72377 0.088691
0.98477 53.903 80.936 59.369 60.336 -0.7657 0.089568
0.98465 54.099 80.784 59.527 60.3 -0.80388 0.08985
0.98458 54.256 80.562 59.67 60.265 -0.83592 0.089301
0.98454 54.37 80.282 59.796 60.234 -0.85998 0.087787
0.98453 54.441 79.957 59.901 60.208 -0.87491 0.085292
0.98453 54.469 79.605 59.984 60.189 -0.88026 0.081916
0.98453 54.456 79.242 60.045 60.178 -0.87637 0.077877
0.9845 54.407 78.884 60.084 60.174 -0.86421 0.073489
0.98445 54.328 78.543 60.104 60.177 -0.84535 0.069138
0.98435 54.226 78.229 60.106 60.188 -0.82177 0.065249
0.9842 54.107 77.947 60.094 60.204 -0.79568 0.06225
0.984 53.98 77.696 60.07 60.226 -0.76936 0.060528
0.98375 53.854 77.474 60.038 60.253 -0.74491 0.060399
0.98345 53.734 77.277 59.999 60.283 -0.72412 0.062069
0.98314 53.628 77.099 59.958 60.315 -0.70833 0.065614
0.98281 53.54 76.936 59.915 60.35 -0.69827 0.070966
0.98251 53.474 76.786 59.873 60.386 -0.69406 0.077908
0.98225 53.43 76.653 59.833 60.422 -0.6952 0.086085
0.98205 53.409 76.543 59.797 60.458 -0.7006 0.09503
0.98194 53.408 76.464 59.764 60.494 -0.70868 0.10419
0.98192 53.422 76.43 59.734 60.528 -0.71752 0.11298
0.98201 53.448 76.455 59.706 60.56 -0.72504 0.1208
0.98221 53.479 76.551 59.678 60.587 -0.72916 0.12711
0.9825 53.508 76.727 59.65 60.61 -0.72801 0.13148
0.98287 53.529 76.989 59.617 60.627 -0.72008 0.13359
0.98329 53.537 77.335 59.577 60.637 -0.70438 0.13329
0.98374 53.526 77.757 59.528 60.638 -0.68054 0.1306
0.9842 53.495 78.239 59.466 60.63 -0.64885 0.12571
0.98464 53.441 78.761 59.389 60.612 -0.61029 0.11897
0.98503 53.367 79.3 59.295 60.585 -0.56643 0.11088
0.98536 53.275 79.828 59.183 60.549 -0.51936 0.10203
0.98561 53.171 80.322 59.053 60.506 -0.47151 0.093056
0.98579 53.061 80.758 58.907 60.456 -0.42546 0.084601
0.98588 52.954 81.12 58.746 60.402 -0.38379 0.077263
0.98589 52.856 81.395 58.575 60.346 -0.3488 0.071547
0.98582 52.776 81.578 58.398 60.29 -0.32241 0.067826
0.98569 52.719 81.671 58.221 60.237 -0.30596 0.066319
0.9855 52.691 81.678 58.051 60.19 -0.30013 0.067073
0.98528 52.693 81.61 57.893 60.149 -0.30489 0.069966
0.98504 52.725 81.478 57.753 60.118 -0.31951 0.074723
0.9848 52.785 81.297 57.637 60.097 -0.34266 0.080938
0.98457 52.868 81.078 57.55 60.088 -0.37248 0.088112
0.98436 52.967 80.831 57.494 60.091 -0.40682 0.0957
0.9842 53.074 80.567 57.47 60.108 -0.44338 0.10315
0.98409 53.181 80.29 57.478 60.137 -0.47995 0.10996
0.98403 53.28 80.005 57.515 60.178 -0.51456 0.11569
0.98404 53.364 79.716 57.578 60.231 -0.54568 0.12003
0.98411 53.427 79.427 57.661 60.293 -0.57234 0.1228
0.98423 53.466 79.143 57.758 60.362 -0.59418 0.12397
0.98441 53.478 78.869 57.861 60.435 -0.61146 0.12365
0.98462 53.464 78.614 57.965 60.509 -0.62498 0.12206
0.98487 53.427 78.389 58.061 60.581 -0.63602 0.11956
0.98512 53.369 78.202 58.145 60.646 -0.64608 0.11654
0.98536 53.298 78.067 58.211 60.701 -0.65679 0.11346
0.98558 53.218 77.99 58.255 60.744 -0.66958 0.11075
0.98576 53.137 77.979 58.277 60.771 -0.68557 0.10879
0.98588 53.061 78.036 58.277 60.782 -0.70533 0.10791
0.98592 52.995 78.159 58.256 60.775 -0.72879 0.1083
0.98587 52.944 78.339 58.218 60.752 -0.75512 0.11004
0.98572 52.909 78.564 58.168 60.715 -0.78278 0.11308
0.98548 52.891 78.816 58.112 60.666 -0.80957 0.11723
0.98514 52.889 79.075 58.057 60.609 -0.83279 0.12218
0.98472 52.898 79.32 58.009 60.548 -0.84943 0.12754
0.98423 52.915 79.528 57.977 60.489 -0.85646 0.13285
0.98369 52.932 79.681 57.966 60.436 -0.85109 0.13762
0.98314 52.945 79.762 57.983 60.393 -0.83105 0.14139
0.98259 52.947 79.763 58.032 60.364 -0.79487 0.14373
0.98208 52.933 79.683 58.116 60.352 -0.74203 0.14429
0.98163 52.9 79.529 58.239 60.36 -0.67318 0.14284
0.98127 52.846 79.316 58.399 60.387 -0.59011 0.1393
0.98102 52.772 79.07 58.595 60.434 -0.49577 0.13372
0.98088 52.681 78.821 58.825 60.499 -0.39408 0.12628
0.98085 52.575 78.604 59.081 60.579 -0.28977 0.11734
0.98093 52.462 78.458 59.358 60.671 -0.18804 0.10734
0.98109 52.348 78.417 59.648 60.77 -0.094239 0.096834
0.98133 52.238 78.511 59.94 60.872 -0.01348 0.086441
0.98161 52.14 78.76 60.224 60.972 0.049698 0.076789
0.98192 52.058 79.173 60.489 61.064 0.091675 0.068498
0.98223 51.996 79.744 60.724 61.145 0.11002 0.062125
0.98253 51.957 80.452 60.919 61.209 0.1037 0.05814
0.9828 51.941 81.265 61.064 61.254 0.073149 0.056884
0.98305 51.948 82.135 61.149 61.277 0.020281 0.058551
0.98326 51.975 83.009 61.17 61.278 -0.051613 0.063171
0.98345 52.018 83.829 61.121 61.256 -0.13807 0.070605
0.98362 52.074 84.537 60.999 61.211 -0.23376 0.080549
0.98378 52.138 85.084 60.806 61.146 -0.33278 0.09255
0.98394 52.206 85.431 60.544 61.064 -0.4291 0.10603
0.98412 52.274 85.553 60.217 60.967 -0.51689 0.12032
0.98433 52.339 85.443 59.834 60.861 -0.59094 0.1347
0.98457 52.399 85.114 59.402 60.749 -0.64695 0.14845
0.98485 52.452 84.592 58.932 60.637 -0.68183 0.16086
0.98516 52.499 83.921 58.435 60.528 -0.69383 0.17132
0.9855 52.54 83.151 57.921 60.429 -0.68268 0.17934
0.98586 52.575 82.34 57.401 60.341 -0.64954 0.18457
0.98622 52.605 81.541 56.884 60.27 -0.59693 0.18684
0.98656 52.633 80.803 56.379 60.217 -0.5285 0.18615
0.98686 52.658 80.166 55.893 60.183 -0.44879 0.18268
0.98712 52.681 79.656 55.431 60.169 -0.36295 0.1768
0.98731 52.703 79.283 54.997 60.174 -0.27634 0.16898
0.98742 52.724 79.046 54.594 60.197 -0.19421 0.15984
0.98745 52.743 78.934 54.222 60.236 -0.12136 0.15003
0.9874 52.758 78.923 53.881 60.286 -0.061863 0.14025
0.98726 52.771 78.986 53.57 60.346 -0.01881 0.13114
0.98704 52.78 79.094 53.289 60.41 0.0058456 0.12328
0.98676 52.784 79.217 53.036 60.475 0.01138 0.11715
0.98643 52.785 79.33 52.809 60.539 -0.0017051 0.11307
0.98606 52.782 79.411 52.609 60.597 -0.031757 0.11121
0.98567 52.776 79.444 52.436 60.65 -0.076124 0.11156
0.98528 52.769 79.419 52.291 60.694 -0.13137 0.11397
0.98491 52.762 79.333 52.176 60.731 -0.19354 0.11813
0.98456 52.757 79.186 52.094 60.761 -0.25841 0.12362
0.98425 52.753 78.987 52.05 60.784 -0.32183 0.12994
0.98399 52.753 78.743 52.046 60.803 -0.37996 0.13655
0.98378 52.757 78.467 52.089 60.82 -0.42954 0.1429
0.98361 52.764 78.173 52.183 60.837 -0.46807 0.1485
0.98348 52.774 77.875 52.332 60.857 -0.494 0.15292
0.98338 52.785 77.585 52.542 60.88 -0.50674 0.15585
0.98331 52.796 77.316 52.816 60.908 -0.50672 0.15709
0.98324 52.806 77.078 53.155 60.94 -0.49533 0.15658
0.98317 52.813 76.881 53.562 60.976 -0.47477 0.15439
0.98309 52.815 76.732 54.035 61.014 -0.4479 0.1507
0.98298 52.813 76.637 54.57 61.051 -0.41799 0.1458
0.98284 52.807 76.603 55.164 61.086 -0.38854 0.14006
0.98267 52.797 76.635 55.809 61.113 -0.36297 0.13387
0.98247 52.784 76.739 56.495 61.131 -0.34443 0.12765
0.98226 52.77 76.919 57.211 61.136 -0.33552 0.1218
0.98203 52.757 77.182 57.942 61.127 -0.33819 0.11665
0.98182 52.747 77.531 58.673 61.102 -0.35354 0.11247
0.98162 52.74 77.968 59.388 61.061 -0.3818 0.10946
0.98146 52.739 78.493 60.07 61.006 -0.42228 0.10769
0.98136 52.743 79.101 60.703 60.937 -0.47347 0.10717
0.98132 52.751 79.783 61.269 60.86 -0.5331 0.10779
0.98135 52.761 80.527 61.755 60.777 -0.59836 0.10938
0.98145 52.772 81.313 62.15 60.694 -0.66603 0.11171
0.98162 52.779 82.117 62.444 60.615 -0.73279 0.11452
0.98185 52.781 82.912 62.633 60.545 -0.79537 0.11752
0.98212 52.773 83.667 62.716 60.489 -0.85082 0.12046
0.98242 52.753 84.35 62.696 60.448 -0.89669 0.1231
0.98274 52.718 84.932 62.58 60.425 -0.93121 0.12526
0.98304 52.667 85.386 62.381 60.42 -0.95337 0.12681
0.98333 52.599 85.693 62.112 60.431 -0.96298 0.12772
0.98357 52.515 85.843 61.791 60.457 -0.9607 0.12799
0.98375 52.416 85.835 61.436 60.493 -0.94791 0.12771
0.98385 52.306 85.679 61.065 60.535 -0.92665 0.12699
0.98388 52.188 85.394 60.697 60.579 -0.89941 0.12601
0.98382 52.065 85.009 60.348 60.62 -0.86895 0.12494
0.98367 51.941 84.557 60.031 60.655 -0.83813 0.12396
0.98343 51.82 84.074 59.755 60.682 -0.80962 0.12322
0.98311 51.704 83.598 59.526 60.697 -0.78576 0.12285
0.98272 51.595 83.161 59.344 60.701 -0.76838 0.1229
0.98229 51.495 82.791 59.206 60.694 -0.75867 0.12339
0.98184 51.404 82.505 59.104 60.677 -0.7571 0.12426
0.9814 51.322 82.311 59.028 60.652 -0.76342 0.12543
0.98101 51.247 82.207 58.966 60.619 -0.77666 0.12673
0.98068 51.179 82.178 58.901 60.583 -0.79523 0.12798
0.98046 51.117 82.204 58.822 60.543 -0.81706 0.12899
0.98037 51.059 82.255 58.715 60.502 -0.83974 0.12956
0.98043 51.007 82.299 58.57 60.459 -0.86069 0.1295
0.98065 50.96 82.305 58.379 60.414 -0.87739 0.12869
0.98102 50.919 82.242 58.138 60.367 -0.88751 0.12702
0.98153 50.886 82.089 57.847 60.316 -0.88909 0.12448
0.98217 50.861 81.832 57.51 60.261 -0.88068 0.12109
0.9829 50.848 81.468 57.134 60.2 -0.86138 0.11693
0.98369 50.846 81.004 56.727 60.132 -0.83096 0.11215
0.98449 50.856 80.458 56.302 60.057 -0.78977 0.10692
0.98526 50.88 79.858 55.869 59.975 -0.73876 0.10145
0.98597 50.916 79.235 55.439 59.887 -0.6794 0.095948
0.98658 50.964 78.626 55.023 59.793 -0.61353 0.090599
0.98706 51.022 78.067 54.629 59.697 -0.54327 0.085571
0.9874 51.088 77.591 54.261 59.6 -0.47087 0.080991
0.9876 51.16 77.225 53.921 59.506 -0.39858 0.076938
0.98765 51.235 76.991 53.609 59.417 -0.32854 0.073439
0.98757 51.313 76.901 53.321 59.337 -0.26269 0.070479
0.98737 51.39 76.958 53.053 59.269 -0.20266 0.068004
0.98707 51.466 77.158 52.797 59.215 -0.14977 0.065938
0.98672 51.539 77.487 52.548 59.176 -0.10498 0.064194
0.98632 51.61 77.927 52.3 59.154 -0.068912 0.062699
0.98591 51.677 78.452 52.049 59.149 -0.041895 0.061399
0.98552 51.74 79.034 51.794 59.16 -0.023984 0.060281
0.98516 51.798 79.643 51.536 59.187 -0.015028 0.059374
0.98485 51.851 80.249 51.28 59.228 -0.014711 0.058755
0.98462 51.897 80.823 51.034 59.28 -0.02261 0.058543
0.98446 51.936 81.341 50.809 59.343 -0.038221 0.058891
0.9844 51.967 81.78 50.616 59.413 -0.06099 0.059971
0.98443 51.987 82.125 50.47 59.488 -0.090322 0.061951
0.98456 51.997 82.367 50.384 59.567 -0.12558 0.064979
0.98477 51.995 82.504 50.369 59.647 -0.16609 0.069161
0.98506 51.982 82.54 50.436 59.726 -0.21112 0.074544
0.98542 51.958 82.488 50.59 59.803 -0.25987 0.081098
0.98582 51.924 82.366 50.834 59.876 -0.31148 0.088715
0.98625 51.881 82.195 51.166 59.946 -0.36503 0.097204
0.98666 51.831 82.002 51.578 60.011 -0.41957 0.1063
0.98704 51.777 81.812 52.059 60.073 -0.47412 0.11566
0.98735 51.722 81.647 52.594 60.131 -0.52774 0.12493
0.98755 51.667 81.525 53.165 60.187 -0.57954 0.1337
0.98761 51.616 81.459 53.754 60.242 -0.62876 0.14158
0.98752 51.57 81.451 54.339 60.299 -0.67476 0.14821
0.98725 51.532 81.498 54.903 60.357 -0.71709 0.15329
0.9868 51.504 81.587 55.429 60.419 -0.7555 0.15657
0.98617 51.485 81.703 55.904 60.484 -0.7899 0.15791
0.98537 51.477 81.826 56.319 60.554 -0.8204 0.15724
0.98444 51.48 81.936 56.669 60.626 -0.84727 0.15462
0.98341 51.494 82.016 56.955 60.7 -0.87087 0.15016
0.98233 51.517 82.053 57.181 60.773 -0.89163 0.14407
0.98124 51.549 82.04 57.355 60.841 -0.90999 0.13662
0.98022 51.588 81.976 57.489 60.903 -0.92636 0.12813
0.97931 51.633 81.865 57.595 60.953 -0.94104 0.11894
0.97857 51.683 81.716 57.686 60.989 -0.95426 0.10938
0.97802 51.735 81.54 57.775 61.008 -0.96608 0.099775
0.9777 51.787 81.35 57.873 61.007 -0.97643 0.090423
0.97761 51.839 81.158 57.987 60.986 -0.9851 0.081571
0.97775 51.887 80.973 58.123 60.944 -0.99175 0.073417
0.9781 51.931 80.801 58.28 60.882 -0.99597 0.066103
0.97861 51.969 80.648 58.457 60.803 -0.99723 0.059719
0.97925 51.999 80.513 58.645 60.709 -0.99503 0.054309
0.97997 52.02 80.399 58.837 60.605 -0.98883 0.049874
0.98073 52.032 80.303 59.019 60.494 -0.97817 0.046391
0.98148 52.033 80.226 59.18 60.381 -0.96263 0.043819
0.98219 52.023 80.168 59.307 60.271 -0.94196 0.042109
0.98284 52.002 80.131 59.387 60.169 -0.91601 0.041219
0.98341 51.971 80.116 59.412 60.078 -0.88484 0.041121
0.98389 51.929 80.127 59.372 60.002 -0.84871 0.0418
0.98428 51.877 80.162 59.266 59.945 -0.80808 0.043263
0.98458 51.818 80.222 59.093 59.908 -0.76369 0.045533
0.98478 51.752 80.3 58.857 59.893 -0.71651 0.048644
0.98491 51.681 80.39 58.565 59.9 -0.66775 0.052635
0.98495 51.607 80.478 58.23 59.928 -0.61884 0.057538
0.98493 51.533 80.55 57.863 59.976 -0.57142 0.063369
0.98484 51.462 80.59 57.481 60.041 -0.52722 0.070117
0.98469 51.396 80.581 57.1 60.12 -0.48807 0.07773
0.9845 51.338 80.512 56.734 60.209 -0.45576 0.086113
0.98426 51.291 80.374 56.399 60.303 -0.43194 0.095118
0.984 51.256 80.167 56.105 60.397 -0.41804 0.10454
0.98373 51.236 79.898 55.862 60.485 -0.41512 0.11414
0.98345 51.231 79.583 55.675 60.563 -0.4238 0.1236
0.98319 51.243 79.245 55.545 60.625 -0.44418 0.13258
0.98297 51.269 78.914 55.467 60.668 -0.47577 0.14074
0.98279 51.308 78.622 55.436 60.69 -0.51746 0.14768
0.98267 51.356 78.401 55.44 60.687 -0.5676 0.15306
0.98262 51.41 78.28 55.465 60.661 -0.62397 0.15653
0.98264 51.463 78.282 55.498 60.612 -0.68399 0.15781
0.98274 51.511 78.419 55.521 60.544 -0.74479 0.15668
0.98291 51.547 78.692 55.52 60.458 -0.80342 0.153
0.98314 51.567 79.09 55.481 60.361 -0.85701 0.14674
0.98342 51.567 79.587 55.393 60.257 -0.90303 0.13796
0.98374 51.543 80.148 55.25 60.151 -0.93939 0.12683
0.98406 51.494 80.727 55.047 60.049 -0.96463 0.11366
0.98438 51.422 81.273 54.788 59.955 -0.97806 0.098816
0.98467 51.328 81.735 54.48 59.873 -0.97976 0.082784
0.98492 51.217 82.065 54.132 59.805 -0.97061 0.066105
0.98511 51.094 82.224 53.761 59.752 -0.95221 0.049364
0.98524 50.968 82.184 53.384 59.715 -0.9268 0.033165
0.9853 50.845 81.935 53.022 59.691 -0.89702 0.018094
0.9853 50.734 81.483 52.694 59.679 -0.86575 0.004694
0.98525 50.64 80.848 52.419 59.676 -0.83587 -0.006565
0.98516 50.572 80.069 52.217 59.679 -0.81004 -0.015312
0.98504 50.533 79.195 52.099 59.685 -0.79046 -0.021292
0.98491 50.527 78.283 52.075 59.692 -0.77873 -0.024383
0.98478 50.554 77.392 52.15 59.697 -0.77571 -0.024598
0.98466 50.613 76.579 52.323 59.7 -0.78146 -0.022083
0.98456 50.701 75.896 52.586 59.701 -0.79523 -0.017104
0.98448 50.812 75.382 52.929 59.701 -0.81556 -0.010034
0.98444 50.941 75.062 53.336 59.7 -0.84038 -0.0013222
0.98442 51.08 74.947 53.787 59.701 -0.86718 0.0085318
0.98443 51.221 75.029 54.262 59.705 -0.89326 0.01901
0.98446 51.356 75.286 54.739 59.715 -0.91589 0.029608
0.98452 51.478 75.682 55.198 59.731 -0.93258 0.039867
0.9846 51.579 76.173 55.62 59.755 -0.94125 0.049394
0.98469 51.655 76.706 55.99 59.786 -0.94038 0.057888
0.9848 51.703 77.232 56.296 59.824 -0.92916 0.065153
0.98492 51.721 77.703 56.533 59.869 -0.90749 0.0711
0.98506 51.709 78.08 56.697 59.917 -0.87601 0.075749
0.9852 51.67 78.335 56.793 59.969 -0.83604 0.079215
0.98535 51.609 78.452 56.828 60.021 -0.78943 0.081701
0.9855 51.531 78.43 56.812 60.071 -0.73849 0.083467
0.98564 51.445 78.278 56.758 60.119 -0.68571 0.084817
0.98578 51.359 78.015 56.681 60.163 -0.63368 0.086065
0.98589 51.285 77.668 56.596 60.201 -0.58486 0.087516
0.98596 51.233 77.266 56.517 60.235 -0.54141 0.089444
0.986 51.213 76.839 56.456 60.264 -0.50511 0.092071
0.98598 51.237 76.416 56.422 60.288 -0.47719 0.095556
0.98589 51.311 76.018 56.423 60.31 -0.45836 0.099986
0.98573 51.444 75.663 56.459 60.33 -0.44872 0.10537
0.98549 51.639 75.362 56.531 60.35 -0.44784 0.11166
0.98518 51.898 75.12 56.634 60.37 -0.4548 0.11874
0.9848 52.218 74.934 56.761 60.392 -0.46827 0.12642
0.98437 52.594 74.801 56.903 60.417 -0.48666 0.13451
0.98391 53.016 74.712 57.05 60.444 -0.50817 0.14278
0.98345 53.471 74.658 57.191 60.472 -0.53094 0.15099
0.98301 53.944 74.633 57.315 60.501 -0.55318 0.15892
0.98263 54.42 74.629 57.414 60.53 -0.57323 0.16635
0.98234 54.881 74.645 57.482 60.557 -0.58964 0.1731
0.98217 55.312 74.681 57.513 60.581 -0.60122 0.17902
0.98212 55.699 74.741 57.507 60.6 -0.60707 0.18398
0.9822 56.031 74.831 57.464 60.612 -0.60659 0.18788
0.98242 56.301 74.958 57.39 60.618 -0.59945 0.19066
0.98275 56.505 75.127 57.289 60.616 -0.58557 0.19227
0.98318 56.644 75.343 57.171 60.607 -0.56506 0.19265
0.98368 56.72 75.604 57.045 60.591 -0.53819 0.19178
0.98421 56.739 75.904 56.918 60.57 -0.50533 0.18963
0.98475 56.71 76.234 56.801 60.545 -0.46692 0.18617
0.98524 56.642 76.579 56.699 60.518 -0.42343 0.18137
0.98567 56.543 76.922 56.621 60.49 -0.37533 0.17521
0.98601 56.421 77.245 56.568 60.464 -0.32312 0.16766
0.98623 56.286 77.531 56.542 60.441 -0.26728 0.15873
0.98633 56.141 77.766 56.543 60.424 -0.20835 0.14845
0.9863 55.992 77.938 56.569 60.414 -0.14692 0.13688
0.98615 55.841 78.042 56.614 60.411 -0.083646 0.12412
0.98589 55.691 78.073 56.673 60.417 -0.019297 0.11031
0.98554 55.542 78.035 56.741 60.431 0.045238 0.095662
0.98513 55.394 77.929 56.811 60.454 0.10895 0.080412
0.98468 55.249 77.762 56.879 60.484 0.17073 0.064852
0.98424 55.106 77.54 56.938 60.521 0.22938 0.049303
0.98383 54.968 77.269 56.987 60.563 0.28369 0.034111
0.98348 54.834 76.957 57.022 60.608 0.33247 0.019625
0.98322 54.708 76.612 57.044 60.655 0.37462 0.0061858
0.98305 54.589 76.242 57.053 60.702 0.40924 -0.0058953
0.98299 54.48 75.859 57.052 60.747 0.43565 -0.016354
0.98303 54.38 75.473 57.042 60.788 0.45346 -0.024986
0.98316 54.289 75.1 57.026 60.823 0.46264 -0.031661
0.98338 54.206 74.755 57.009 60.853 0.46347 -0.03633
0.98365 54.128 74.452 56.992 60.876 0.45658 -0.039029
0.98396 54.051 74.207 56.977 60.892 0.44287 -0.039871
0.98428 53.973 74.035 56.967 60.9 0.42346 -0.039045
0.98459 53.889 73.946 56.963 60.901 0.39957 -0.036798
0.98486 53.797 73.947 56.965 60.895 0.37246 -0.033418
0.98507 53.695 74.043 56.973 60.884 0.34326 -0.029214
0.98521 53.584 74.23 56.986 60.866 0.31289 -0.024495
0.98526 53.465 74.503 57.006 60.844 0.28199 -0.019546
0.98521 53.341 74.848 57.031 60.818 0.25083 -0.014611
0.98505 53.217 75.246 57.062 60.789 0.21928 -0.0098778
0.98477 53.1 75.676 57.1 60.755 0.18687 -0.0054626
0.98438 52.997 76.111 57.147 60.719 0.15282 -0.0014096
0.98385 52.915 76.525 57.204 60.68 0.11614 0.0023095
0.9832 52.86 76.892 57.275 60.638 0.075767 0.0057871
0.98243 52.839 77.187 57.361 60.594 0.030751 0.0091665
0.98154 52.853 77.395 57.465 60.547 -0.01961 0.012623
0.98057 52.906 77.503 57.589 60.499 -0.075596 0.016343
0.97954 52.995 77.512 57.736 60.451 -0.13693 0.020501
0.97849 53.117 77.429 57.904 60.402 -0.20268 0.025239
0.97748 53.266 77.271 58.094 60.355 -0.27123 0.030646
0.97657 53.435 77.065 58.301 60.311 -0.34027 0.036747
0.97582 53.614 76.84 58.523 60.272 -0.4069 0.043491
0.97528 53.793 76.632 58.753 60.238 -0.4678 0.050751
0.97502 53.964 76.474 58.983 60.212 -0.51938 0.058332
0.97506 54.118 76.396 59.206 60.194 -0.55807 0.065978
0.97542 54.246 76.42 59.411 60.186 -0.58057 0.073398
0.9761 54.344 76.559 59.588 60.187 -0.58413 0.080277
0.97705 54.407 76.814 59.728 60.198 -0.56681 0.086312
0.97824 54.435 77.172 59.822 60.217 -0.52765 0.091225
0.97959 54.427 77.609 59.862 60.243 -0.46689 0.094796
0.98102 54.385 78.09 59.842 60.273 -0.38598 0.096873
0.98244 54.313 78.574 59.756 60.304 -0.2876 0.097392
0.98377 54.215 79.017 59.604 60.332 -0.17555 0.096379
0.98493 54.094 79.379 59.386 60.354 -0.054585 0.09395
0.98586 53.955 79.625 59.105 60.367 0.06987 0.090307
0.98653 53.8 79.733 58.767 60.367 0.19201 0.085717
0.9869 53.633 79.695 58.378 60.353 0.30603 0.080501
0.98698 53.455 79.521 57.948 60.324 0.40642 0.074999
0.98678 53.268 79.231 57.487 60.28 0.4884 0.069555
0.98634 53.075 78.862 57.006 60.222 0.54815 0.064483
0.9857 52.875 78.457 56.514 60.154 0.58307 0.060049
0.98493 52.673 78.063 56.022 60.078 0.59197 0.056445
0.98408 52.47 77.726 55.539 59.999 0.57511 0.053779
0.98323 52.272 77.486 55.073 59.92 0.53418 0.052067
0.98243 52.081 77.372 54.629 59.848 0.47218 0.051227
0.98175 51.906 77.402 54.212 59.784 0.39323 0.051092
0.98123 51.752 77.58 53.825 59.733 0.30228 0.051418
0.9809 51.628 77.899 53.469 59.697 0.20476 0.051907
0.98079 51.539 78.338 53.143 59.676 0.10627 0.052227
0.98089 51.495 78.871 52.847 59.672 0.012212 0.05204
0.98119 51.501 79.465 52.579 59.683 -0.07256 0.051029
0.98167 51.563 80.082 52.337 59.708 -0.14399 0.048922
0.98227 51.683 80.687 52.119 59.746 -0.19908 0.045517
0.98297 51.862 81.246 51.927 59.793 -0.23595 0.040696
0.9837 52.097 81.728 51.759 59.847 -0.254 0.034438
0.98442 52.383 82.107 51.617 59.906 -0.25378 0.026822
0.98508 52.711 82.366 51.505 59.968 -0.23692 0.018026
0.98565 53.069 82.492 51.426 60.03 -0.20596 0.0083142
0.9861 53.445 82.483 51.386 60.091 -0.16408 -0.001981
0.98642 53.825 82.342 51.39 60.149 -0.11489 -0.01248
0.9866 54.192 82.082 51.444 60.203 -0.06209 -0.022785
0.98666 54.534 81.723 51.553 60.252 -0.0092746 -0.032507
0.9866 54.839 81.291 51.722 60.295 0.04034 -0.041295
0.98646 55.097 80.816 51.954 60.333 0.084093 -0.048864
0.98626 55.302 80.331 52.252 60.366 0.12001 -0.055016
0.98602 55.453 79.867 52.612 60.392 0.14687 -0.059658
0.98578 55.549 79.455 53.033 60.414 0.16422 -0.062809
0.98555 55.596 79.118 53.507 60.43 0.17233 -0.064602
0.98534 55.6 78.873 54.025 60.442 0.17208 -0.065275
0.98517 55.571 78.728 54.577 60.449 0.16484 -0.065158
0.98504 55.517 78.683 55.148 60.453 0.1523 -0.06464
0.98493 55.45 78.727 55.724 60.453 0.13632 -0.064148
0.98483 55.38 78.844 56.289 60.45 0.11872 -0.064107
0.98473 55.316 79.013 56.827 60.444 0.10118 -0.064904
0.98461 55.264 79.21 57.323 60.435 0.08511 -0.066854
0.98444 55.23 79.409 57.764 60.423 0.071533 -0.070168
0.9842 55.216 79.587 58.139 60.408 0.061057 -0.074928
0.9839 55.225 79.725 58.44 60.391 0.053853 -0.081072
0.98351 55.255 79.807 58.663 60.373 0.049674 -0.088386
0.98305 55.304 79.825 58.809 60.355 0.047904 -0.096514
0.98251 55.369 79.777 58.879 60.338 0.047638 -0.10497
0.98193 55.445 79.666 58.883 60.322 0.04777 -0.11319
0.98132 55.527 79.499 58.831 60.31 0.0471 -0.12052
0.98072 55.611 79.289 58.738 60.303 0.044439 -0.12633
0.98016 55.693 79.049 58.618 60.301 0.038711 -0.13
0.97967 55.768 78.794 58.49 60.305 0.029047 -0.13102
0.97929 55.832 78.537 58.372 60.316 0.014865 -0.12901
0.97904 55.881 78.289 58.281 60.333 -0.0040736 -0.12375
0.97894 55.914 78.06 58.232 60.354 -0.027628 -0.11523
0.97901 55.928 77.854 58.237 60.379 -0.055263 -0.10366
0.97924 55.922 77.676 58.306 60.404 -0.086065 -0.08945
0.97962 55.895 77.526 58.444 60.429 -0.11878 -0.073216
0.98014 55.848 77.405 58.651 60.449 -0.15187 -0.055725
0.98076 55.782 77.313 58.923 60.463 -0.18363 -0.037864
0.98145 55.698 77.251 59.251 60.468 -0.21224 -0.020575
0.98216 55.599 77.221 59.62 60.463 -0.23594 -0.0047969
0.98287 55.487 77.228 60.015 60.447 -0.2531 0.0086034
0.98354 55.366 77.278 60.415 60.421 -0.26239 0.018891
0.98412 55.24 77.376 60.797 60.385 -0.26286 0.025517
0.98461 55.111 77.527 61.139 60.341 -0.25405 0.028165
0.98498 54.984 77.734 61.419 60.291 -0.23607 0.026772
0.98524 54.862 77.995 61.617 60.238 -0.20962 0.021545
0.98537 54.749 78.302 61.714 60.185 -0.17598 0.012949
0.98538 54.647 78.641 61.699 60.135 -0.13701 0.0016804
0.9853 54.559 78.993 61.564 60.09 -0.09502 -0.011374
0.98514 54.488 79.33 61.305 60.051 -0.052674 -0.025197
0.98493 54.434 79.625 60.927 60.02 -0.012844 -0.038701
0.98468 54.399 79.846 60.44 59.998 0.021569 -0.050804
0.98443 54.383 79.966 59.86 59.983 0.047814 -0.060499
0.9842 54.383 79.961 59.206 59.977 0.063466 -0.066919
0.98402 54.399 79.818 58.505 59.976 0.066588 -0.069394
0.9839 54.427 79.532 57.782 59.981 0.055864 -0.067494
0.98386 54.464 79.111 57.066 59.989 0.030693 -0.061054
0.98392 54.508 78.574 56.386 59.999 -0.0087637 -0.050189
0.98407 54.555 77.951 55.766 60.01 -0.061582 -0.035278
0.9843 54.602 77.279 55.229 60.02 -0.12613 -0.016945
0.98461 54.649 76.601 54.793 60.031 -0.20018 0.003988
0.98496 54.693 75.961 54.469 60.041 -0.281 0.026548
0.98533 54.735 75.402 54.263 60.051 -0.36559 0.049677
0.98567 54.775 74.958 54.175 60.062 -0.45082 0.072293
0.98593 54.815 74.658 54.197 60.074 -0.53359 0.093359
0.98607 54.855 74.518 54.317 60.089 -0.61108 0.11194
0.98603 54.897 74.543 54.518 60.107 -0.6808 0.12724
0.98577 54.94 74.727 54.78 60.129 -0.7408 0.13868
0.98525 54.986 75.051 55.08 60.155 -0.78966 0.14589
0.98446 55.033 75.488 55.398 60.186 -0.82656 0.14872
0.9834 55.082 76.005 55.711 60.221 -0.85127 0.14726
0.98208 55.129 76.566 56.001 60.26 -0.86406 0.1418
0.98056 55.174 77.13 56.252 60.3 -0.86565 0.13281
0.97889 55.216 77.663 56.455 60.341 -0.85708 0.12092
0.97717 55.252 78.131 56.603 60.38 -0.83961 0.10683
0.9755 55.283 78.512 56.694 60.416 -0.81459 0.091295
0.97398 55.307 78.787 56.732 60.447 -0.78335 0.07509
0.97272 55.327 78.949 56.723 60.472 -0.74715 0.058934
0.9718 55.341 78.998 56.677 60.489 -0.70709 0.043476
0.9713 55.353 78.939 56.606 60.498 -0.66409 0.02926
0.97127 55.361 78.788 56.522 60.5 -0.61892 0.016707
0.97171 55.368 78.56 56.436 60.494 -0.57217 0.0061105
0.97261 55.374 78.275 56.359 60.482 -0.52437 -0.0023665
0.9739 55.378 77.953 56.3 60.467 -0.47597 -0.0086791
0.97549 55.379 77.614 56.265 60.449 -0.42748 -0.012885
0.97729 55.376 77.274 56.257 60.432 -0.37943 -0.015124
0.97917 55.366 76.949 56.276 60.417 -0.33247 -0.015592
0.98102 55.348 76.647 56.32 60.407 -0.28738 -0.014521
0.98272 55.321 76.376 56.384 60.403 -0.24501 -0.012152
0.98419 55.286 76.137 56.462 60.407 -0.2063 -0.0087217
0.98535 55.243 75.927 56.547 60.42 -0.17222 -0.0044461
0.98615 55.197 75.74 56.632 60.441 -0.14366 0.00048829
0.98659 55.151 75.568 56.711 60.472 -0.12139 0.0059266
0.98667 55.111 75.402 56.777 60.511 -0.10595 0.011744
0.98643 55.084 75.232 56.828 60.556 -0.097627 0.01784
0.98591 55.074 75.052 56.86 60.607 -0.09634 0.024128
0.98518 55.088 74.856 56.874 60.661 -0.10166 0.030525
0.98432 55.126 74.646 56.872 60.716 -0.11277 0.036943
0.9834 55.19 74.424 56.856 60.769 -0.12853 0.043276
0.98249 55.278 74.197 56.83 60.819 -0.14752 0.049396
0.98167 55.385 73.975 56.801 60.865 -0.1681 0.055151
0.98097 55.503 73.768 56.774 60.903 -0.18855 0.060363
0.98045 55.624 73.589 56.754 60.935 -0.20717 0.064842
0.98011 55.74 73.447 56.747 60.96 -0.22239 0.068389
0.97999 55.841 73.351 56.757 60.978 -0.23288 0.070817
0.98006 55.921 73.308 56.786 60.99 -0.23765 0.071966
0.98031 55.974 73.321 56.837 60.998 -0.23612 0.071719
0.98071 55.997 73.392 56.909 61.003 -0.22815 0.070025
0.98122 55.988 73.518 57.002 61.005 -0.21406 0.066911
0.98181 55.95 73.697 57.113 61.007 -0.19458 0.06249
0.98242 55.885 73.921 57.238 61.009 -0.17077 0.056969
0.98302 55.799 74.181 57.373 61.01 -0.14399 0.050645
0.98356 55.696 74.468 57.514 61.011 -0.11572 0.043895
0.98402 55.584 74.769 57.654 61.012 -0.087463 0.037157
0.98437 55.467 75.072 57.789 61.012 -0.06063 0.030907
0.9846 55.351 75.365 57.915 61.011 -0.036399 0.025629
0.98469 55.24 75.638 58.025 61.009 -0.015627 0.02178
0.98465 55.137 75.881 58.118 61.007 0.0012249 0.019759
0.98448 55.046 76.089 58.191 61.004 0.014124 0.019878
0.98421 54.968 76.258 58.242 61.003 0.023471 0.022329
0.98386 54.904 76.387 58.27 61.005 0.030054 0.02717
0.98344 54.856 76.48 58.275 61.011 0.034969 0.034315
0.98299 54.823 76.539 58.259 61.023 0.039512 0.043531
0.98253 54.806 76.571 58.224 61.042 0.045042 0.054453
0.98209 54.804 76.581 58.171 61.068 0.05283 0.066603
0.98169 54.817 76.576 58.102 61.101 0.063914 0.079421
0.98135 54.843 76.56 58.021 61.142 0.078956 0.092303
0.98109 54.88 76.539 57.93 61.188 0.098135 0.10464
0.98092 54.928 76.516 57.831 61.238 0.12106 0.11587
0.98085 54.983 76.494 57.726 61.289 0.14677 0.12548
0.98087 55.042 76.474 57.618 61.339 0.1737 0.13311
0.98097 55.104 76.457 57.508 61.384 0.19981 0.1385
0.98115 55.166 76.442 57.399 61.424 0.22266 0.14156
0.98139 55.225 76.426 57.293 61.454 0.23964 0.14234
0.98166 55.28 76.408 57.192 61.474 0.24808 0.14106
0.98194 55.328 76.385 57.098 61.482 0.24556 0.13804
0.98221 55.368 76.353 57.014 61.478 0.23007 0.13371
0.98244 55.398 76.31 56.943 61.461 0.20021 0.12857
0.98262 55.418 76.257 56.887 61.432 0.15543 0.12314
0.98272 55.426 76.196 56.849 61.392 0.096041 0.1179
0.98272 55.421 76.132 56.831 61.343 0.023377 0.11331
0.98262 55.403 76.073 56.833 61.288 -0.060278 0.1097
0.98242 55.37 76.032 56.856 61.227 -0.15175 0.10732
0.98213 55.324 76.024 56.899 61.164 -0.24713 0.10626
0.98176 55.267 76.062 56.958 61.101 -0.34199 0.10647
0.98134 55.202 76.163 57.03 61.041 -0.43164 0.10778
0.9809 55.136 76.339 57.109 60.986 -0.5114 0.10988
0.98048 55.075 76.598 57.19 60.939 -0.57691 0.11238
0.98011 55.028 76.945 57.265 60.902 -0.62443 0.11482
0.97984 55.006 77.374 57.327 60.875 -0.65102 0.11671
0.97969 55.018 77.875 57.37 60.861 -0.65481 0.11758
0.9797 55.074 78.429 57.387 60.857 -0.63506 0.11701
0.97987 55.18 79.01 57.374 60.865 -0.59223 0.11463
0.9802 55.339 79.585 57.328 60.882 -0.52792 0.11023
0.98068 55.55 80.118 57.248 60.905 -0.44481 0.10369
0.98129 55.803 80.571 57.136 60.931 -0.34639 0.095024
0.98198 56.085 80.907 56.995 60.955 -0.23679 0.084395
0.98271 56.373 81.095 56.828 60.974 -0.12049 0.072079
0.98344 56.639 81.113 56.642 60.983 -0.0019948 0.058451
0.98411 56.848 80.95 56.442 60.979 0.11439 0.043962
0.98468 56.963 80.611 56.232 60.958 0.22485 0.029104
0.98513 56.943 80.113 56.015 60.918 0.32627 0.014375
0.98543 56.752 79.485 55.792 60.859 0.41637 0.0002505
0.98558 56.355 78.77 55.56 60.781 0.49382 -0.012854
0.98559 55.726 78.014 55.313 60.684 0.55825 -0.024606
0.98547 54.852 77.268 55.043 60.573 0.61017 -0.034771
0.98526 53.728 76.579 54.737 60.451 0.65093 -0.043229
0.98498 52.367 75.986 54.381 60.321 0.68249 -0.049974
0.98468 50.794 75.519 53.959 60.189 0.70729 -0.055106
0.9844 49.049 75.194 53.455 60.059 0.72799 -0.05882
0.98415 47.18 75.013 52.853 59.935 0.74729 -0.061382
0.98397 45.246 74.963 52.142 59.821 0.7677 -0.063108
0.98388 43.307 75.023 51.313 59.721 0.79137 -0.06433
0.98387 41.426 75.16 50.362 59.636 0.81995 -0.065376
0.98396 39.657 75.34 49.291 59.569 0.85447 -0.066536
0.98414 38.05 75.527 48.11 59.52 0.89533 -0.068044
0.98439 36.641 75.687 46.834 59.49 0.94224 -0.070062
0.9847 35.454 75.793 45.484 59.478 0.9943 -0.072665
0.98504 34.499 75.825 44.088 59.484 1.0501 -0.075845
0.9854 33.774 75.771 42.675 59.505 1.1076 -0.07951
0.98576 33.265 75.627 41.28 59.541 1.1649 -0.0835
0.98609 32.95 75.398 39.938 59.588 1.2194 -0.087602
0.98638 32.798 75.092 38.68 59.646 1.269 -0.091573
0.98663 32.777 74.723 37.539 59.71 1.3115 -0.095162
0.98681 32.854 74.307 36.54 59.78 1.3449 -0.098135
0.98692 32.998 73.863 35.704 59.853 1.3676 -0.1003
0.98696 33.18 73.407 35.045 59.926 1.3787 -0.10151
0.98693 33.377 72.958 34.568 59.998 1.3773 -0.1017
0.98682 33.57 72.53 34.274 60.068 1.3634 -0.10088
0.98666 33.747 72.137 34.153 60.134 1.3372 -0.09911
0.98644 33.901 71.791 34.19 60.195 1.2994 -0.096539
0.98618 34.027 71.501 34.366 60.251 1.251 -0.093355
0.98587 34.127 71.274 34.656 60.302 1.1934 -0.089785
0.98555 34.203 71.114 35.033 60.348 1.1281 -0.086067
0.98521 34.26 71.024 35.47 60.389 1.057 -0.082432
0.98487 34.304 71.003 35.939 60.426 0.98173 -0.07909
0.98453 34.34 71.047 36.414 60.46 0.90425 -0.076207
0.9842 34.374 71.148 36.874 60.492 0.82638 -0.0739
0.9839 34.41 71.298 37.3 60.521 0.74991 -0.072229
0.98361 34.454 71.484 37.678 60.548 0.67654 -0.071201
0.98335 34.507 71.694 38 60.572 0.60784 -0.070771
0.98311 34.572 71.914 38.263 60.595 0.54522 -0.070859
0.98289 34.651 72.133 38.467 60.613 0.48992 -0.071356
0.9827 34.743 72.342 38.618 60.627 0.44292 -0.072145
0.98252 34.85 72.532 38.723 60.634 0.40497 -0.073109
0.98236 34.971 72.702 38.794 60.633 0.37648 -0.074152
0.98221 35.106 72.85 38.844 60.623 0.35752 -0.075197
0.98207 35.253 72.981 38.884 60.603 0.3478 -0.076203
0.98196 35.412 73.1 38.929 60.572 0.34663 -0.077155
0.98186 35.582 73.212 38.99 60.53 0.35293 -0.07807
0.98177 35.761 73.327 39.078 60.479 0.36528 -0.078983
0.9817 35.949 73.45 39.201 60.421 0.38192 -0.079943
0.98164 36.142 73.589 39.367 60.359 0.40088 -0.080995
0.98158 36.34 73.75 39.578 60.296 0.42005 -0.082175
0.98151 36.539 73.939 39.838 60.237 0.43731 -0.083499
0.98142 36.735 74.163 40.146 60.186 0.45067 -0.08495
0.9813 36.927 74.425 40.498 60.144 0.45837 -0.086479
0.98114 37.109 74.729 40.891 60.115 0.45904 -0.087997
0.98093 37.279 75.076 41.319 60.1 0.4518 -0.089383
0.98067 37.433 75.465 41.774 60.097 0.4363 -0.090487
0.98036 37.569 75.889 42.248 60.104 0.41276 -0.091138
0.98001 37.686 76.341 42.732 60.119 0.38201 -0.091157
0.97965 37.781 76.805 43.217 60.137 0.34536 -0.09037
0.97928 37.857 77.266 43.692 60.152 0.30456 -0.088622
0.97894 37.913 77.706 44.148 60.162 0.26163 -0.085792
0.97865 37.954 78.109 44.576 60.162 0.21874 -0.081808
0.97842 37.981 78.459 44.966 60.148 0.17803 -0.076656
0.97827 37.999 78.748 45.312 60.122 0.14144 -0.07039
0.9782 38.011 78.969 45.605 60.081 0.11057 -0.063138
0.9782 38.023 79.126 45.841 60.029 0.086595 -0.055103
0.97826 38.036 79.223 46.015 59.969 0.070134 -0.046557
0.97836 38.055 79.268 46.127 59.904 0.06126 -0.037836
0.97848 38.08 79.273 46.177 59.84 0.059496 -0.029321
0.97858 38.112 79.247 46.169 59.781 0.063877 -0.021425
0.97865 38.151 79.195 46.108 59.73 0.073039 -0.014565
0.97868 38.195 79.121 46.003 59.693 0.085343 -0.0091385
0.97864 38.242 79.025 45.865 59.669 0.099007 -0.0054976
0.97856 38.289 78.903 45.707 59.659 0.11225 -0.0039206
0.97842 38.334 78.748 45.543 59.662 0.1234 -0.0045886
0.97825 38.375 78.556 45.389 59.676 0.13104 -0.0075657
0.97806 38.41 78.322 45.259 59.696 0.13405 -0.012786
0.97788 38.438 78.046 45.168 59.718 0.13166 -0.020047
0.97771 38.458 77.733 45.129 59.739 0.12348 -0.029016
0.97759 38.471 77.393 45.152 59.752 0.10946 -0.039242
0.97751 38.479 77.043 45.242 59.756 0.089876 -0.050179
0.97748 38.482 76.703 45.404 59.745 0.065209 -0.061216
0.9775 38.482 76.396 45.635 59.72 0.036118 -0.07172
0.97757 38.482 76.149 45.93 59.679 0.0033443 -0.081071
0.97767 38.483 75.985 46.278 59.623 -0.032363 -0.08871
0.97781 38.486 75.923 46.666 59.554 -0.070299 -0.094176
0.97797 38.492 75.976 47.079 59.476 -0.10985 -0.097145
0.97816 38.5 76.152 47.498 59.391 -0.15049 -0.097449
0.97837 38.511 76.445 47.907 59.305 -0.19182 -0.095099
0.97861 38.522 76.846 48.287 59.221 -0.23351 -0.090281
0.9789 38.533 77.335 48.623 59.144 -0.27528 -0.083347
0.97922 38.541 77.884 48.903 59.076 -0.31688 -0.074793
0.9796 38.546 78.463 49.118 59.022 -0.358 -0.06522
0.98001 38.545 79.039 49.263 58.982 -0.39829 -0.055296
0.98047 38.539 79.58 49.338 58.958 -0.43728 -0.045704
0.98096 38.526 80.057 49.346 58.949 -0.47441 -0.037093
0.98145 38.509 80.447 49.294 58.954 -0.50899 -0.030032
0.98194 38.487 80.732 49.193 58.973 -0.54025 -0.024969
0.98239 38.463 80.906 49.054 59.003 -0.56736 -0.022198
0.98279 38.441 80.97 48.89 59.041 -0.58949 -0.021843
0.98312 38.423 80.933 48.711 59.086 -0.60583 -0.023852
0.98337 38.413 80.812 48.528 59.136 -0.61569 -0.028006
0.98354 38.415 80.629 48.35 59.187 -0.61856 -0.033939
0.98362 38.429 80.407 48.179 59.237 -0.61413 -0.041174
0.98363 38.46 80.169 48.019 59.286 -0.60237 -0.049161
0.98357 38.506 79.933 47.866 59.33 -0.58352 -0.057327
0.98348 38.567 79.713 47.716 59.369 -0.55817 -0.065118
0.98337 38.64 79.512 47.561 59.401 -0.5272 -0.072046
0.98326 38.721 79.328 47.393 59.426 -0.49175 -0.077728
0.98317 38.805 79.149 47.203 59.442 -0.45322 -0.081909
0.98312 38.884 78.96 46.982 59.45 -0.41319 -0.084481
0.98313 38.953 78.743 46.724 59.451 -0.37332 -0.08549
0.98319 39.003 78.481 46.425 59.446 -0.33529 -0.085118
0.98332 39.028 78.161 46.086 59.437 -0.30069 -0.083673
0.98351 39.022 77.773 45.709 59.425 -0.27092 -0.081552
0.98374 38.983 77.317 45.303 59.413 -0.24715 -0.079206
0.98401 38.908 76.798 44.879 59.403 -0.23017 -0.077101
0.9843 38.798 76.228 44.452 59.396 -0.2204 -0.075674
0.9846 38.657 75.625 44.04 59.395 -0.21784 -0.075301
0.98488 38.489 75.008 43.66 59.398 -0.22203 -0.076259
0.98514 38.303 74.398 43.332 59.405 -0.23214 -0.07871
0.98536 38.107 73.817 43.072 59.415 -0.24697 -0.082684
0.98552 37.911 73.283 42.895 59.425 -0.26506 -0.088081
0.98563 37.724 72.813 42.809 59.432 -0.28478 -0.094674
0.98567 37.554 72.422 42.82 59.433 -0.30444 -0.10214
0.98564 37.408 72.12 42.926 59.427 -0.32242 -0.11006
0.98554 37.291 71.916 43.121 59.41 -0.33728 -0.11799
0.98536 37.204 71.818 43.39 59.383 -0.34786 -0.12547
0.98511 37.148 71.831 43.715 59.346 -0.35335 -0.13205
0.9848 37.119 71.956 44.074 59.3 -0.35337 -0.13734
0.98443 37.114 72.194 44.438 59.249 -0.34793 -0.14105
0.984 37.125 72.539 44.782 59.197 -0.33749 -0.14297
0.98353 37.147 72.982 45.078 59.148 -0.32283 -0.14302
0.98302 37.173 73.505 45.301 59.106 -0.30505 -0.14124
0.98249 37.197 74.085 45.432 59.074 -0.28539 -0.13778
0.98196 37.214 74.693 45.458 59.058 -0.26521 -0.1329
0.98143 37.222 75.292 45.369 59.057 -0.24578 -0.12692
0.98092 37.218 75.844 45.169 59.073 -0.22826 -0.12027
0.98044 37.202 76.309 44.866 59.104 -0.21356 -0.11336
0.98 37.177 76.652 44.477 59.15 -0.20227 -0.10664
0.97961 37.146 76.842 44.026 59.207 -0.19466 -0.10052
0.97927 37.114 76.859 43.541 59.27 -0.19063 -0.095386
0.979 37.085 76.694 43.054 59.337 -0.18977 -0.091525
0.97878 37.064 76.353 42.599 59.402 -0.19137 -0.089156
0.97862 37.056 75.854 42.208 59.463 -0.19454 -0.088399
0.97851 37.065 75.227 41.909 59.517 -0.19824 -0.08927
0.97846 37.094 74.51 41.726 59.561 -0.20143 -0.091689
0.97844 37.144 73.749 41.676 59.594 -0.20312 -0.095477
0.97846 37.216 72.992 41.767 59.617 -0.20246 -0.10038
0.97852 37.307 72.285 41.999 59.628 -0.19881 -0.10607
0.9786 37.415 71.67 42.365 59.629 -0.19179 -0.11218
0.97872 37.536 71.181 42.848 59.622 -0.1813 -0.11834
0.97886 37.665 70.844 43.427 59.608 -0.16749 -0.12414
0.97904 37.798 70.671 44.076 59.59 -0.1508 -0.12923
0.97926 37.93 70.668 44.764 59.568 -0.13185 -0.1333
0.97951 38.055 70.825 45.463 59.544 -0.11144 -0.13608
0.9798 38.17 71.128 46.143 59.522 -0.090462 -0.13741
0.98013 38.272 71.553 46.779 59.502 -0.069818 -0.1372
0.98049 38.359 72.071 47.349 59.486 -0.050391 -0.13545
0.98087 38.43 72.653 47.84 59.476 -0.03297 -0.13225
0.98125 38.485 73.267 48.24 59.473 -0.018207 -0.12777
0.98161 38.524 73.886 48.547 59.479 -0.00658 -0.12225
0.98194 38.55 74.484 48.763 59.494 0.0016204 -0.11597
0.98222 38.564 75.043 48.895 59.519 0.0063042 -0.10925
0.98243 38.568 75.55 48.956 59.553 0.0075748 -0.10238
0.98254 38.565 75.997 48.957 59.596 0.0057154 -0.095692
0.98257 38.556 76.383 48.915 59.645 0.001167 -0.089436
0.98249 38.542 76.708 48.844 59.697 -0.0054979 -0.083834
0.98233 38.524 76.978 48.758 59.75 -0.013605 -0.079044
0.98208 38.503 77.199 48.669 59.799 -0.022409 -0.075159
0.98178 38.479 77.377 48.584 59.841 -0.03112 -0.07221
0.98145 38.451 77.516 48.511 59.871 -0.038935 -0.070168
0.98111 38.419 77.618 48.451 59.887 -0.04506 -0.068962
0.98081 38.384 77.686 48.405 59.886 -0.048736 -0.068488
0.98056 38.347 77.718 48.372 59.866 -0.049254 -0.068628
0.9804 38.308 77.714 48.346 59.826 -0.045983 -0.069265
0.98034 38.27 77.674 48.324 59.769 -0.03838 -0.070301
0.98039 38.233 77.598 48.3 59.695 -0.026011 -0.071662
0.98055 38.201 77.49 48.27 59.609 -0.0085642 -0.073311
0.98081 38.176 77.352 48.229 59.516 0.014133 -0.075247
0.98115 38.161 77.192 48.174 59.42 0.042103 -0.0775
0.98152 38.157 77.015 48.104 59.327 0.075208 -0.080127
0.98191 38.166 76.828 48.019 59.243 0.11314 -0.083195
0.98226 38.188 76.64 47.919 59.173 0.15542 -0.086769
0.98255 38.223 76.454 47.806 59.121 0.20139 -0.090897
0.98274 38.268 76.277 47.683 59.09 0.25023 -0.095596
0.98282 38.323 76.11 47.552 59.081 0.30095 -0.10084
0.98277 38.382 75.956 47.417 59.094 0.35242 -0.10655
0.9826 38.443 75.813 47.281 59.127 0.40339 -0.1126
0.98232 38.501 75.68 47.145 59.179 0.4525 -0.11882
0.98195 38.551 75.553 47.012 59.244 0.49833 -0.12498
0.98153 38.591 75.427 46.883 59.317 0.53944 -0.13085
0.98109 38.617 75.298 46.758 59.395 0.57437 -0.13618
0.98066 38.629 75.163 46.637 59.47 0.60175 -0.14073
0.98027 38.625 75.018 46.52 59.538 0.62032 -0.14428
0.97993 38.606 74.863 46.407 59.594 0.62898 -0.14666
0.97965 38.573 74.7 46.296 59.635 0.62684 -0.14778
0.97943 38.53 74.533 46.188 59.659 0.61329 -0.1476
0.97928 38.48 74.369 46.083 59.664 0.58804 -0.14613
0.97917 38.425 74.217 45.981 59.65 0.55115 -0.14348
0.9791 38.369 74.083 45.884 59.618 0.50307 -0.13982
0.97907 38.315 73.974 45.796 59.572 0.44466 -0.13535
0.97905 38.266 73.897 45.718 59.514 0.37718 -0.1303
0.97905 38.223 73.851 45.655 59.448 0.30228 -0.12494
0.97908 38.188 73.836 45.613 59.377 0.22195 -0.11951
0.97914 38.162 73.848 45.595 59.305 0.13847 -0.11424
0.97923 38.145 73.88 45.608 59.235 0.054332 -0.10934
0.97938 38.137 73.926 45.655 59.169 -0.027857 -0.10497
0.97959 38.139 73.978 45.742 59.109 -0.10547 -0.10123
0.97986 38.148 74.033 45.87 59.056 -0.17597 -0.098215
0.9802 38.166 74.09 46.041 59.008 -0.23703 -0.095944
0.98059 38.192 74.149 46.252 58.967 -0.28663 -0.094426
0.98101 38.225 74.215 46.499 58.93 -0.32315 -0.093646
0.98146 38.264 74.297 46.775 58.898 -0.34542 -0.093582
0.98189 38.308 74.403 47.071 58.869 -0.35282 -0.094217
0.98228 38.356 74.54 47.373 58.843 -0.34524 -0.095544
0.9826 38.407 74.716 47.668 58.819 -0.3231 -0.097574
0.98282 38.457 74.934 47.937 58.799 -0.28734 -0.10034
0.98291 38.504 75.191 48.166 58.784 -0.23932 -0.10387
0.98287 38.546 75.479 48.337 58.775 -0.18075 -0.10824
0.98267 38.58 75.784 48.437 58.775 -0.11363 -0.11347
0.98233 38.604 76.084 48.452 58.784 -0.040094 -0.11959
0.98183 38.615 76.355 48.377 58.806 0.03763 -0.1266
0.98121 38.612 76.566 48.208 58.841 0.11737 -0.13443
0.98049 38.595 76.688 47.948 58.889 0.19704 -0.14297
0.9797 38.563 76.693 47.607 58.95 0.27476 -0.15202
0.97888 38.518 76.557 47.2 59.022 0.34886 -0.16133
0.97807 38.462 76.263 46.749 59.104 0.41791 -0.17058
0.97732 38.399 75.803 46.279 59.192 0.48076 -0.17938
0.97666 38.331 75.181 45.821 59.283 0.53651 -0.18732
0.97614 38.263 74.41 45.405 59.373 0.58447 -0.19399
0.97578 38.2 73.517 45.063 59.458 0.62421 -0.19899
0.97561 38.145 72.537 44.825 59.536 0.65546 -0.20197
0.97563 38.102 71.515 44.717 59.604 0.67814 -0.20267
0.97584 38.074 70.503 44.76 59.66 0.6923 -0.20095
0.97622 38.063 69.556 44.967 59.704 0.69818 -0.19679
0.97675 38.071 68.727 45.343 59.735 0.69612 -0.19033
0.97738 38.096 68.067 45.884 59.754 0.68663 -0.18188
0.97807 38.14 67.618 46.579 59.763 0.67036 -0.17186
0.97876 38.199 67.414 47.406 59.764 0.64811 -0.16086
0.97941 38.274 67.472 48.336 59.757 0.62082 -0.14953
0.97998 38.363 67.798 49.337 59.746 0.58955 -0.1386
0.98044 38.463 68.382 50.369 59.731 0.55545 -0.12879
0.98078 38.574 69.197 51.393 59.713 0.51973 -0.1208
0.98098 38.696 70.206 52.369 59.694 0.4836 -0.1152
0.98106 38.826 71.357 53.26 59.673 0.4482 -0.11246
0.98105 38.965 72.59 54.034 59.652 0.41455 -0.11283
0.98097 39.112 73.842 54.666 59.63 0.38351 -0.11636
0.98087 39.266 75.045 55.136 59.608 0.35566 -0.12288
0.98078 39.426 76.14 55.437 59.588 0.33136 -0.132
0.98073 39.589 77.074 55.567 59.571 0.31064 -0.14313
0.98076 39.752 77.809 55.533 59.557 0.29331 -0.15552
0.98087 39.911 78.32 55.351 59.55 0.27888 -0.16829
0.98107 40.063 78.602 55.041 59.551 0.26672 -0.18052
0.98135 40.201 78.669 54.63 59.559 0.25608 -0.19131
0.9817 40.321 78.548 54.145 59.577 0.24616 -0.19983
0.98209 40.417 78.279 53.616 59.603 0.23628 -0.20543
0.98248 40.484 77.912 53.07 59.636 0.22587 -0.20763
0.98285 40.52 77.497 52.532 59.675 0.21464 -0.20622
0.98318 40.519 77.084 52.022 59.716 0.20258 -0.20127
0.98343 40.482 76.713 51.556 59.757 0.18998 -0.19312
0.98359 40.408 76.418 51.143 59.793 0.1775 -0.18238
0.98365 40.299 76.219 50.786 59.823 0.16607 -0.16988
0.98361 40.157 76.123 50.482 59.844 0.15687 -0.15666
0.98347 39.987 76.127 50.226 59.853 0.15121 -0.14382
0.98324 39.793 76.22 50.004 59.851 0.15046 -0.13254
0.98293 39.582 76.38 49.804 59.837 0.15592 -0.1239
0.98255 39.36 76.587 49.612 59.814 0.16869 -0.11889
0.98212 39.133 76.816 49.413 59.782 0.18956 -0.11828
0.98166 38.907 77.046 49.195 59.745 0.21896 -0.12258
0.98117 38.687 77.261 48.949 59.706 0.25685 -0.13198
0.98066 38.478 77.448 48.668 59.667 0.3027 -0.14638
0.98015 38.283 77.599 48.353 59.631 0.35553 -0.16535
0.97964 38.105 77.713 48.005 59.599 0.4139 -0.1882
0.97914 37.945 77.791 47.63 59.574 0.47604 -0.21398
0.97865 37.804 77.837 47.239 59.556 0.53996 -0.24161
0.97819 37.681 77.858 46.844 59.545 0.60355 -0.26992
0.97777 37.576 77.858 46.457 59.539 0.66476 -0.29775
