//co2 data for Study 17 _2
steady: none
chosen_param: SaO2sup, Pa_CO2, P_a, Vmca_d, TOI_d, HbT_d, CCO_d
time_step: 1.0
******
0.99076 37.514 77.137 60.074 61.697 -0.0033452 0.0026375
0.9913 37.848 77.071 59.444 61.772 -0.07982 0.012792
0.99178 38.161 76.976 58.819 61.842 -0.15466 0.022294
0.99211 38.442 76.839 58.224 61.905 -0.22688 0.031202
0.99223 38.679 76.652 57.684 61.955 -0.29562 0.039674
0.99208 38.867 76.409 57.224 61.991 -0.36021 0.04797
0.9916 39.003 76.113 56.865 62.01 -0.42017 0.056435
0.99075 39.088 75.768 56.625 62.011 -0.47518 0.065473
0.98952 39.128 75.387 56.52 61.992 -0.52511 0.075504
0.9879 39.132 74.986 56.558 61.956 -0.56995 0.086923
0.98595 39.109 74.582 56.743 61.903 -0.60976 0.10004
0.98373 39.071 74.197 57.07 61.837 -0.64463 0.11504
0.98134 39.032 73.85 57.531 61.763 -0.67462 0.13195
0.97891 39.001 73.561 58.107 61.686 -0.69968 0.15057
0.97656 38.988 73.343 58.777 61.611 -0.71956 0.17055
0.97445 39 73.208 59.512 61.543 -0.73385 0.19131
0.97271 39.039 73.157 60.28 61.488 -0.74186 0.21214
0.97145 39.105 73.189 61.045 61.449 -0.74267 0.2322
0.97076 39.196 73.292 61.772 61.429 -0.73512 0.25064
0.97068 39.305 73.452 62.423 61.43 -0.71787 0.26665
0.97123 39.424 73.646 62.967 61.451 -0.68948 0.27952
0.97236 39.542 73.851 63.373 61.491 -0.6485 0.28874
0.97399 39.65 74.044 63.62 61.547 -0.59358 0.29405
0.97601 39.736 74.2 63.689 61.615 -0.52364 0.29546
0.9783 39.793 74.302 63.574 61.691 -0.43796 0.29329
0.98071 39.813 74.334 63.273 61.77 -0.33637 0.28812
0.9831 39.794 74.289 62.796 61.85 -0.21928 0.28078
0.98535 39.733 74.165 62.158 61.925 -0.087867 0.27227
0.98734 39.633 73.966 61.382 61.993 0.055973 0.26367
0.98899 39.498 73.702 60.497 62.053 0.20958 0.25608
0.99023 39.337 73.386 59.534 62.103 0.3696 0.25047
0.99105 39.157 73.033 58.529 62.143 0.5321 0.24763
0.99142 38.968 72.661 57.516 62.173 0.69276 0.24811
0.99138 38.779 72.287 56.528 62.194 0.84706 0.25214
0.99095 38.6 71.926 55.596 62.208 0.99052 0.25961
0.99018 38.438 71.59 54.745 62.217 1.119 0.27012
0.98915 38.298 71.289 53.997 62.222 1.229 0.28294
0.98791 38.184 71.029 53.366 62.225 1.3178 0.29715
0.98655 38.099 70.811 52.863 62.228 1.3836 0.31168
0.98512 38.043 70.634 52.49 62.232 1.4261 0.32538
0.98372 38.015 70.493 52.247 62.239 1.446 0.33718
0.9824 38.014 70.381 52.129 62.248 1.4453 0.34611
0.98123 38.037 70.289 52.126 62.262 1.4271 0.35142
0.98026 38.083 70.208 52.228 62.281 1.3954 0.35263
0.97953 38.148 70.13 52.422 62.304 1.3548 0.34955
0.97907 38.231 70.049 52.695 62.332 1.3105 0.34228
0.97888 38.329 69.961 53.033 62.365 1.2672 0.33122
0.97897 38.44 69.866 53.423 62.401 1.2298 0.31699
0.9793 38.562 69.764 53.852 62.442 1.2019 0.30041
0.97985 38.689 69.661 54.307 62.485 1.1865 0.28241
0.98058 38.818 69.563 54.775 62.53 1.1853 0.26394
0.98143 38.945 69.478 55.242 62.574 1.1986 0.24593
0.98235 39.062 69.415 55.697 62.617 1.2256 0.22922
0.9833 39.165 69.382 56.124 62.656 1.2642 0.2145
0.98424 39.247 69.384 56.509 62.69 1.3113 0.20231
0.98513 39.302 69.426 56.839 62.717 1.363 0.193
0.98594 39.327 69.511 57.098 62.738 1.4154 0.18674
0.98665 39.317 69.638 57.275 62.751 1.4642 0.18357
0.98726 39.272 69.805 57.357 62.756 1.5058 0.1834
0.98777 39.191 70.006 57.336 62.754 1.5371 0.18607
0.98817 39.079 70.235 57.207 62.745 1.5563 0.19138
0.98848 38.94 70.487 56.968 62.73 1.5623 0.1991
0.98871 38.782 70.752 56.622 62.71 1.5556 0.20902
0.98888 38.614 71.024 56.179 62.686 1.5379 0.22097
0.989 38.446 71.294 55.649 62.657 1.5117 0.23477
0.98909 38.288 71.557 55.052 62.624 1.4806 0.25026
0.98916 38.151 71.802 54.406 62.587 1.4486 0.26727
0.98921 38.043 72.023 53.736 62.546 1.4198 0.28556
0.98926 37.972 72.21 53.067 62.5 1.3982 0.30483
0.9893 37.942 72.353 52.424 62.45 1.3872 0.32468
0.98935 37.956 72.442 51.83 62.396 1.3892 0.34459
0.98938 38.012 72.47 51.309 62.339 1.4055 0.36392
0.98942 38.108 72.43 50.878 62.281 1.4362 0.38194
0.98944 38.238 72.318 50.552 62.224 1.4799 0.39781
0.98945 38.394 72.136 50.341 62.17 1.5341 0.4107
0.98944 38.567 71.889 50.251 62.122 1.5951 0.41978
0.98942 38.75 71.591 50.282 62.081 1.6584 0.42431
0.98938 38.932 71.258 50.43 62.051 1.7189 0.42372
0.98933 39.106 70.915 50.688 62.032 1.7717 0.41763
0.98927 39.267 70.59 51.045 62.024 1.812 0.40597
0.98921 39.408 70.315 51.488 62.027 1.8357 0.38894
0.98913 39.528 70.123 52.002 62.039 1.8401 0.36709
0.98906 39.626 70.045 52.571 62.058 1.8236 0.34129
0.989 39.702 70.113 53.178 62.082 1.7862 0.31268
0.98894 39.758 70.349 53.806 62.106 1.7297 0.28265
0.98889 39.798 70.768 54.439 62.128 1.6574 0.25276
0.98885 39.826 71.373 55.058 62.147 1.574 0.22463
0.98883 39.845 72.155 55.649 62.16 1.4854 0.19988
0.98881 39.859 73.089 56.194 62.166 1.3981 0.18
0.98881 39.87 74.132 56.678 62.166 1.3192 0.16625
0.98881 39.879 75.231 57.087 62.16 1.2551 0.15961
0.98881 39.886 76.314 57.408 62.149 1.2118 0.1607
0.98882 39.89 77.304 57.628 62.137 1.1939 0.16972
0.98883 39.888 78.119 57.738 62.124 1.2041 0.18643
0.98885 39.876 78.681 57.733 62.113 1.2435 0.2102
0.98886 39.85 78.922 57.609 62.104 1.3105 0.23999
0.98889 39.807 78.793 57.368 62.098 1.4014 0.27443
0.98892 39.743 78.271 57.014 62.095 1.5104 0.3119
0.98897 39.657 77.363 56.559 62.091 1.6295 0.35061
0.98903 39.547 76.108 56.017 62.086 1.7496 0.3887
0.9891 39.417 74.58 55.407 62.075 1.8601 0.42432
0.98919 39.271 72.882 54.751 62.054 1.9506 0.45575
0.98929 39.115 71.138 54.074 62.021 2.0108 0.48148
0.9894 38.956 69.485 53.403 61.971 2.0313 0.50024
0.9895 38.803 68.061 52.764 61.903 2.0047 0.51111
0.9896 38.667 66.993 52.183 61.817 1.9257 0.51354
0.98967 38.555 66.385 51.683 61.712 1.7915 0.5073
0.9897 38.477 66.307 51.282 61.593 1.6024 0.49259
0.9897 38.437 66.79 50.996 61.463 1.3615 0.4699
0.98964 38.44 67.823 50.834 61.329 1.0745 0.44006
0.98953 38.488 69.351 50.801 61.196 0.74974 0.40417
0.98936 38.577 71.283 50.895 61.072 0.39728 0.3635
0.98914 38.706 73.5 51.111 60.963 0.028489 0.31952
0.98887 38.867 75.864 51.439 60.875 -0.34473 0.27373
0.98858 39.054 78.232 51.866 60.812 -0.71064 0.22772
0.98827 39.259 80.467 52.378 60.777 -1.0584 0.18302
0.98796 39.472 82.45 52.958 60.77 -1.3785 0.14108
0.98768 39.685 84.088 53.591 60.789 -1.6636 0.10324
0.98744 39.89 85.322 54.263 60.833 -1.9084 0.070694
0.98727 40.078 86.125 54.96 60.897 -2.1101 0.044418
0.98718 40.244 86.508 55.671 60.977 -2.2681 0.025183
0.98716 40.383 86.509 56.388 61.068 -2.3841 0.013521
0.98724 40.491 86.194 57.102 61.165 -2.4612 0.0097104
0.98738 40.566 85.646 57.808 61.263 -2.504 0.013773
0.98759 40.607 84.955 58.501 61.361 -2.5176 0.02547
0.98784 40.617 84.215 59.177 61.455 -2.5074 0.04431
0.9881 40.596 83.511 59.829 61.545 -2.4784 0.069567
0.98836 40.55 82.918 60.454 61.63 -2.4348 0.1003
0.98859 40.484 82.491 61.043 61.711 -2.3798 0.13537
0.98877 40.402 82.267 61.589 61.789 -2.3153 0.17351
0.98889 40.313 82.263 62.082 61.866 -2.242 0.21336
0.98894 40.223 82.474 62.513 61.944 -2.1596 0.25349
0.98891 40.139 82.88 62.872 62.025 -2.0666 0.2925
0.98882 40.067 83.445 63.149 62.108 -1.9614 0.32905
0.98867 40.011 84.123 63.337 62.196 -1.8419 0.36195
0.98849 39.975 84.863 63.43 62.286 -1.7064 0.39016
0.98829 39.959 85.611 63.424 62.378 -1.554 0.41289
0.98809 39.962 86.318 63.319 62.469 -1.3844 0.42964
0.98792 39.981 86.94 63.118 62.557 -1.1987 0.44018
0.98779 40.009 87.444 62.828 62.638 -0.99922 0.4446
0.98771 40.039 87.809 62.457 62.709 -0.78933 0.44327
0.9877 40.061 88.027 62.017 62.766 -0.57356 0.43688
0.98776 40.069 88.105 61.52 62.808 -0.35722 0.42633
0.98787 40.052 88.061 60.979 62.831 -0.14602 0.41272
0.98805 40.006 87.924 60.408 62.836 0.054249 0.3973
0.98827 39.927 87.728 59.819 62.821 0.23818 0.38135
0.98853 39.814 87.511 59.222 62.789 0.40107 0.36616
0.9888 39.669 87.307 58.626 62.741 0.53928 0.35292
0.98908 39.497 87.147 58.038 62.68 0.65044 0.34266
0.98934 39.307 87.051 57.461 62.608 0.73356 0.3362
0.98958 39.107 87.029 56.898 62.53 0.78904 0.33408
0.98979 38.909 87.078 56.351 62.449 0.81857 0.33657
0.98995 38.723 87.184 55.819 62.366 0.82489 0.3436
0.99008 38.558 87.321 55.303 62.287 0.81155 0.35483
0.99016 38.423 87.457 54.805 62.211 0.78251 0.36961
0.99019 38.323 87.556 54.328 62.142 0.74185 0.38709
0.99019 38.26 87.58 53.877 62.081 0.69344 0.40623
0.99017 38.235 87.497 53.457 62.028 0.64063 0.42586
0.99011 38.246 87.281 53.079 61.984 0.5861 0.44483
0.99004 38.288 86.915 52.75 61.95 0.53174 0.462
0.98996 38.355 86.394 52.483 61.925 0.47866 0.47634
0.98987 38.441 85.727 52.286 61.909 0.42729 0.48704
0.98979 38.539 84.933 52.17 61.902 0.37752 0.49349
0.98971 38.643 84.043 52.139 61.904 0.32901 0.49537
0.98963 38.746 83.096 52.198 61.912 0.28136 0.49263
0.98957 38.844 82.137 52.345 61.927 0.23445 0.48553
0.98952 38.934 81.211 52.575 61.946 0.18857 0.47456
0.98948 39.013 80.365 52.878 61.968 0.14467 0.46046
0.98945 39.08 79.635 53.237 61.99 0.10434 0.44411
0.98943 39.137 79.055 53.636 62.011 0.06982 0.42651
0.98942 39.183 78.645 54.05 62.029 0.043885 0.40871
0.98941 39.222 78.415 54.457 62.042 0.029594 0.39171
0.98942 39.254 78.361 54.832 62.048 0.030023 0.37641
0.98943 39.282 78.47 55.152 62.046 0.047931 0.36359
0.98945 39.308 78.717 55.398 62.035 0.08543 0.3538
0.98947 39.333 79.069 55.555 62.016 0.14367 0.3474
0.98949 39.359 79.489 55.612 61.988 0.2226 0.3445
0.9895 39.387 79.935 55.567 61.952 0.32081 0.34499
0.98952 39.415 80.368 55.423 61.911 0.43547 0.34858
0.98952 39.446 80.752 55.189 61.865 0.56242 0.35478
0.98953 39.479 81.057 54.883 61.818 0.69637 0.36297
0.98953 39.513 81.261 54.524 61.77 0.83119 0.37246
0.98952 39.549 81.355 54.138 61.725 0.96032 0.38254
0.9895 39.587 81.337 53.752 61.684 1.0772 0.39249
0.98948 39.626 81.217 53.39 61.649 1.1757 0.40166
0.98946 39.666 81.013 53.079 61.623 1.2507 0.40949
0.98944 39.707 80.748 52.84 61.606 1.2983 0.41554
0.98942 39.749 80.45 52.688 61.599 1.3162 0.4195
0.98941 39.789 80.147 52.634 61.603 1.3038 0.42122
0.9894 39.828 79.863 52.684 61.618 1.2623 0.42067
0.9894 39.864 79.62 52.834 61.643 1.1947 0.41796
0.98941 39.896 79.432 53.078 61.677 1.1055 0.41331
0.98943 39.92 79.306 53.403 61.718 1.0001 0.40703
0.98945 39.937 79.24 53.792 61.764 0.88486 0.39952
0.98948 39.945 79.227 54.225 61.811 0.7664 0.3912
0.98952 39.943 79.258 54.683 61.858 0.65117 0.38255
0.98956 39.93 79.317 55.146 61.902 0.54507 0.37403
0.98959 39.908 79.392 55.596 61.939 0.45311 0.36609
0.98962 39.877 79.472 56.016 61.968 0.37912 0.35915
0.98965 39.839 79.553 56.394 61.988 0.32565 0.35357
0.98966 39.797 79.633 56.721 61.997 0.29391 0.34968
0.98967 39.753 79.72 56.992 61.997 0.2838 0.34772
0.98967 39.709 79.822 57.204 61.986 0.29413 0.34787
0.98966 39.669 79.955 57.359 61.968 0.32278 0.35022
0.98964 39.635 80.13 57.458 61.944 0.36701 0.3548
0.98963 39.607 80.356 57.506 61.916 0.42368 0.36156
0.98961 39.588 80.637 57.51 61.887 0.48948 0.37036
0.98961 39.578 80.967 57.473 61.859 0.56119 0.38102
0.98961 39.576 81.329 57.403 61.834 0.6358 0.39328
0.98961 39.58 81.698 57.304 61.813 0.71056 0.40684
0.98963 39.591 82.039 57.183 61.798 0.78306 0.42135
0.98964 39.605 82.312 57.043 61.79 0.8512 0.43644
0.98964 39.62 82.478 56.891 61.787 0.91315 0.45172
0.98962 39.635 82.5 56.732 61.791 0.96727 0.46678
0.98957 39.647 82.355 56.571 61.8 1.0121 0.48123
0.98948 39.655 82.03 56.416 61.812 1.0465 0.49467
0.98932 39.658 81.533 56.273 61.828 1.0694 0.50674
0.98911 39.654 80.89 56.15 61.847 1.0801 0.5171
0.98882 39.643 80.146 56.055 61.868 1.0785 0.52543
0.98846 39.626 79.362 55.992 61.891 1.065 0.53144
0.98805 39.603 78.607 55.969 61.917 1.041 0.5349
0.98759 39.575 77.957 55.987 61.947 1.0087 0.5356
0.98711 39.544 77.484 56.048 61.981 0.97144 0.53337
0.98664 39.511 77.249 56.15 62.021 0.9337 0.52809
0.9862 39.478 77.301 56.287 62.067 0.90078 0.51968
0.98583 39.445 77.667 56.449 62.119 0.8787 0.50811
0.98556 39.414 78.354 56.626 62.176 0.87376 0.49342
0.9854 39.385 79.343 56.803 62.238 0.89203 0.47572
0.98536 39.357 80.592 56.964 62.301 0.93874 0.4552
0.98546 39.33 82.039 57.093 62.362 1.0176 0.43215
0.98569 39.302 83.601 57.175 62.418 1.1304 0.40698
0.98603 39.272 85.186 57.195 62.463 1.2759 0.38021
0.98645 39.237 86.691 57.143 62.495 1.45 0.35253
0.98694 39.196 88.018 57.012 62.507 1.6454 0.32475
0.98745 39.146 89.073 56.801 62.499 1.8513 0.29783
0.98795 39.087 89.781 56.511 62.467 2.0541 0.27286
0.98842 39.018 90.087 56.15 62.412 2.2379 0.25105
0.98884 38.939 89.962 55.728 62.335 2.3853 0.23366
0.98919 38.853 89.41 55.261 62.241 2.4789 0.22195
0.98945 38.763 88.463 54.765 62.136 2.5019 0.21713
0.98963 38.673 87.181 54.259 62.025 2.4403 0.2203
0.98973 38.589 85.649 53.76 61.917 2.2836 0.23231
0.98977 38.517 83.966 53.285 61.82 2.026 0.2537
0.98974 38.464 82.242 52.849 61.743 1.6677 0.28466
0.98967 38.436 80.582 52.463 61.691 1.2151 0.32491
0.98959 38.437 79.083 52.137 61.67 0.68112 0.3737
0.98949 38.471 77.823 51.874 61.683 0.0846 0.42976
0.98941 38.539 76.855 51.677 61.731 -0.55026 0.49137
0.98934 38.639 76.209 51.547 61.81 -1.1953 0.55639
0.9893 38.77 75.885 51.481 61.916 -1.8199 0.62234
0.9893 38.925 75.858 51.475 62.042 -2.3929 0.68657
0.98932 39.098 76.083 51.525 62.177 -2.8847 0.74637
0.98937 39.282 76.501 51.629 62.312 -3.269 0.79916
0.98945 39.468 77.046 51.782 62.438 -3.5246 0.84269
0.98953 39.649 77.649 51.981 62.544 -3.637 0.87514
0.98963 39.819 78.25 52.225 62.622 -3.5991 0.89528
0.98972 39.973 78.799 52.512 62.667 -3.4121 0.90259
0.9898 40.106 79.259 52.84 62.675 -3.0849 0.89728
0.98986 40.218 79.615 53.206 62.646 -2.634 0.8803
0.9899 40.31 79.863 53.605 62.579 -2.0819 0.85326
0.98992 40.381 80.018 54.033 62.481 -1.4558 0.81836
0.98992 40.435 80.105 54.482 62.357 -0.78563 0.77819
0.98989 40.474 80.157 54.941 62.213 -0.10226 0.73556
0.98985 40.503 80.207 55.399 62.059 0.56463 0.69331
0.98979 40.523 80.29 55.843 61.902 1.1882 0.65407
0.98972 40.538 80.43 56.258 61.751 1.7461 0.62013
0.98964 40.549 80.644 56.63 61.613 2.2213 0.59323
0.98957 40.558 80.935 56.947 61.493 2.6029 0.57451
0.9895 40.564 81.296 57.197 61.396 2.8862 0.56438
0.98944 40.566 81.707 57.372 61.323 3.0724 0.5626
0.9894 40.564 82.139 57.466 61.277 3.1679 0.5683
0.98937 40.556 82.56 57.481 61.254 3.1831 0.58007
0.98936 40.54 82.934 57.419 61.254 3.1316 0.59614
0.98936 40.515 83.23 57.289 61.272 3.0284 0.6145
0.98937 40.48 83.421 57.104 61.304 2.8891 0.63311
0.98939 40.434 83.491 56.877 61.344 2.7282 0.65006
0.98942 40.378 83.437 56.628 61.387 2.559 0.6637
0.98945 40.312 83.266 56.374 61.429 2.3921 0.67278
0.98948 40.239 82.996 56.132 61.466 2.2355 0.67649
0.98951 40.161 82.656 55.921 61.493 2.0948 0.67455
0.98953 40.079 82.277 55.752 61.509 1.9726 0.66714
0.98956 39.998 81.895 55.637 61.512 1.8696 0.65488
0.98958 39.919 81.545 55.581 61.502 1.7849 0.63874
0.98961 39.845 81.253 55.583 61.479 1.7162 0.61996
0.98963 39.778 81.04 55.641 61.446 1.6611 0.59987
0.98965 39.72 80.917 55.744 61.405 1.6169 0.57983
0.98967 39.671 80.885 55.879 61.359 1.5815 0.56109
0.9897 39.632 80.94 56.029 61.309 1.5533 0.54469
0.98972 39.602 81.069 56.177 61.26 1.5316 0.53141
0.98974 39.58 81.258 56.302 61.213 1.5165 0.52172
0.98976 39.564 81.495 56.387 61.171 1.5084 0.51573
0.98977 39.552 81.772 56.415 61.135 1.5084 0.51325
0.98978 39.543 82.086 56.375 61.105 1.5175 0.51381
0.98978 39.533 82.442 56.259 61.082 1.5367 0.51669
0.98978 39.521 82.852 56.067 61.066 1.5662 0.52105
0.98976 39.506 83.332 55.805 61.054 1.6058 0.52595
0.98974 39.485 83.902 55.487 61.045 1.6544 0.53047
0.98971 39.46 84.577 55.132 61.036 1.7101 0.53376
0.98967 39.43 85.366 54.766 61.027 1.7705 0.53512
0.98963 39.398 86.271 54.42 61.014 1.8322 0.53405
0.98959 39.366 87.277 54.126 60.998 1.8918 0.5303
0.98954 39.339 88.358 53.918 60.977 1.9457 0.52384
0.9895 39.322 89.475 53.828 60.954 1.9905 0.51493
0.98946 39.321 90.578 53.882 60.93 2.0233 0.50405
0.98942 39.342 91.611 54.101 60.909 2.0417 0.49186
0.98939 39.39 92.516 54.493 60.894 2.0443 0.4792
0.98936 39.472 93.24 55.059 60.889 2.0304 0.46699
0.98934 39.59 93.739 55.786 60.9 2.0004 0.45614
0.98932 39.745 93.978 56.648 60.928 1.9552 0.44756
0.98932 39.935 93.939 57.606 60.977 1.8963 0.44202
0.98931 40.151 93.615 58.614 61.047 1.8257 0.44011
0.98932 40.382 93.011 59.615 61.137 1.7452 0.44219
0.98933 40.611 92.142 60.548 61.242 1.6565 0.44835
0.98935 40.816 91.028 61.35 61.359 1.5608 0.45837
0.98937 40.973 89.69 61.961 61.479 1.4587 0.47176
0.9894 41.053 88.153 62.326 61.594 1.3498 0.48772
0.98944 41.028 86.442 62.403 61.696 1.233 0.5052
0.98948 40.872 84.58 62.161 61.776 1.1064 0.52298
0.98953 40.562 82.598 61.584 61.826 0.96735 0.53967
0.98958 40.083 80.528 60.675 61.839 0.8129 0.55389
0.98963 39.428 78.411 59.453 61.813 0.63993 0.56425
0.98969 38.601 76.296 57.952 61.745 0.4456 0.56952
0.98974 37.616 74.237 56.222 61.636 0.22761 0.56867
0.98979 36.499 72.293 54.323 61.491 -0.015378 0.56095
0.98984 35.284 70.524 52.323 61.315 -0.28355 0.54595
0.98988 34.015 68.984 50.292 61.118 -0.57568 0.52364
0.98992 32.738 67.721 48.301 60.908 -0.88909 0.49436
0.98995 31.501 66.766 46.415 60.696 -1.2196 0.45883
0.98998 30.35 66.134 44.689 60.492 -1.5618 0.41808
0.98999 29.325 65.819 43.169 60.304 -1.9091 0.37344
0.99001 28.456 65.796 41.885 60.141 -2.254 0.32641
0.99001 27.763 66.022 40.855 60.007 -2.5889 0.27862
0.99001 27.255 66.441 40.081 59.907 -2.9061 0.23171
0.99001 26.929 66.987 39.551 59.841 -3.1982 0.18723
0.99 26.771 67.592 39.245 59.808 -3.4589 0.14659
0.98999 26.757 68.192 39.131 59.805 -3.6829 0.11096
0.98997 26.857 68.732 39.173 59.829 -3.8663 0.0812
0.98995 27.039 69.171 39.332 59.873 -4.007 0.05788
0.98993 27.267 69.484 39.57 59.934 -4.1043 0.041219
0.98991 27.511 69.662 39.85 60.004 -4.1592 0.031113
0.98989 27.741 69.716 40.143 60.081 -4.1741 0.027165
0.98986 27.937 69.666 40.424 60.159 -4.1527 0.028728
0.98983 28.086 69.543 40.678 60.236 -4.0995 0.034966
0.98981 28.182 69.383 40.896 60.311 -4.0199 0.044919
0.98978 28.228 69.218 41.075 60.383 -3.9192 0.057569
0.98975 28.232 69.08 41.219 60.453 -3.803 0.071911
0.98971 28.211 68.991 41.335 60.521 -3.6763 0.087003
0.98968 28.18 68.964 41.432 60.59 -3.5438 0.10202
0.98964 28.158 69.004 41.521 60.659 -3.4094 0.1163
0.9896 28.164 69.109 41.611 60.731 -3.2758 0.12933
0.98956 28.21 69.268 41.707 60.804 -3.1453 0.14078
0.98951 28.306 69.47 41.813 60.879 -3.019 0.15051
0.98945 28.457 69.704 41.929 60.953 -2.8973 0.15851
0.9894 28.66 69.956 42.048 61.022 -2.7797 0.16491
0.98935 28.906 70.221 42.162 61.084 -2.6656 0.16991
0.9893 29.182 70.494 42.262 61.134 -2.5537 0.1738
0.98925 29.471 70.775 42.333 61.167 -2.4426 0.17686
0.98922 29.752 71.071 42.363 61.18 -2.3312 0.17936
0.98921 30.005 71.387 42.34 61.169 -2.2185 0.18155
0.98921 30.207 71.734 42.254 61.133 -2.1038 0.18359
0.98923 30.341 72.119 42.097 61.07 -1.9872 0.18557
0.98927 30.39 72.55 41.866 60.983 -1.8691 0.18749
0.98933 30.344 73.03 41.56 60.873 -1.7507 0.18927
0.98941 30.196 73.555 41.186 60.744 -1.6339 0.19074
0.9895 29.947 74.118 40.751 60.601 -1.5211 0.19166
0.98959 29.603 74.701 40.268 60.449 -1.4151 0.19177
0.98968 29.175 75.282 39.75 60.294 -1.3192 0.19074
0.98977 28.679 75.83 39.214 60.143 -1.2367 0.18828
0.98985 28.135 76.311 38.678 60 -1.171 0.1841
0.98991 27.565 76.686 38.16 59.87 -1.1251 0.17797
0.98995 26.993 76.92 37.675 59.758 -1.1017 0.16971
0.98997 26.44 76.978 37.239 59.667 -1.103 0.15925
0.98998 25.929 76.833 36.866 59.6 -1.1301 0.14659
0.98996 25.476 76.468 36.565 59.558 -1.1836 0.13186
0.98992 25.095 75.877 36.344 59.542 -1.2629 0.11529
0.98987 24.796 75.07 36.208 59.552 -1.3665 0.097203
0.98981 24.581 74.072 36.158 59.587 -1.4921 0.078027
0.98974 24.451 72.919 36.192 59.644 -1.6364 0.058261
0.98966 24.399 71.662 36.304 59.721 -1.7955 0.038462
0.98958 24.418 70.359 36.487 59.814 -1.9648 0.019219
0.98951 24.495 69.072 36.731 59.92 -2.1394 0.0011239
0.98944 24.616 67.864 37.021 60.033 -2.3144 -0.015252
0.98939 24.767 66.792 37.342 60.149 -2.4846 -0.029391
0.98935 24.931 65.904 37.679 60.264 -2.6453 -0.040851
0.98932 25.096 65.237 38.014 60.372 -2.7919 -0.04929
0.9893 25.247 64.812 38.329 60.469 -2.9205 -0.054482
0.9893 25.375 64.636 38.607 60.551 -3.0278 -0.056331
0.98931 25.471 64.7 38.832 60.615 -3.111 -0.054872
0.98934 25.53 64.983 38.992 60.659 -3.1682 -0.050275
0.98936 25.551 65.454 39.075 60.68 -3.1983 -0.042827
0.98939 25.534 66.069 39.075 60.68 -3.2007 -0.032924
0.98942 25.483 66.781 38.99 60.661 -3.1758 -0.021045
0.98945 25.404 67.54 38.821 60.623 -3.1246 -0.0077272
0.98947 25.304 68.294 38.574 60.573 -3.0485 0.0064639
0.98948 25.195 68.994 38.261 60.515 -2.95 0.020963
0.98949 25.085 69.598 37.895 60.453 -2.8318 0.035234
0.98949 24.984 70.07 37.494 60.393 -2.6971 0.048797
0.98949 24.901 70.386 37.076 60.341 -2.5495 0.061254
0.98948 24.845 70.534 36.661 60.3 -2.3931 0.072297
0.98948 24.821 70.514 36.268 60.273 -2.2319 0.081732
0.98948 24.833 70.343 35.915 60.262 -2.0702 0.08947
0.98947 24.883 70.047 35.616 60.266 -1.9122 0.095537
0.98948 24.968 69.664 35.385 60.284 -1.762 0.10006
0.98948 25.084 69.242 35.227 60.313 -1.6233 0.10324
0.98949 25.226 68.829 35.147 60.349 -1.4993 0.10537
0.98951 25.385 68.476 35.143 60.386 -1.393 0.10678
0.98953 25.551 68.227 35.211 60.42 -1.3064 0.10782
0.98955 25.714 68.115 35.342 60.446 -1.241 0.10884
0.98957 25.864 68.164 35.526 60.459 -1.1975 0.11018
0.98959 25.989 68.379 35.749 60.456 -1.1758 0.11212
0.98961 26.081 68.753 35.998 60.434 -1.1752 0.11488
0.98964 26.132 69.261 36.261 60.394 -1.1941 0.1186
0.98966 26.137 69.868 36.524 60.336 -1.2305 0.12332
0.98968 26.093 70.53 36.779 60.262 -1.2815 0.12901
0.9897 26.001 71.202 37.015 60.177 -1.3441 0.13549
0.98972 25.864 71.838 37.228 60.085 -1.4148 0.14254
0.98973 25.69 72.4 37.414 59.991 -1.4901 0.14981
0.98974 25.486 72.863 37.572 59.9 -1.5662 0.15691
0.98974 25.266 73.212 37.703 59.817 -1.6396 0.16339
0.98975 25.041 73.449 37.811 59.747 -1.7071 0.16877
0.98974 24.826 73.59 37.899 59.694 -1.7657 0.1726
0.98974 24.635 73.66 37.972 59.661 -1.813 0.17443
0.98973 24.478 73.695 38.037 59.648 -1.8473 0.17391
0.98972 24.366 73.732 38.098 59.656 -1.8677 0.17076
0.98971 24.306 73.808 38.161 59.685 -1.8737 0.16482
0.98971 24.301 73.956 38.23 59.733 -1.8662 0.15606
0.9897 24.351 74.198 38.31 59.796 -1.8463 0.14459
0.9897 24.453 74.545 38.405 59.871 -1.8163 0.13067
0.98969 24.599 74.996 38.517 59.955 -1.779 0.11468
0.9897 24.78 75.538 38.65 60.042 -1.7376 0.097125
0.9897 24.983 76.145 38.806 60.13 -1.6957 0.078599
0.98971 25.197 76.784 38.987 60.213 -1.6572 0.059746
0.98973 25.409 77.415 39.196 60.289 -1.6257 0.041236
0.98975 25.608 77.997 39.432 60.355 -1.6045 0.023719
0.98978 25.786 78.493 39.698 60.408 -1.5964 0.0077917
0.98981 25.936 78.869 39.994 60.449 -1.6035 -0.0060372
0.98984 26.054 79.102 40.319 60.475 -1.627 -0.017373
0.98987 26.142 79.178 40.672 60.488 -1.6671 -0.025955
0.9899 26.199 79.093 41.051 60.489 -1.7231 -0.031665
0.98994 26.232 78.856 41.452 60.477 -1.7931 -0.034525
0.98997 26.246 78.482 41.869 60.456 -1.8747 -0.034694
0.98999 26.248 77.996 42.297 60.425 -1.9644 -0.032443
0.99001 26.243 77.426 42.729 60.387 -2.0584 -0.028137
0.99003 26.239 76.803 43.156 60.342 -2.1525 -0.022202
0.99004 26.24 76.159 43.571 60.291 -2.2426 -0.015096
0.99004 26.247 75.522 43.966 60.236 -2.3246 -0.007277
0.99003 26.263 74.918 44.334 60.178 -2.3953 0.00082524
0.99001 26.287 74.368 44.669 60.117 -2.4518 0.0088333
0.98998 26.315 73.886 44.966 60.056 -2.4922 0.016442
0.98994 26.345 73.484 45.223 59.996 -2.5158 0.023431
0.98989 26.371 73.164 45.439 59.939 -2.5227 0.029669
0.98983 26.389 72.929 45.614 59.887 -2.514 0.035113
0.98976 26.394 72.775 45.753 59.842 -2.4917 0.039799
0.98968 26.385 72.694 45.859 59.807 -2.4587 0.043828
0.9896 26.358 72.681 45.936 59.785 -2.4183 0.047349
0.98952 26.314 72.724 45.99 59.775 -2.3741 0.050532
0.98945 26.253 72.817 46.026 59.78 -2.3297 0.053549
0.98938 26.181 72.949 46.049 59.799 -2.2886 0.056548
0.98931 26.101 73.114 46.06 59.831 -2.2536 0.059636
0.98926 26.02 73.306 46.061 59.873 -2.227 0.062857
0.98923 25.945 73.518 46.053 59.923 -2.21 0.066185
0.98921 25.883 73.748 46.035 59.977 -2.2032 0.069516
0.98921 25.84 73.99 46.003 60.03 -2.2059 0.072677
0.98923 25.822 74.24 45.955 60.077 -2.2166 0.075429
0.98925 25.833 74.494 45.89 60.116 -2.2331 0.077491
0.98929 25.872 74.746 45.806 60.143 -2.2522 0.078562
0.98934 25.94 74.989 45.704 60.157 -2.2708 0.078349
0.98939 26.032 75.218 45.587 60.156 -2.2853 0.0766
0.98943 26.144 75.425 45.46 60.143 -2.2923 0.073133
0.98947 26.267 75.607 45.332 60.121 -2.2888 0.067864
0.9895 26.394 75.761 45.214 60.093 -2.2725 0.060829
0.98951 26.516 75.891 45.118 60.064 -2.2418 0.052196
0.98951 26.625 76.001 45.059 60.041 -2.1961 0.042271
0.98949 26.713 76.101 45.05 60.028 -2.1357 0.031486
0.98946 26.777 76.207 45.102 60.031 -2.062 0.020383
0.98942 26.812 76.334 45.226 60.051 -1.9773 0.0095852
0.98937 26.818 76.498 45.426 60.092 -1.8848 -0.00024658
0.98933 26.797 76.717 45.702 60.154 -1.7879 -0.0084538
0.98929 26.752 77.002 46.047 60.233 -1.6909 -0.01443
0.98926 26.688 77.362 46.449 60.326 -1.5977 -0.017668
0.98925 26.61 77.797 46.887 60.428 -1.5126 -0.017801
0.98925 26.524 78.302 47.337 60.532 -1.4392 -0.014639
0.98927 26.436 78.863 47.768 60.63 -1.3807 -0.0081934
0.98931 26.35 79.46 48.148 60.716 -1.3395 0.0013164
0.98935 26.268 80.066 48.443 60.781 -1.3175 0.013462
0.9894 26.192 80.65 48.622 60.82 -1.3154 0.027627
0.98945 26.121 81.182 48.657 60.829 -1.3331 0.043038
0.98949 26.053 81.63 48.528 60.804 -1.3698 0.058808
0.98953 25.985 81.969 48.221 60.746 -1.424 0.073988
0.98954 25.912 82.177 47.735 60.655 -1.4931 0.087629
0.98955 25.83 82.241 47.081 60.535 -1.5745 0.098839
0.98954 25.734 82.155 46.279 60.39 -1.6649 0.10684
0.98951 25.622 81.922 45.362 60.228 -1.7607 0.11103
0.98947 25.493 81.552 44.374 60.057 -1.8583 0.11101
0.98942 25.346 81.062 43.366 59.885 -1.954 0.10662
0.98937 25.186 80.471 42.394 59.72 -2.0443 0.097978
0.98931 25.018 79.805 41.516 59.573 -2.126 0.085444
0.98926 24.852 79.091 40.79 59.45 -2.1961 0.06963
0.9892 24.698 78.357 40.265 59.36 -2.2523 0.051362
0.98915 24.571 77.635 39.984 59.308 -2.2928 0.031634
0.9891 24.485 76.955 39.976 59.298 -2.3166 0.01155
0.98904 24.453 76.351 40.257 59.335 -2.3235 -0.0077358
0.98898 24.49 75.852 40.825 59.416 -2.3142 -0.025097
0.98891 24.603 75.488 41.66 59.541 -2.2903 -0.039501
0.98884 24.8 75.28 42.728 59.705 -2.2545 -0.05008
0.98876 25.079 75.243 43.978 59.901 -2.2102 -0.056186
0.98867 25.435 75.381 45.346 60.12 -2.162 -0.057445
0.98858 25.855 75.683 46.76 60.35 -2.1149 -0.05378
0.9885 26.321 76.124 48.142 60.58 -2.0747 -0.04543
0.98842 26.807 76.662 49.415 60.797 -2.0472 -0.032942
0.98837 27.286 77.243 50.504 60.988 -2.0383 -0.01714
0.98833 27.728 77.801 51.347 61.142 -2.0533 0.00091488
0.98833 28.103 78.264 51.89 61.248 -2.0969 0.019993
0.98835 28.383 78.56 52.099 61.3 -2.1724 0.038767
0.9884 28.547 78.625 51.958 61.294 -2.2816 0.055896
0.98848 28.579 78.406 51.469 61.228 -2.4246 0.070114
0.98859 28.472 77.871 50.657 61.106 -2.5993 0.080306
0.98873 28.23 77.012 49.563 60.935 -2.8016 0.085588
0.98888 27.864 75.848 48.246 60.723 -3.0256 0.085358
0.98904 27.396 74.427 46.774 60.483 -3.2632 0.079346
0.98921 26.854 72.821 45.228 60.228 -3.5052 0.067627
0.98937 26.274 71.124 43.689 59.972 -3.7411 0.050621
0.98954 25.694 69.442 42.24 59.73 -3.9603 0.029067
0.98969 25.15 67.889 40.956 59.514 -4.1523 0.0039802
0.98983 24.68 66.571 39.902 59.337 -4.3074 -0.023414
0.98994 24.313 65.583 39.13 59.206 -4.4175 -0.051755
0.99004 24.073 64.995 38.675 59.128 -4.4768 -0.07963
0.9901 23.975 64.851 38.555 59.106 -4.4819 -0.10566
0.99015 24.023 65.162 38.766 59.139 -4.4322 -0.12859
0.99017 24.212 65.905 39.289 59.224 -4.3303 -0.14734
0.99016 24.528 67.024 40.088 59.354 -4.1813 -0.16111
0.99013 24.948 68.436 41.111 59.522 -3.9931 -0.16938
0.99007 25.444 70.039 42.297 59.716 -3.7757 -0.17195
0.99 25.983 71.716 43.577 59.925 -3.5403 -0.16895
0.98992 26.531 73.35 44.878 60.135 -3.299 -0.16083
0.98983 27.056 74.829 46.131 60.336 -3.0636 -0.14832
0.98974 27.527 76.058 47.27 60.516 -2.8451 -0.13237
0.98965 27.919 76.966 48.237 60.664 -2.653 -0.11409
0.98957 28.216 77.509 48.989 60.775 -2.4944 -0.094691
0.9895 28.407 77.675 49.494 60.842 -2.374 -0.075414
0.98944 28.489 77.481 49.737 60.864 -2.2933 -0.057436
0.98941 28.469 76.972 49.718 60.841 -2.2514 -0.041815
0.9894 28.358 76.214 49.454 60.779 -2.2443 -0.029428
0.9894 28.174 75.289 48.974 60.684 -2.2661 -0.020923
0.98943 27.94 74.282 48.321 60.564 -2.3088 -0.016688
0.98947 27.679 73.283 47.546 60.429 -2.3638 -0.016836
0.98952 27.414 72.372 46.707 60.29 -2.4217 -0.021204
0.98957 27.167 71.614 45.863 60.158 -2.4739 -0.029373
0.98962 26.957 71.063 45.073 60.041 -2.5125 -0.0407
0.98967 26.797 70.75 44.389 59.946 -2.5315 -0.054364
0.9897 26.697 70.69 43.856 59.88 -2.5268 -0.069422
0.98973 26.66 70.881 43.508 59.843 -2.4966 -0.08487
0.98974 26.683 71.304 43.366 59.837 -2.4415 -0.099708
0.98974 26.76 71.93 43.436 59.857 -2.3643 -0.113
0.98972 26.879 72.72 43.709 59.901 -2.2699 -0.12394
0.9897 27.028 73.63 44.164 59.96 -2.1647 -0.13189
0.98968 27.192 74.616 44.766 60.028 -2.0558 -0.13641
0.98965 27.354 75.631 45.47 60.098 -1.9512 -0.13731
0.98963 27.502 76.636 46.227 60.162 -1.8584 -0.13464
0.98962 27.623 77.593 46.98 60.214 -1.7843 -0.12866
0.98962 27.705 78.472 47.676 60.25 -1.7345 -0.11988
0.98963 27.742 79.249 48.264 60.265 -1.7129 -0.10895
0.98965 27.73 79.908 48.7 60.26 -1.7216 -0.096676
0.98968 27.669 80.438 48.953 60.234 -1.7605 -0.083942
0.98973 27.561 80.834 49 60.191 -1.8276 -0.071653
0.98978 27.413 81.096 48.837 60.134 -1.9189 -0.060682
0.98984 27.234 81.225 48.472 60.07 -2.0287 -0.051814
0.98991 27.035 81.229 47.926 60.004 -2.1503 -0.045694
0.98997 26.828 81.112 47.236 59.944 -2.276 -0.042789
0.99002 26.629 80.884 46.446 59.896 -2.3979 -0.043356
0.99006 26.451 80.553 45.611 59.867 -2.5082 -0.047422
0.99009 26.305 80.129 44.789 59.862 -2.5998 -0.054782
0.9901 26.205 79.623 44.038 59.885 -2.667 -0.065005
0.9901 26.16 79.05 43.413 59.939 -2.7052 -0.077457
0.99007 26.176 78.425 42.964 60.023 -2.7117 -0.091333
0.99002 26.257 77.766 42.73 60.139 -2.6858 -0.1057
0.98996 26.406 77.095 42.737 60.282 -2.6287 -0.11956
0.98988 26.619 76.434 42.997 60.449 -2.5433 -0.13189
0.98978 26.894 75.809 43.507 60.635 -2.4344 -0.14171
0.98968 27.221 75.245 44.249 60.834 -2.3081 -0.14813
0.98957 27.593 74.767 45.19 61.039 -2.1714 -0.15046
0.98947 27.996 74.397 46.283 61.244 -2.032 -0.14817
0.98938 28.418 74.153 47.474 61.44 -1.8978 -0.14101
0.9893 28.841 74.047 48.698 61.62 -1.776 -0.12899
0.98924 29.248 74.083 49.889 61.778 -1.6733 -0.11239
0.9892 29.619 74.257 50.98 61.907 -1.5951 -0.091805
0.98918 29.936 74.558 51.908 62.001 -1.5453 -0.068061
0.98917 30.18 74.966 52.617 62.055 -1.5263 -0.042216
0.98919 30.333 75.452 53.063 62.066 -1.5384 -0.015497
0.98922 30.38 75.985 53.214 62.03 -1.5805 0.010762
0.98927 30.311 76.528 53.051 61.947 -1.6499 0.035196
0.98932 30.12 77.047 52.574 61.818 -1.7425 0.056485
0.98938 29.808 77.507 51.798 61.647 -1.8532 0.073429
0.98944 29.382 77.88 50.751 61.437 -1.9765 0.085026
0.9895 28.856 78.144 49.477 61.195 -2.1065 0.090531
0.98957 28.251 78.287 48.03 60.931 -2.2377 0.089505
0.98963 27.593 78.305 46.473 60.654 -2.3651 0.081847
0.98968 26.91 78.202 44.874 60.375 -2.4845 0.067807
0.98973 26.235 77.992 43.303 60.105 -2.5929 0.047973
0.98978 25.599 77.694 41.826 59.856 -2.6881 0.023241
0.98982 25.032 77.33 40.508 59.636 -2.7692 -0.0052319
0.98986 24.556 76.928 39.402 59.456 -2.8363 -0.036091
0.98988 24.191 76.512 38.555 59.323 -2.8902 -0.067863
0.9899 23.949 76.106 37.999 59.241 -2.932 -0.099034
0.9899 23.833 75.73 37.753 59.213 -2.9634 -0.12814
0.9899 23.84 75.399 37.826 59.239 -2.9855 -0.15382
0.98988 23.964 75.125 38.211 59.318 -2.9997 -0.17492
0.98985 24.192 74.913 38.888 59.446 -3.0064 -0.19053
0.98981 24.507 74.763 39.829 59.616 -3.0055 -0.2
0.98976 24.895 74.673 40.997 59.821 -2.9964 -0.20299
0.98972 25.337 74.635 42.346 60.054 -2.9778 -0.19948
0.98969 25.819 74.64 43.827 60.305 -2.948 -0.1897
0.98966 26.327 74.676 45.389 60.565 -2.9051 -0.17416
0.98965 26.85 74.732 46.98 60.825 -2.8471 -0.15355
0.98966 27.376 74.795 48.551 61.077 -2.7726 -0.12874
0.9897 27.898 74.851 50.058 61.313 -2.6805 -0.1007
0.98975 28.407 74.892 51.46 61.527 -2.5708 -0.070425
0.98983 28.896 74.906 52.725 61.714 -2.4441 -0.038929
0.98992 29.358 74.889 53.826 61.871 -2.3023 -0.0071689
0.99001 29.786 74.834 54.748 61.995 -2.1483 0.023982
0.99009 30.173 74.742 55.481 62.084 -1.9859 0.053757
0.99015 30.511 74.615 56.024 62.14 -1.8196 0.081514
0.99017 30.797 74.458 56.384 62.163 -1.6545 0.10674
0.99014 31.024 74.28 56.576 62.156 -1.4958 0.12905
0.99003 31.192 74.092 56.62 62.124 -1.3487 0.14819
0.98985 31.3 73.904 56.542 62.069 -1.2177 0.16402
0.98958 31.351 73.732 56.371 61.996 -1.1068 0.17648
0.98922 31.35 73.587 56.138 61.912 -1.0188 0.18565
0.98878 31.307 73.481 55.874 61.82 -0.95551 0.19164
0.98827 31.232 73.426 55.613 61.727 -0.91737 0.19469
0.98771 31.139 73.429 55.381 61.637 -0.90352 0.19508
0.98713 31.045 73.498 55.204 61.556 -0.91192 0.19317
0.98656 30.968 73.634 55.102 61.485 -0.93943 0.18937
0.98602 30.925 73.839 55.089 61.428 -0.98207 0.18416
0.98555 30.933 74.11 55.173 61.387 -1.0352 0.17802
0.98518 31.009 74.443 55.354 61.361 -1.094 0.17149
0.98492 31.164 74.832 55.627 61.348 -1.1533 0.16509
0.9848 31.406 75.266 55.978 61.348 -1.2086 0.15931
0.9848 31.737 75.736 56.391 61.355 -1.2555 0.15458
0.98494 32.153 76.231 56.841 61.367 -1.2905 0.15123
0.98519 32.644 76.738 57.306 61.379 -1.3109 0.14949
0.98553 33.189 77.246 57.756 61.385 -1.315 0.14943
0.98594 33.765 77.742 58.168 61.381 -1.3023 0.15096
0.98637 34.341 78.215 58.515 61.363 -1.2729 0.15384
0.98679 34.881 78.655 58.776 61.328 -1.2283 0.15764
0.98718 35.35 79.052 58.937 61.273 -1.1706 0.16181
0.98751 35.709 79.399 58.986 61.196 -1.1028 0.16567
0.98775 35.927 79.686 58.918 61.099 -1.0284 0.16848
0.98789 35.975 79.91 58.738 60.983 -0.95122 0.1695
0.98793 35.835 80.066 58.453 60.85 -0.87536 0.168
0.98785 35.5 80.151 58.079 60.705 -0.80487 0.16339
0.98767 34.975 80.166 57.634 60.554 -0.74354 0.15523
0.98741 34.277 80.115 57.142 60.403 -0.69476 0.14327
0.98707 33.439 80.003 56.628 60.257 -0.66126 0.12752
0.98667 32.503 79.838 56.117 60.125 -0.64504 0.10824
0.98625 31.523 79.631 55.633 60.011 -0.64717 0.08596
0.98581 30.556 79.392 55.197 59.922 -0.66771 0.061448
0.98538 29.66 79.131 54.827 59.86 -0.70568 0.035669
0.98497 28.893 78.857 54.536 59.829 -0.75907 0.00974
0.9846 28.301 78.576 54.329 59.828 -0.82485 -0.015146
0.98427 27.918 78.29 54.209 59.858 -0.89913 -0.037789
0.98399 27.765 78 54.173 59.916 -0.9773 -0.057067
0.98376 27.842 77.703 54.21 59.996 -1.0542 -0.072007
0.98358 28.134 77.395 54.31 60.095 -1.1246 -0.081853
0.98344 28.608 77.07 54.458 60.205 -1.1831 -0.086119
0.98334 29.22 76.726 54.636 60.318 -1.2248 -0.084626
0.98328 29.914 76.36 54.828 60.429 -1.2453 -0.077514
0.98326 30.632 75.975 55.019 60.531 -1.2412 -0.065237
0.98325 31.316 75.575 55.196 60.616 -1.2102 -0.048533
0.98326 31.913 75.168 55.346 60.68 -1.1515 -0.028381
0.98324 32.379 74.765 55.463 60.719 -1.0654 -0.0059316
0.98317 32.682 74.376 55.544 60.732 -0.95373 0.017563
0.983 32.804 74.013 55.587 60.716 -0.81974 0.040833
0.98265 32.742 73.687 55.596 60.674 -0.6677 0.062668
0.98207 32.507 73.407 55.576 60.606 -0.5028 0.081996
0.98115 32.121 73.179 55.536 60.518 -0.33074 0.09795
0.97983 31.618 73.006 55.484 60.412 -0.15741 0.10992
0.97801 31.038 72.891 55.43 60.293 0.011538 0.11756
0.97562 30.425 72.834 55.386 60.166 0.17111 0.12087
0.97262 29.823 72.835 55.359 60.037 0.3173 0.12009
0.96898 29.276 72.891 55.361 59.908 0.44737 0.11577
0.96472 28.82 73.002 55.397 59.783 0.56008 0.10864
0.9599 28.485 73.166 55.476 59.665 0.65576 0.099635
0.95461 28.293 73.381 55.601 59.555 0.73631 0.089768
0.94901 28.256 73.646 55.778 59.454 0.80499 0.080088
0.94327 28.378 73.959 56.009 59.361 0.8662 0.071606
0.9376 28.654 74.315 56.296 59.277 0.9251 0.065228
0.93222 29.073 74.712 56.639 59.198 0.98714 0.061701
0.92736 29.615 75.145 57.037 59.125 1.0576 0.061572
0.92324 30.26 75.608 57.49 59.056 1.1409 0.065158
0.92005 30.982 76.098 57.993 58.991 1.2406 0.072534
0.91795 31.754 76.61 58.54 58.928 1.3584 0.083537
0.91704 32.553 77.142 59.126 58.87 1.4944 0.097783
0.91739 33.352 77.691 59.74 58.816 1.6463 0.1147
0.919 34.13 78.256 60.37 58.769 1.8102 0.13356
0.92182 34.869 78.836 61.001 58.731 1.98 0.15355
0.92575 35.551 79.427 61.619 58.704 2.1481 0.17379
0.93064 36.166 80.024 62.203 58.692 2.3059 0.1934
0.93632 36.703 80.613 62.735 58.695 2.4441 0.21158
0.94256 37.157 81.176 63.196 58.716 2.5536 0.22759
0.94913 37.524 81.687 63.567 58.756 2.6259 0.24083
0.95579 37.805 82.11 63.832 58.814 2.654 0.25086
0.96232 38 82.406 63.977 58.889 2.6329 0.25742
0.9685 38.115 82.527 63.994 58.979 2.56 0.26041
0.97414 38.155 82.427 63.879 59.082 2.4354 0.25991
0.9791 38.127 82.065 63.634 59.195 2.2618 0.25616
0.98328 38.04 81.406 63.269 59.314 2.0451 0.24954
0.98663 37.905 80.433 62.796 59.436 1.7933 0.24051
0.98914 37.731 79.145 62.237 59.558 1.5163 0.22966
0.99085 37.533 77.564 61.616 59.676 1.2257 0.21759
0.99182 37.32 75.735 60.959 59.789 0.93349 0.2049
0.99216 37.107 73.726 60.297 59.894 0.65155 0.19221
0.99197 36.904 71.624 59.655 59.989 0.39097 0.18006
0.99138 36.723 69.532 59.062 60.075 0.16128 0.16892
0.9905 36.573 67.558 58.537 60.149 -0.030077 0.1592
0.98944 36.461 65.81 58.099 60.211 -0.17814 0.1512
0.9883 36.393 64.387 57.758 60.261 -0.28059 0.14512
0.98714 36.369 63.365 57.518 60.298 -0.33779 0.14107
0.98603 36.392 62.799 57.376 60.323 -0.3525 0.13908
0.98499 36.456 62.71 57.325 60.336 -0.32956 0.13912
0.98404 36.558 63.088 57.353 60.336 -0.2753 0.14109
0.98319 36.689 63.892 57.444 60.325 -0.19696 0.14485
0.98243 36.844 65.057 57.582 60.303 -0.10203 0.15025
0.98174 37.014 66.497 57.751 60.273 0.0023506 0.15713
0.98112 37.192 68.118 57.937 60.237 0.10997 0.16533
0.98056 37.372 69.825 58.129 60.198 0.21592 0.17469
0.98004 37.552 71.535 58.321 60.159 0.3169 0.18507
0.97956 37.73 73.178 58.512 60.125 0.41123 0.19632
0.97912 37.906 74.707 58.703 60.098 0.49885 0.20833
0.97874 38.083 76.098 58.901 60.084 0.58097 0.22094
0.97842 38.263 77.351 59.115 60.084 0.65977 0.23403
0.97818 38.449 78.482 59.354 60.101 0.73792 0.24742
0.97803 38.643 79.523 59.626 60.136 0.81807 0.26095
0.97797 38.845 80.506 59.939 60.189 0.9024 0.27442
0.97802 39.053 81.467 60.293 60.257 0.99225 0.28762
0.97817 39.26 82.429 60.688 60.337 1.0878 0.30033
0.97843 39.459 83.404 61.116 60.425 1.1879 0.31233
0.97879 39.639 84.388 61.563 60.518 1.2902 0.32341
0.97923 39.788 85.359 62.011 60.608 1.3913 0.33337
0.97975 39.893 86.286 62.437 60.692 1.4869 0.34205
0.98033 39.94 87.126 62.817 60.766 1.5725 0.34932
0.98097 39.92 87.836 63.125 60.825 1.6436 0.3551
0.98165 39.826 88.376 63.335 60.868 1.6964 0.35935
0.98236 39.656 88.717 63.424 60.894 1.7284 0.36209
0.98309 39.413 88.844 63.375 60.906 1.7383 0.36337
0.98383 39.105 88.76 63.176 60.904 1.727 0.36328
0.98457 38.747 88.483 62.821 60.893 1.6969 0.36194
0.98529 38.358 88.048 62.315 60.878 1.6524 0.35949
0.98599 37.959 87.5 61.668 60.864 1.5995 0.35609
0.98665 37.575 86.888 60.899 60.857 1.5454 0.35191
0.98725 37.227 86.262 60.033 60.861 1.4979 0.34714
0.98778 36.938 85.662 59.102 60.882 1.4648 0.34194
0.98822 36.723 85.118 58.141 60.92 1.4535 0.33651
0.98855 36.595 84.647 57.187 60.98 1.4701 0.33105
0.98876 36.559 84.252 56.28 61.059 1.519 0.32578
0.98884 36.613 83.925 55.456 61.156 1.6024 0.32093
0.98879 36.751 83.649 54.749 61.268 1.72 0.31673
0.98859 36.96 83.407 54.188 61.389 1.8694 0.31344
0.98827 37.225 83.182 53.797 61.516 2.0453 0.31132
0.98784 37.528 82.965 53.592 61.64 2.2407 0.31062
0.98733 37.849 82.755 53.581 61.757 2.447 0.31155
0.98676 38.171 82.56 53.764 61.861 2.6544 0.3143
0.98618 38.477 82.396 54.134 61.947 2.8528 0.31899
0.98561 38.754 82.282 54.676 62.012 3.0326 0.32564
0.98512 38.993 82.242 55.367 62.053 3.1849 0.33419
0.98472 39.187 82.293 56.181 62.07 3.3026 0.34446
0.98445 39.336 82.446 57.085 62.063 3.3805 0.35614
0.98433 39.44 82.703 58.045 62.035 3.4157 0.36882
0.98437 39.505 83.054 59.026 61.986 3.4077 0.38198
0.98457 39.535 83.478 59.993 61.921 3.3582 0.39499
0.98492 39.538 83.945 60.913 61.841 3.2713 0.4072
0.98538 39.521 84.422 61.757 61.752 3.1527 0.41788
0.98593 39.492 84.872 62.501 61.653 3.0092 0.42637
0.98653 39.457 85.26 63.126 61.549 2.8486 0.43203
0.98714 39.419 85.558 63.619 61.441 2.6787 0.43434
0.98772 39.382 85.746 63.973 61.329 2.5071 0.43289
0.98825 39.349 85.815 64.188 61.215 2.3405 0.42748
0.9887 39.32 85.767 64.268 61.099 2.1844 0.41806
0.98904 39.294 85.611 64.224 60.983 2.043 0.40482
0.98928 39.271 85.366 64.07 60.867 1.919 0.38813
0.9894 39.249 85.057 63.823 60.752 1.8136 0.36856
0.98942 39.228 84.708 63.5 60.641 1.7266 0.34685
0.98934 39.205 84.345 63.121 60.536 1.6568 0.32385
0.98918 39.18 83.99 62.706 60.438 1.6023 0.30053
0.98895 39.153 83.659 62.272 60.351 1.5604 0.27785
0.98868 39.124 83.363 61.836 60.275 1.5285 0.25676
0.98838 39.093 83.109 61.412 60.213 1.5041 0.23814
0.98806 39.061 82.894 61.012 60.166 1.485 0.22274
0.98776 39.031 82.717 60.648 60.134 1.4695 0.21114
0.98748 39.003 82.569 60.325 60.116 1.4565 0.2037
0.98725 38.98 82.443 60.052 60.112 1.4454 0.20059
0.98706 38.965 82.33 59.832 60.118 1.436 0.20172
0.98694 38.959 82.225 59.667 60.133 1.4285 0.20682
0.98688 38.966 82.125 59.561 60.153 1.4233 0.21539
0.98689 38.986 82.03 59.513 60.176 1.4209 0.2268
0.98697 39.022 81.944 59.523 60.197 1.4213 0.24029
0.98711 39.074 81.877 59.59 60.214 1.4246 0.25505
0.98729 39.142 81.839 59.71 60.226 1.4306 0.27024
0.9875 39.225 81.845 59.88 60.229 1.4386 0.28509
0.98774 39.322 81.911 60.094 60.224 1.4482 0.29891
0.98798 39.43 82.051 60.346 60.21 1.4586 0.31116
0.9882 39.547 82.278 60.628 60.188 1.4694 0.32147
0.9884 39.67 82.598 60.931 60.159 1.4804 0.32967
0.98856 39.796 83.012 61.244 60.126 1.4921 0.33577
0.98867 39.921 83.513 61.558 60.09 1.5053 0.34
0.98873 40.044 84.087 61.863 60.056 1.5218 0.34272
0.98875 40.161 84.708 62.151 60.027 1.5439 0.34449
0.98871 40.27 85.347 62.412 60.006 1.5742 0.3459
0.98864 40.37 85.969 62.642 59.997 1.6158 0.34762
0.98854 40.459 86.536 62.837 60.004 1.6716 0.35031
0.98842 40.535 87.014 62.995 60.029 1.7442 0.35453
0.9883 40.596 87.37 63.118 60.073 1.8355 0.36077
0.98819 40.641 87.584 63.208 60.137 1.9462 0.3693
0.98809 40.668 87.645 63.271 60.22 2.0758 0.38022
0.98801 40.676 87.554 63.313 60.32 2.2225 0.39343
0.98797 40.663 87.327 63.339 60.434 2.3828 0.40857
0.98796 40.628 86.99 63.355 60.559 2.5518 0.42511
0.98798 40.572 86.581 63.368 60.687 2.7235 0.4423
0.98803 40.496 86.143 63.379 60.815 2.8913 0.4593
0.98811 40.4 85.721 63.391 60.936 3.0478 0.47517
0.98822 40.289 85.357 63.401 61.045 3.1863 0.48896
0.98833 40.165 85.088 63.408 61.138 3.3004 0.4998
0.98846 40.034 84.94 63.405 61.211 3.385 0.50692
0.98858 39.901 84.926 63.387 61.262 3.4367 0.50977
0.98869 39.771 85.048 63.346 61.288 3.4538 0.50803
0.9888 39.65 85.293 63.277 61.292 3.4368 0.50164
0.98888 39.542 85.641 63.173 61.274 3.3878 0.49086
