//co2 data for Study 26 _2
steady: none
chosen_param: SaO2sup, Pa_CO2, P_a, Vmca_d, TOI_d, HbT_d, CCO_d
time_step: 1.0
******
0.98952 42.779 71.108 45.863 76.814 0.007029 0.00065387
0.98885 42.715 70.859 46.305 76.627 0.18803 -0.011874
0.9882 42.66 70.633 46.736 76.446 0.36359 -0.024344
0.98759 42.623 70.449 47.151 76.278 0.53002 -0.036665
0.98705 42.609 70.324 47.548 76.13 0.68431 -0.048743
0.98657 42.624 70.267 47.926 76.006 0.82422 -0.060478
0.98617 42.67 70.28 48.284 75.91 0.94845 -0.071765
0.98586 42.746 70.355 48.624 75.841 1.0566 -0.08249
0.98564 42.849 70.477 48.949 75.801 1.1492 -0.092533
0.9855 42.976 70.628 49.262 75.786 1.2273 -0.10177
0.98545 43.119 70.782 49.567 75.792 1.2927 -0.11007
0.98547 43.272 70.916 49.867 75.815 1.3474 -0.11731
0.98555 43.428 71.005 50.167 75.851 1.3935 -0.12337
0.98567 43.579 71.028 50.468 75.895 1.4327 -0.12815
0.98582 43.72 70.97 50.772 75.942 1.4665 -0.13155
0.98599 43.846 70.822 51.078 75.989 1.4958 -0.13353
0.98615 43.954 70.579 51.384 76.033 1.5208 -0.13404
0.98628 44.042 70.244 51.687 76.073 1.5411 -0.13308
0.98639 44.11 69.823 51.983 76.108 1.556 -0.1307
0.98647 44.161 69.326 52.267 76.136 1.564 -0.12695
0.98651 44.194 68.768 52.533 76.16 1.5638 -0.12193
0.98651 44.213 68.165 52.777 76.18 1.5538 -0.11578
0.98649 44.22 67.536 52.993 76.197 1.5328 -0.10864
0.98644 44.217 66.902 53.178 76.214 1.5002 -0.10068
0.98637 44.205 66.285 53.328 76.232 1.456 -0.092091
0.98631 44.185 65.705 53.443 76.253 1.401 -0.083056
0.98625 44.157 65.185 53.523 76.277 1.3369 -0.073776
0.9862 44.122 64.743 53.569 76.306 1.2664 -0.064447
0.98618 44.079 64.396 53.584 76.34 1.1928 -0.055268
0.98618 44.029 64.156 53.572 76.379 1.12 -0.046435
0.98622 43.971 64.03 53.539 76.421 1.0525 -0.03814
0.98628 43.908 64.02 53.488 76.466 0.9947 -0.030571
0.98636 43.841 64.125 53.426 76.511 0.95089 -0.023911
0.98646 43.772 64.337 53.357 76.556 0.92483 -0.018336
0.98657 43.704 64.646 53.287 76.596 0.91955 -0.014008
0.98668 43.642 65.037 53.219 76.633 0.93704 -0.011073
0.98678 43.588 65.494 53.157 76.662 0.9781 -0.0096536
0.98686 43.545 65.998 53.104 76.685 1.0423 -0.0098416
0.98692 43.516 66.53 53.062 76.699 1.1277 -0.011689
0.98695 43.5 67.07 53.031 76.706 1.2316 -0.015202
0.98696 43.498 67.597 53.013 76.705 1.3497 -0.020333
0.98693 43.508 68.094 53.008 76.696 1.4773 -0.026978
0.98688 43.527 68.545 53.013 76.682 1.6089 -0.034974
0.98681 43.55 68.938 53.027 76.663 1.7391 -0.044099
0.98673 43.574 69.266 53.049 76.642 1.8622 -0.054083
0.98664 43.594 69.525 53.076 76.619 1.9735 -0.064611
0.98655 43.604 69.718 53.104 76.597 2.0688 -0.075338
0.98647 43.602 69.849 53.129 76.576 2.1447 -0.085904
0.9864 43.585 69.928 53.148 76.559 2.1995 -0.095951
0.98636 43.553 69.967 53.157 76.546 2.2324 -0.10514
0.98633 43.508 69.978 53.152 76.536 2.2438 -0.11316
0.98634 43.451 69.973 53.128 76.531 2.2356 -0.11977
0.98636 43.388 69.96 53.084 76.529 2.2104 -0.12476
0.98642 43.324 69.947 53.017 76.53 2.1717 -0.12802
0.9865 43.264 69.933 52.925 76.532 2.1234 -0.1295
0.9866 43.214 69.916 52.809 76.534 2.0696 -0.1292
0.98673 43.179 69.887 52.671 76.533 2.0143 -0.12723
0.98686 43.163 69.835 52.512 76.529 1.961 -0.12371
0.987 43.168 69.749 52.337 76.521 1.9128 -0.11884
0.98715 43.193 69.616 52.151 76.507 1.8719 -0.11284
0.98728 43.237 69.429 51.96 76.489 1.8397 -0.10592
0.98741 43.297 69.184 51.77 76.467 1.8167 -0.098328
0.98752 43.366 68.884 51.589 76.443 1.8026 -0.090277
0.9876 43.441 68.539 51.421 76.418 1.7965 -0.081967
0.98766 43.515 68.168 51.272 76.395 1.7969 -0.073568
0.98769 43.581 67.795 51.146 76.376 1.8022 -0.065218
0.9877 43.636 67.445 51.046 76.363 1.8106 -0.057028
0.98768 43.674 67.147 50.973 76.356 1.8204 -0.049079
0.98765 43.693 66.93 50.925 76.357 1.8302 -0.041435
0.98761 43.691 66.813 50.901 76.365 1.8392 -0.034144
0.98757 43.668 66.815 50.896 76.379 1.8467 -0.027252
0.98754 43.625 66.94 50.905 76.396 1.8528 -0.020806
0.98753 43.566 67.187 50.922 76.415 1.8578 -0.01486
0.98754 43.493 67.542 50.94 76.432 1.8626 -0.0094803
0.98759 43.411 67.983 50.954 76.445 1.8679 -0.004744
0.98766 43.324 68.482 50.958 76.451 1.8748 -0.00073714
0.98776 43.236 69.005 50.947 76.45 1.8839 0.0024518
0.98788 43.151 69.515 50.919 76.439 1.8958 0.0047397
0.98802 43.072 69.979 50.873 76.42 1.9105 0.0060585
0.98818 43.003 70.365 50.809 76.393 1.9278 0.0063659
0.98832 42.944 70.65 50.731 76.361 1.9468 0.0056552
0.98846 42.898 70.817 50.644 76.325 1.9664 0.0039636
0.98856 42.864 70.858 50.556 76.289 1.985 0.0013777
0.98863 42.842 70.775 50.476 76.255 2.0012 -0.0019645
0.98866 42.832 70.577 50.414 76.229 2.0132 -0.0058752
0.98863 42.833 70.28 50.38 76.211 2.0197 -0.010124
0.98855 42.845 69.906 50.385 76.205 2.0199 -0.014447
0.98842 42.866 69.48 50.438 76.214 2.0132 -0.018561
0.98824 42.895 69.032 50.549 76.237 1.9999 -0.022183
0.98803 42.931 68.59 50.721 76.277 1.9812 -0.02504
0.98778 42.974 68.186 50.957 76.333 1.9587 -0.026897
0.98753 43.023 67.847 51.257 76.403 1.9349 -0.027567
0.98728 43.075 67.599 51.614 76.486 1.9129 -0.026926
0.98705 43.132 67.465 52.019 76.579 1.8958 -0.024925
0.98686 43.19 67.46 52.459 76.679 1.8873 -0.021593
0.98671 43.251 67.594 52.919 76.783 1.8903 -0.017042
0.98662 43.313 67.864 53.377 76.885 1.9079 -0.011459
0.9866 43.377 68.262 53.816 76.982 1.9421 -0.0050984
0.98664 43.444 68.766 54.213 77.069 1.9939 0.0017326
0.98673 43.515 69.346 54.55 77.141 2.0634 0.0086883
0.98688 43.591 69.965 54.809 77.195 2.1491 0.015405
0.98706 43.674 70.577 54.979 77.227 2.2486 0.021518
0.98727 43.765 71.134 55.049 77.236 2.3578 0.026687
0.98748 43.866 71.591 55.019 77.22 2.4718 0.030606
0.98768 43.976 71.905 54.89 77.18 2.5849 0.033025
0.98786 44.096 72.041 54.671 77.119 2.6907 0.033759
0.988 44.223 71.979 54.376 77.04 2.7828 0.0327
0.98809 44.355 71.712 54.023 76.95 2.8552 0.02982
0.98812 44.488 71.249 53.634 76.853 2.9025 0.025173
0.9881 44.616 70.618 53.23 76.758 2.9206 0.018891
0.98802 44.733 69.86 52.833 76.672 2.9068 0.011181
0.98788 44.833 69.028 52.465 76.603 2.8606 0.0023126
0.98771 44.91 68.182 52.142 76.555 2.7831 -0.0073923
0.98751 44.959 67.381 51.877 76.534 2.6777 -0.017573
0.9873 44.974 66.682 51.678 76.543 2.5498 -0.027848
0.9871 44.954 66.132 51.547 76.582 2.4063 -0.037827
0.98691 44.897 65.763 51.48 76.65 2.2557 -0.047131
0.98676 44.805 65.593 51.469 76.743 2.1071 -0.055408
0.98665 44.679 65.623 51.504 76.856 1.9701 -0.062347
0.98659 44.527 65.839 51.568 76.981 1.8539 -0.06769
0.98658 44.353 66.214 51.647 77.111 1.7668 -0.071246
0.98663 44.165 66.712 51.724 77.238 1.7158 -0.072896
0.98671 43.971 67.293 51.785 77.355 1.7056 -0.072599
0.98683 43.779 67.913 51.818 77.455 1.739 -0.070391
0.98698 43.597 68.533 51.814 77.533 1.8162 -0.066386
0.98713 43.431 69.118 51.767 77.586 1.9349 -0.060766
0.98729 43.287 69.641 51.678 77.613 2.0903 -0.053776
0.98744 43.169 70.083 51.548 77.614 2.2759 -0.045708
0.98757 43.08 70.435 51.382 77.59 2.4832 -0.036892
0.98767 43.022 70.694 51.189 77.546 2.7029 -0.02768
0.98774 42.994 70.867 50.978 77.486 2.925 -0.01843
0.98779 42.995 70.966 50.76 77.415 3.1397 -0.0094922
0.9878 43.022 71.005 50.543 77.338 3.3381 -0.0011971
0.98778 43.071 71.002 50.338 77.26 3.5121 0.0061589
0.98774 43.139 70.973 50.152 77.185 3.6555 0.012323
0.98767 43.221 70.931 49.992 77.118 3.7641 0.017096
0.98759 43.311 70.885 49.861 77.059 3.8355 0.020335
0.98748 43.405 70.839 49.762 77.012 3.8695 0.021964
0.98736 43.497 70.791 49.697 76.974 3.8677 0.02197
0.98723 43.583 70.736 49.665 76.947 3.8334 0.020409
0.98708 43.658 70.665 49.666 76.928 3.7713 0.017399
0.98693 43.719 70.569 49.699 76.915 3.6868 0.013118
0.98678 43.763 70.438 49.762 76.905 3.586 0.007799
0.98664 43.788 70.267 49.854 76.897 3.4749 0.00172
0.9865 43.792 70.052 49.974 76.89 3.3594 -0.0048061
0.98637 43.775 69.797 50.119 76.881 3.2447 -0.011444
0.98626 43.738 69.51 50.289 76.87 3.1352 -0.017849
0.98617 43.68 69.202 50.48 76.858 3.0342 -0.023681
0.98611 43.605 68.89 50.688 76.846 2.9443 -0.028623
0.98607 43.516 68.592 50.91 76.836 2.8668 -0.032391
0.98606 43.415 68.326 51.14 76.829 2.8021 -0.034752
0.98608 43.306 68.107 51.37 76.826 2.7498 -0.035531
0.98613 43.193 67.947 51.592 76.83 2.7089 -0.034624
0.9862 43.079 67.853 51.799 76.84 2.6778 -0.032005
0.98629 42.97 67.826 51.981 76.859 2.6548 -0.027722
0.98639 42.867 67.862 52.129 76.884 2.6378 -0.021902
0.9865 42.774 67.954 52.236 76.916 2.6249 -0.014743
0.98662 42.692 68.089 52.295 76.952 2.6141 -0.0065058
0.98673 42.624 68.254 52.303 76.991 2.6039 0.0024988
0.98684 42.57 68.436 52.256 77.029 2.5929 0.011922
0.98694 42.531 68.624 52.157 77.066 2.5802 0.021393
0.98702 42.507 68.809 52.007 77.099 2.5652 0.030538
0.9871 42.497 68.988 51.814 77.126 2.5478 0.038994
0.98715 42.503 69.157 51.587 77.146 2.5282 0.046425
0.98719 42.524 69.32 51.334 77.158 2.507 0.052539
0.98721 42.558 69.48 51.07 77.163 2.4853 0.057096
0.98722 42.607 69.642 50.805 77.162 2.4642 0.059924
0.98721 42.668 69.811 50.552 77.155 2.4452 0.060922
0.98718 42.742 69.988 50.324 77.144 2.4299 0.060064
0.98713 42.825 70.177 50.13 77.132 2.4198 0.057406
0.98707 42.917 70.373 49.98 77.12 2.4163 0.053076
0.98699 43.013 70.572 49.878 77.111 2.4206 0.047278
0.9869 43.111 70.766 49.83 77.105 2.4335 0.040278
0.9868 43.208 70.945 49.836 77.105 2.4553 0.032399
0.98669 43.3 71.1 49.896 77.11 2.4859 0.024006
0.98658 43.383 71.22 50.007 77.122 2.5245 0.015489
0.98648 43.456 71.299 50.164 77.138 2.5697 0.007253
0.9864 43.515 71.333 50.361 77.158 2.6199 -0.0003026
0.98634 43.559 71.324 50.591 77.181 2.6726 -0.0068016
0.98631 43.588 71.274 50.846 77.205 2.7255 -0.011908
0.98633 43.6 71.194 51.118 77.228 2.7758 -0.015341
0.98639 43.596 71.095 51.4 77.248 2.8209 -0.016894
0.9865 43.577 70.994 51.685 77.264 2.8585 -0.016442
0.98664 43.544 70.906 51.965 77.275 2.8866 -0.013955
0.98682 43.499 70.847 52.236 77.28 2.904 -0.0095012
0.98702 43.444 70.831 52.49 77.279 2.91 -0.0032496
0.98724 43.381 70.87 52.725 77.271 2.9046 0.0045359
0.98744 43.312 70.968 52.934 77.258 2.8887 0.013505
0.98762 43.241 71.129 53.115 77.239 2.8638 0.023237
0.98777 43.17 71.345 53.264 77.217 2.832 0.033257
0.98788 43.102 71.609 53.377 77.191 2.7958 0.043066
0.98793 43.039 71.906 53.452 77.163 2.7579 0.052163
0.98793 42.984 72.216 53.487 77.134 2.7208 0.060074
0.98788 42.938 72.522 53.478 77.106 2.6872 0.066386
0.98778 42.903 72.801 53.426 77.08 2.6588 0.070768
0.98765 42.879 73.036 53.33 77.057 2.6372 0.072999
0.9875 42.866 73.211 53.191 77.037 2.6229 0.072983
0.98734 42.863 73.313 53.011 77.022 2.6159 0.07076
0.98719 42.87 73.338 52.793 77.011 2.6153 0.066509
0.98706 42.885 73.284 52.542 77.006 2.6195 0.060538
0.98696 42.908 73.155 52.265 77.005 2.6265 0.053267
0.9869 42.936 72.96 51.97 77.008 2.6337 0.045205
0.98689 42.968 72.712 51.666 77.014 2.6386 0.036912
0.98691 43.003 72.422 51.363 77.021 2.6388 0.028964
0.98696 43.041 72.106 51.072 77.029 2.6323 0.021912
0.98704 43.078 71.779 50.805 77.036 2.6175 0.016241
0.98713 43.115 71.453 50.57 77.041 2.5937 0.012334
0.98722 43.149 71.142 50.379 77.044 2.5612 0.010446
0.98731 43.178 70.858 50.238 77.043 2.5209 0.010682
0.98739 43.2 70.612 50.154 77.041 2.475 0.012989
0.98745 43.212 70.413 50.129 77.036 2.4263 0.017164
0.98749 43.214 70.271 50.164 77.031 2.3782 0.022867
0.98752 43.201 70.192 50.254 77.026 2.3345 0.029651
0.98753 43.174 70.182 50.394 77.024 2.2991 0.036998
0.98753 43.131 70.242 50.574 77.025 2.276 0.04436
0.98754 43.074 70.372 50.782 77.031 2.2683 0.051205
0.98754 43.003 70.566 51.003 77.042 2.2787 0.057056
0.98755 42.923 70.814 51.222 77.061 2.3085 0.06153
0.98757 42.837 71.101 51.425 77.085 2.3583 0.064364
0.98759 42.751 71.41 51.596 77.115 2.4272 0.065433
0.98762 42.672 71.717 51.723 77.15 2.5129 0.064754
0.98765 42.606 71.999 51.795 77.187 2.6123 0.062477
0.98767 42.559 72.232 51.808 77.225 2.7209 0.058869
0.98769 42.537 72.396 51.757 77.262 2.8336 0.054283
0.98769 42.544 72.473 51.647 77.297 2.9451 0.049125
0.98766 42.583 72.453 51.484 77.326 3.0496 0.043816
0.98762 42.654 72.33 51.279 77.35 3.1419 0.038758
0.98754 42.755 72.108 51.046 77.368 3.2173 0.034296
0.98745 42.882 71.795 50.803 77.38 3.2719 0.030702
0.98733 43.028 71.409 50.569 77.387 3.3032 0.028149
0.98719 43.186 70.97 50.362 77.389 3.31 0.026715
0.98705 43.348 70.504 50.201 77.389 3.2926 0.026377
0.9869 43.505 70.04 50.1 77.388 3.2525 0.027033
0.98675 43.648 69.608 50.071 77.389 3.1928 0.028517
0.9866 43.77 69.234 50.122 77.393 3.1175 0.030625
0.98648 43.868 68.942 50.254 77.402 3.0313 0.03314
0.98637 43.936 68.75 50.465 77.416 2.9398 0.03586
0.98628 43.975 68.671 50.747 77.435 2.8481 0.038617
0.98621 43.986 68.707 51.087 77.459 2.7615 0.041289
0.98617 43.972 68.854 51.468 77.486 2.6845 0.043809
0.98614 43.937 69.1 51.873 77.514 2.6206 0.046164
0.98613 43.888 69.427 52.281 77.541 2.5722 0.048387
0.98614 43.83 69.811 52.673 77.565 2.5406 0.050538
0.98615 43.769 70.225 53.031 77.584 2.5255 0.052691
0.98617 43.711 70.642 53.339 77.597 2.5256 0.054909
0.9862 43.66 71.034 53.588 77.603 2.5383 0.057227
0.98622 43.617 71.376 53.769 77.602 2.5603 0.059636
0.98625 43.585 71.646 53.881 77.594 2.5877 0.062074
0.98627 43.562 71.829 53.925 77.58 2.6163 0.06442
0.98628 43.546 71.916 53.908 77.562 2.6421 0.066503
0.98629 43.535 71.907 53.841 77.543 2.6612 0.068112
0.9863 43.525 71.806 53.736 77.523 2.6707 0.069014
0.98629 43.512 71.625 53.606 77.504 2.6684 0.06898
0.98628 43.494 71.382 53.465 77.488 2.6532 0.067806
0.98626 43.47 71.096 53.327 77.476 2.6251 0.065339
0.98625 43.439 70.787 53.204 77.468 2.5849 0.061498
0.98623 43.403 70.474 53.104 77.463 2.5345 0.056287
0.98623 43.364 70.172 53.033 77.462 2.4767 0.049803
0.98623 43.326 69.894 52.993 77.463 2.4146 0.042235
0.98626 43.294 69.649 52.984 77.465 2.3516 0.033851
0.9863 43.273 69.44 53.003 77.469 2.2914 0.024983
0.98637 43.267 69.269 53.044 77.473 2.2373 0.015998
0.98646 43.28 69.137 53.1 77.478 2.1922 0.0072712
0.98658 43.315 69.041 53.162 77.483 2.1586 -0.00084306
0.98671 43.371 68.977 53.223 77.488 2.1382 -0.0080436
0.98686 43.449 68.943 53.274 77.493 2.132 -0.014105
0.98702 43.543 68.933 53.309 77.499 2.1404 -0.018895
0.98717 43.651 68.943 53.323 77.507 2.163 -0.022385
0.98731 43.766 68.969 53.314 77.515 2.1989 -0.024649
0.98741 43.882 69.005 53.281 77.524 2.2466 -0.025854
0.98747 43.991 69.048 53.225 77.532 2.3044 -0.02624
0.98748 44.087 69.094 53.147 77.539 2.3703 -0.0261
0.98742 44.165 69.139 53.054 77.543 2.442 -0.025741
0.9873 44.22 69.18 52.948 77.543 2.5172 -0.025462
0.98712 44.248 69.217 52.835 77.537 2.5939 -0.025517
0.98689 44.247 69.247 52.721 77.522 2.6699 -0.026092
0.98662 44.217 69.271 52.609 77.497 2.7432 -0.027286
0.98633 44.16 69.29 52.504 77.462 2.8121 -0.029098
0.98603 44.079 69.302 52.408 77.416 2.8749 -0.031428
0.98575 43.978 69.311 52.322 77.358 2.9303 -0.034088
0.98551 43.861 69.315 52.246 77.291 2.977 -0.036817
0.98533 43.736 69.315 52.179 77.214 3.0143 -0.039311
0.98521 43.607 69.309 52.117 77.132 3.0415 -0.041249
0.98517 43.48 69.295 52.058 77.046 3.0585 -0.042333
0.98519 43.362 69.271 51.997 76.96 3.0655 -0.042316
0.98529 43.255 69.235 51.929 76.878 3.0631 -0.041033
0.98544 43.164 69.187 51.852 76.803 3.0525 -0.03842
0.98564 43.09 69.126 51.76 76.738 3.0353 -0.034527
0.98587 43.033 69.055 51.651 76.686 3.0136 -0.029521
0.98611 42.994 68.977 51.524 76.649 2.9896 -0.023674
0.98635 42.97 68.896 51.379 76.628 2.9661 -0.017344
0.98658 42.958 68.819 51.217 76.623 2.9458 -0.010944
0.98678 42.957 68.752 51.044 76.633 2.9315 -0.0049129
0.98694 42.962 68.699 50.865 76.656 2.9256 0.00033122
0.98707 42.972 68.664 50.686 76.69 2.9301 0.0044238
0.98716 42.984 68.651 50.518 76.733 2.9464 0.0070905
0.98722 42.997 68.659 50.37 76.779 2.975 0.0081746
0.98726 43.009 68.687 50.252 76.828 3.0156 0.0076552
0.98728 43.021 68.733 50.172 76.875 3.0667 0.005654
0.98729 43.033 68.792 50.14 76.92 3.1258 0.0024299
0.9873 43.045 68.859 50.162 76.961 3.1896 -0.0016388
0.98731 43.058 68.931 50.24 76.997 3.2538 -0.0060823
0.98733 43.072 69.003 50.375 77.029 3.3136 -0.010376
0.98736 43.088 69.07 50.562 77.059 3.364 -0.013985
0.9874 43.106 69.129 50.795 77.088 3.3997 -0.016405
0.98744 43.125 69.174 51.062 77.118 3.4162 -0.017208
0.98747 43.144 69.2 51.349 77.151 3.4092 -0.016083
0.98748 43.162 69.2 51.638 77.188 3.3759 -0.012859
0.98748 43.177 69.165 51.913 77.23 3.3146 -0.0075328
0.98744 43.188 69.087 52.153 77.276 3.2251 -0.00026804
0.98738 43.192 68.957 52.342 77.325 3.109 0.0086054
0.98728 43.19 68.765 52.463 77.376 2.9696 0.018612
0.98716 43.179 68.507 52.503 77.427 2.8118 0.029161
0.98702 43.16 68.182 52.453 77.473 2.6418 0.039582
0.98686 43.133 67.792 52.307 77.512 2.4673 0.049174
0.98671 43.098 67.349 52.067 77.542 2.2965 0.057248
0.98658 43.056 66.872 51.735 77.56 2.138 0.063176
0.98647 43.008 66.382 51.32 77.564 2.0003 0.066431
0.9864 42.956 65.909 50.833 77.553 1.8914 0.06662
0.98639 42.899 65.482 50.286 77.528 1.8178 0.063513
0.98642 42.838 65.128 49.695 77.488 1.7848 0.057048
0.98651 42.77 64.87 49.074 77.435 1.7956 0.047342
0.98665 42.694 64.725 48.436 77.37 1.8512 0.03467
0.98683 42.606 64.698 47.793 77.294 1.9504 0.019452
0.98702 42.501 64.781 47.153 77.21 2.0896 0.00222
0.98722 42.374 64.96 46.523 77.12 2.2631 -0.016418
0.98741 42.217 65.21 45.905 77.025 2.4631 -0.035815
0.98757 42.027 65.5 45.299 76.926 2.6806 -0.055328
0.98768 41.796 65.798 44.703 76.826 2.9052 -0.074351
0.98774 41.523 66.076 44.114 76.726 3.1263 -0.092347
0.98774 41.206 66.31 43.527 76.626 3.333 -0.10888
0.98768 40.845 66.489 42.937 76.527 3.5153 -0.12362
0.98757 40.444 66.607 42.34 76.431 3.6642 -0.13636
0.98741 40.011 66.673 41.735 76.338 3.7722 -0.14702
0.98722 39.552 66.702 41.122 76.248 3.8338 -0.15563
0.98702 39.08 66.715 40.504 76.161 3.8457 -0.16232
0.98683 38.604 66.731 39.888 76.079 3.8066 -0.16729
0.98667 38.138 66.771 39.281 76.001 3.7178 -0.17082
0.98656 37.692 66.847 38.695 75.927 3.5825 -0.17322
0.9865 37.277 66.964 38.143 75.86 3.4058 -0.17478
0.98651 36.901 67.117 37.637 75.799 3.1946 -0.17582
0.98659 36.571 67.294 37.191 75.748 2.9569 -0.17662
0.98673 36.291 67.475 36.818 75.706 2.7015 -0.1774
0.98692 36.065 67.639 36.529 75.677 2.4379 -0.17837
0.98715 35.891 67.768 36.332 75.663 2.1754 -0.17966
0.98741 35.768 67.844 36.232 75.665 1.9232 -0.18136
0.98766 35.692 67.859 36.229 75.684 1.6897 -0.18349
0.98789 35.659 67.814 36.32 75.722 1.4824 -0.18606
0.98809 35.66 67.715 36.498 75.778 1.3075 -0.18902
0.98823 35.689 67.578 36.752 75.851 1.1699 -0.19233
0.9883 35.737 67.424 37.067 75.938 1.0728 -0.19589
0.9883 35.795 67.276 37.427 76.035 1.0179 -0.19962
0.98822 35.856 67.157 37.812 76.139 1.0051 -0.20345
0.98807 35.91 67.085 38.204 76.243 1.0327 -0.20731
0.98786 35.95 67.075 38.582 76.343 1.0973 -0.21113
0.9876 35.97 67.134 38.93 76.433 1.1944 -0.21485
0.98731 35.965 67.262 39.231 76.508 1.3181 -0.21845
0.98701 35.932 67.453 39.473 76.565 1.4615 -0.2219
0.98673 35.868 67.693 39.646 76.598 1.6172 -0.22518
0.98648 35.774 67.965 39.745 76.607 1.7775 -0.22827
0.98627 35.651 68.249 39.768 76.591 1.9348 -0.23118
0.98614 35.505 68.522 39.715 76.55 2.0817 -0.23388
0.98607 35.339 68.763 39.594 76.487 2.2118 -0.23637
0.98609 35.16 68.952 39.41 76.405 2.3197 -0.23862
0.98618 34.977 69.073 39.175 76.308 2.4011 -0.24058
0.98633 34.795 69.117 38.901 76.203 2.4533 -0.24223
0.98655 34.621 69.077 38.599 76.093 2.4752 -0.24349
0.98681 34.462 68.954 38.281 75.985 2.4671 -0.24431
0.98709 34.321 68.755 37.96 75.884 2.4309 -0.2446
0.98739 34.201 68.491 37.646 75.795 2.3697 -0.2443
0.98767 34.103 68.178 37.346 75.719 2.2879 -0.24332
0.98792 34.025 67.835 37.069 75.66 2.1906 -0.2416
0.98813 33.961 67.48 36.818 75.618 2.0834 -0.23907
0.98829 33.908 67.134 36.596 75.592 1.972 -0.2357
0.9884 33.857 66.816 36.403 75.58 1.8621 -0.23146
0.98844 33.8 66.542 36.237 75.58 1.7588 -0.22636
0.98843 33.73 66.328 36.095 75.59 1.6667 -0.22044
0.98837 33.639 66.185 35.974 75.605 1.5891 -0.21376
0.98825 33.523 66.123 35.868 75.623 1.5286 -0.2064
0.98809 33.375 66.146 35.773 75.64 1.4864 -0.19849
0.9879 33.197 66.259 35.685 75.654 1.4627 -0.19015
0.98768 32.987 66.459 35.6 75.663 1.4566 -0.18152
0.98744 32.752 66.743 35.514 75.666 1.466 -0.17276
0.98718 32.495 67.105 35.428 75.661 1.4884 -0.164
0.98692 32.226 67.533 35.341 75.649 1.5203 -0.15539
0.98667 31.955 68.015 35.254 75.63 1.5581 -0.14704
0.98643 31.691 68.535 35.169 75.605 1.5978 -0.13904
0.98622 31.444 69.072 35.089 75.575 1.6357 -0.13148
0.98603 31.224 69.608 35.02 75.542 1.6683 -0.1244
0.98589 31.037 70.12 34.964 75.508 1.6924 -0.11785
0.98578 30.89 70.587 34.926 75.475 1.7058 -0.11185
0.98573 30.784 70.988 34.909 75.445 1.7065 -0.10641
0.98573 30.72 71.308 34.916 75.42 1.6936 -0.10157
0.98578 30.695 71.532 34.948 75.402 1.6669 -0.09736
0.98587 30.704 71.654 35.004 75.394 1.6268 -0.093826
0.986 30.74 71.671 35.084 75.395 1.5746 -0.091041
0.98615 30.797 71.587 35.183 75.408 1.512 -0.089096
0.98632 30.866 71.414 35.297 75.433 1.441 -0.088097
0.98649 30.94 71.166 35.42 75.469 1.364 -0.08816
0.98666 31.013 70.866 35.544 75.515 1.2837 -0.089395
0.9868 31.078 70.536 35.664 75.571 1.2024 -0.091897
0.98693 31.132 70.202 35.772 75.633 1.1224 -0.095726
0.98702 31.172 69.888 35.861 75.698 1.0457 -0.1009
0.98709 31.198 69.616 35.925 75.764 0.97387 -0.10737
0.98714 31.211 69.403 35.96 75.826 0.90791 -0.11502
0.98717 31.211 69.261 35.964 75.88 0.8484 -0.12367
0.98718 31.201 69.194 35.934 75.924 0.79541 -0.13304
0.9872 31.185 69.197 35.872 75.955 0.74858 -0.14283
0.98721 31.165 69.26 35.78 75.969 0.70717 -0.15265
0.98723 31.144 69.365 35.66 75.967 0.67017 -0.16212
0.98726 31.125 69.49 35.519 75.948 0.63645 -0.17084
0.9873 31.11 69.613 35.361 75.913 0.60484 -0.17845
0.98736 31.1 69.713 35.192 75.865 0.5743 -0.18463
0.98741 31.096 69.773 35.02 75.807 0.54397 -0.18917
0.98747 31.098 69.78 34.848 75.742 0.51332 -0.19195
0.98753 31.105 69.733 34.683 75.676 0.48212 -0.19298
0.98759 31.116 69.637 34.53 75.611 0.45052 -0.19239
0.98763 31.13 69.503 34.391 75.553 0.41902 -0.19044
0.98766 31.145 69.35 34.269 75.505 0.3884 -0.1875
0.98767 31.159 69.198 34.167 75.47 0.35966 -0.18404
0.98766 31.171 69.07 34.086 75.448 0.33391 -0.18056
0.98764 31.179 68.982 34.026 75.44 0.31229 -0.17761
0.98759 31.184 68.95 33.987 75.446 0.29586 -0.17572
0.98752 31.183 68.976 33.97 75.464 0.28551 -0.17535
0.98745 31.179 69.06 33.974 75.491 0.28189 -0.17689
0.98736 31.17 69.189 33.998 75.526 0.28536 -0.18059
0.98726 31.158 69.345 34.042 75.565 0.29597 -0.18656
0.98716 31.144 69.508 34.105 75.605 0.31349 -0.19476
0.98706 31.131 69.652 34.187 75.645 0.33742 -0.20496
0.98696 31.121 69.755 34.285 75.682 0.36706 -0.21683
0.98688 31.115 69.801 34.397 75.717 0.40154 -0.22985
0.98681 31.116 69.779 34.521 75.747 0.43992 -0.24343
0.98675 31.124 69.686 34.653 75.773 0.48124 -0.25693
0.98672 31.142 69.53 34.788 75.795 0.52453 -0.26965
0.9867 31.169 69.326 34.923 75.812 0.56887 -0.28093
0.98671 31.205 69.097 35.051 75.825 0.6134 -0.29017
0.98675 31.248 68.868 35.166 75.833 0.65728 -0.29688
0.98681 31.297 68.67 35.265 75.835 0.6997 -0.30068
0.9869 31.347 68.527 35.34 75.831 0.73982 -0.30136
0.987 31.397 68.461 35.39 75.818 0.77678 -0.29887
0.98713 31.441 68.486 35.409 75.797 0.80961 -0.29333
0.98727 31.478 68.606 35.398 75.766 0.8373 -0.28503
0.98741 31.503 68.816 35.356 75.724 0.85875 -0.27436
0.98755 31.515 69.1 35.285 75.672 0.87287 -0.26187
0.98768 31.51 69.434 35.188 75.61 0.87857 -0.24815
0.98779 31.49 69.786 35.069 75.54 0.87491 -0.23385
0.98789 31.452 70.125 34.935 75.465 0.86116 -0.21961
0.98797 31.4 70.416 34.791 75.387 0.83688 -0.20605
0.98802 31.334 70.631 34.644 75.309 0.80206 -0.19368
0.98804 31.257 70.75 34.5 75.235 0.75713 -0.18298
0.98804 31.172 70.762 34.366 75.168 0.70306 -0.17425
0.98802 31.083 70.666 34.245 75.11 0.6413 -0.16771
0.98797 30.993 70.475 34.142 75.064 0.57379 -0.16344
0.98791 30.905 70.211 34.06 75.031 0.50287 -0.16138
0.98783 30.822 69.904 34 75.01 0.43113 -0.1614
0.98775 30.748 69.588 33.963 75.002 0.3613 -0.16324
0.98766 30.685 69.299 33.947 75.005 0.29608 -0.1666
0.98756 30.634 69.07 33.953 75.018 0.23791 -0.17112
0.98747 30.599 68.929 33.979 75.039 0.18889 -0.17645
0.98739 30.58 68.896 34.023 75.067 0.15058 -0.18223
0.98732 30.579 68.98 34.086 75.099 0.1239 -0.18811
0.98726 30.596 69.183 34.164 75.134 0.10909 -0.19382
0.98722 30.631 69.494 34.259 75.171 0.10568 -0.19912
0.9872 30.684 69.898 34.369 75.208 0.11253 -0.20385
0.98721 30.753 70.37 34.494 75.246 0.12792 -0.20791
0.98724 30.835 70.885 34.634 75.284 0.14967 -0.21126
0.98729 30.928 71.415 34.786 75.322 0.17532 -0.21393
0.98737 31.028 71.932 34.949 75.359 0.20225 -0.21599
0.98746 31.13 72.413 35.121 75.396 0.22793 -0.21757
0.98757 31.23 72.839 35.298 75.432 0.24999 -0.21882
0.98769 31.322 73.197 35.474 75.467 0.26646 -0.21989
0.98782 31.402 73.482 35.645 75.499 0.27579 -0.22099
0.98795 31.465 73.692 35.803 75.529 0.27698 -0.22227
0.98807 31.508 73.833 35.942 75.554 0.26954 -0.2239
0.98817 31.528 73.916 36.055 75.573 0.25353 -0.22603
0.98826 31.525 73.953 36.137 75.585 0.22946 -0.22876
0.98832 31.497 73.957 36.183 75.59 0.19822 -0.23217
0.98835 31.448 73.94 36.189 75.586 0.16095 -0.23627
0.98835 31.378 73.911 36.154 75.573 0.11893 -0.24104
0.98832 31.294 73.877 36.079 75.551 0.073458 -0.2464
0.98827 31.198 73.837 35.969 75.521 0.025745 -0.25223
0.98819 31.095 73.79 35.828 75.484 -0.023184 -0.25834
0.9881 30.992 73.73 35.663 75.442 -0.072545 -0.26452
0.98799 30.891 73.647 35.485 75.396 -0.12183 -0.27051
0.98789 30.798 73.533 35.303 75.349 -0.17078 -0.27604
0.98779 30.714 73.379 35.128 75.303 -0.21941 -0.28084
0.98771 30.642 73.178 34.97 75.259 -0.26787 -0.28464
0.98764 30.582 72.925 34.837 75.22 -0.31646 -0.28723
0.9876 30.536 72.623 34.737 75.187 -0.36546 -0.2884
0.98759 30.501 72.276 34.676 75.16 -0.41511 -0.28804
0.9876 30.478 71.895 34.654 75.141 -0.46548 -0.28609
0.98764 30.465 71.494 34.673 75.129 -0.51645 -0.28259
0.98769 30.46 71.091 34.728 75.124 -0.56763 -0.27764
0.98776 30.463 70.706 34.815 75.125 -0.61838 -0.27141
0.98783 30.472 70.36 34.925 75.131 -0.66779 -0.26415
0.98791 30.487 70.073 35.05 75.14 -0.71476 -0.25615
0.98798 30.506 69.859 35.18 75.151 -0.75802 -0.24776
0.98804 30.527 69.732 35.304 75.162 -0.79623 -0.2393
0.98808 30.55 69.695 35.416 75.173 -0.82809 -0.23112
0.98811 30.573 69.749 35.506 75.181 -0.85244 -0.22351
0.98811 30.594 69.885 35.57 75.186 -0.86832 -0.21674
0.98809 30.61 70.092 35.605 75.189 -0.8751 -0.21101
0.98806 30.62 70.351 35.612 75.189 -0.87253 -0.20644
0.988 30.622 70.641 35.591 75.187 -0.86077 -0.20307
0.98794 30.614 70.942 35.549 75.184 -0.84042 -0.20089
0.98788 30.596 71.23 35.491 75.181 -0.8125 -0.19981
0.98783 30.569 71.489 35.427 75.178 -0.77842 -0.19966
0.98779 30.535 71.703 35.365 75.178 -0.73987 -0.20025
0.98777 30.498 71.863 35.314 75.182 -0.69877 -0.20137
0.98778 30.463 71.965 35.282 75.189 -0.65714 -0.20278
0.98782 30.435 72.009 35.274 75.2 -0.61698 -0.20426
0.98788 30.423 72.003 35.297 75.214 -0.58018 -0.20561
0.98797 30.433 71.957 35.351 75.232 -0.54838 -0.20667
0.98809 30.472 71.884 35.437 75.25 -0.52292 -0.20735
0.98821 30.545 71.801 35.551 75.268 -0.50473 -0.20759
0.98833 30.655 71.723 35.689 75.283 -0.49436 -0.2074
0.98844 30.803 71.666 35.844 75.293 -0.4919 -0.20683
0.98853 30.986 71.644 36.008 75.297 -0.49707 -0.20599
0.98859 31.197 71.666 36.173 75.292 -0.50925 -0.20503
0.98861 31.428 71.736 36.328 75.279 -0.52754 -0.20409
0.98859 31.667 71.852 36.468 75.256 -0.55087 -0.20335
0.98852 31.901 72.006 36.584 75.225 -0.57811 -0.20297
0.9884 32.114 72.187 36.673 75.186 -0.60818 -0.20308
0.98826 32.292 72.376 36.73 75.142 -0.64008 -0.20377
0.98809 32.425 72.555 36.754 75.095 -0.67306 -0.20511
0.9879 32.501 72.703 36.747 75.047 -0.70658 -0.20708
0.98772 32.516 72.805 36.711 75.001 -0.7404 -0.20964
0.98755 32.467 72.848 36.65 74.958 -0.77455 -0.21267
0.98742 32.357 72.826 36.57 74.921 -0.80928 -0.21602
0.98732 32.194 72.74 36.475 74.892 -0.84504 -0.21952
0.98727 31.989 72.596 36.373 74.87 -0.8824 -0.22296
0.98727 31.753 72.406 36.269 74.858 -0.92194 -0.22612
0.98731 31.503 72.187 36.168 74.855 -0.96416 -0.22881
0.9874 31.252 71.956 36.075 74.86 -1.0094 -0.23086
0.98752 31.016 71.729 35.993 74.875 -1.0579 -0.23213
0.98766 30.806 71.523 35.925 74.896 -1.1095 -0.23254
0.9878 30.632 71.35 35.873 74.924 -1.1637 -0.23204
0.98794 30.499 71.218 35.836 74.957 -1.2199 -0.23068
0.98805 30.41 71.133 35.816 74.993 -1.277 -0.22852
0.98813 30.365 71.096 35.81 75.031 -1.3339 -0.22569
0.98816 30.359 71.105 35.82 75.07 -1.3892 -0.22234
0.98815 30.386 71.156 35.842 75.108 -1.4415 -0.21867
0.9881 30.438 71.241 35.876 75.145 -1.4895 -0.21486
0.988 30.505 71.352 35.921 75.181 -1.5317 -0.2111
0.98786 30.58 71.481 35.977 75.215 -1.5673 -0.20756
0.9877 30.653 71.616 36.041 75.248 -1.5953 -0.20439
0.98752 30.718 71.75 36.113 75.28 -1.6153 -0.2017
0.98735 30.768 71.875 36.192 75.311 -1.6271 -0.19955
0.98718 30.8 71.987 36.278 75.342 -1.6308 -0.198
0.98704 30.812 72.086 36.368 75.372 -1.6269 -0.19706
0.98693 30.803 72.174 36.462 75.402 -1.6163 -0.19672
0.98685 30.775 72.258 36.557 75.43 -1.5998 -0.19695
0.9868 30.732 72.345 36.651 75.455 -1.5785 -0.19773
0.9868 30.678 72.447 36.742 75.477 -1.5539 -0.19905
0.98682 30.617 72.573 36.826 75.492 -1.5271 -0.2009
0.98686 30.555 72.73 36.9 75.501 -1.4994 -0.2033
0.98692 30.498 72.924 36.963 75.5 -1.4722 -0.20627
0.987 30.451 73.154 37.011 75.49 -1.4463 -0.20987
0.98707 30.419 73.417 37.043 75.468 -1.423 -0.21415
0.98715 30.406 73.702 37.058 75.436 -1.4029 -0.21914
0.98722 30.414 73.994 37.056 75.394 -1.3867 -0.22488
0.98728 30.445 74.276 37.038 75.343 -1.3749 -0.23137
0.98734 30.498 74.524 37.005 75.285 -1.3677 -0.23856
0.98738 30.573 74.719 36.962 75.224 -1.3653 -0.24635
0.98742 30.667 74.837 36.911 75.162 -1.3676 -0.25458
0.98746 30.775 74.864 36.859 75.104 -1.3741 -0.26303
0.98749 30.893 74.786 36.81 75.053 -1.3847 -0.27142
0.98752 31.015 74.601 36.771 75.014 -1.3985 -0.27943
0.98755 31.135 74.313 36.746 74.988 -1.4151 -0.28669
0.98758 31.247 73.936 36.741 74.979 -1.4335 -0.29284
0.98761 31.345 73.492 36.76 74.987 -1.453 -0.2975
0.98763 31.425 73.01 36.806 75.012 -1.4726 -0.30036
0.98766 31.483 72.524 36.882 75.054 -1.4916 -0.30115
0.98767 31.517 72.068 36.989 75.11 -1.5093 -0.29966
0.98768 31.528 71.675 37.125 75.176 -1.5249 -0.29581
0.98767 31.516 71.374 37.288 75.249 -1.538 -0.28962
0.98765 31.486 71.182 37.474 75.324 -1.5483 -0.28123
0.98762 31.442 71.111 37.679 75.395 -1.5556 -0.27088
0.98757 31.39 71.159 37.896 75.459 -1.56 -0.25895
0.98752 31.336 71.314 38.118 75.512 -1.5617 -0.24589
0.98745 31.286 71.554 38.338 75.55 -1.5612 -0.23223
0.98739 31.247 71.849 38.548 75.571 -1.5589 -0.21855
0.98734 31.223 72.168 38.74 75.574 -1.5555 -0.20544
0.98731 31.217 72.476 38.907 75.56 -1.5517 -0.19348
0.98729 31.229 72.74 39.043 75.53 -1.5481 -0.1832
0.98731 31.261 72.935 39.142 75.486 -1.5455 -0.17505
0.98736 31.308 73.042 39.201 75.433 -1.5446 -0.16939
0.98744 31.367 73.051 39.217 75.372 -1.5458 -0.16645
0.98755 31.433 72.964 39.19 75.308 -1.5496 -0.16633
0.9877 31.499 72.789 39.12 75.246 -1.5563 -0.16898
0.98786 31.559 72.543 39.01 75.187 -1.5662 -0.17422
0.98803 31.607 72.245 38.865 75.136 -1.5793 -0.18173
0.9882 31.64 71.918 38.691 75.095 -1.5955 -0.1911
0.98835 31.654 71.581 38.493 75.066 -1.6145 -0.20181
0.98849 31.647 71.252 38.281 75.05 -1.6361 -0.2133
0.98858 31.621 70.94 38.063 75.048 -1.6598 -0.22496
0.98864 31.578 70.654 37.846 75.058 -1.6847 -0.23622
0.98865 31.522 70.393 37.638 75.081 -1.7103 -0.24653
0.98862 31.458 70.156 37.447 75.114 -1.7358 -0.25543
0.98854 31.394 69.942 37.278 75.154 -1.7601 -0.26258
0.98841 31.335 69.748 37.135 75.198 -1.7825 -0.26774
0.98826 31.286 69.574 37.022 75.243 -1.8021 -0.27083
0.98808 31.253 69.426 36.939 75.286 -1.8181 -0.27191
0.98789 31.238 69.309 36.887 75.322 -1.8298 -0.27117
0.9877 31.242 69.234 36.864 75.35 -1.837 -0.26895
0.98752 31.264 69.212 36.866 75.368 -1.8395 -0.26567
0.98736 31.303 69.254 36.891 75.374 -1.8374 -0.26181
0.98723 31.353 69.37 36.934 75.369 -1.8313 -0.25789
0.98714 31.411 69.564 36.992 75.353 -1.8219 -0.25441
0.98708 31.471 69.839 37.06 75.327 -1.8103 -0.25183
0.98707 31.528 70.189 37.134 75.294 -1.798 -0.25052
0.98708 31.579 70.604 37.211 75.256 -1.7864 -0.25073
0.98712 31.619 71.07 37.29 75.215 -1.7772 -0.25257
0.98718 31.646 71.566 37.368 75.176 -1.7721 -0.25601
0.98724 31.66 72.071 37.444 75.139 -1.7725 -0.26088
0.9873 31.66 72.559 37.517 75.108 -1.7796 -0.26687
0.98735 31.65 73.005 37.588 75.084 -1.7945 -0.27358
0.98738 31.63 73.385 37.657 75.067 -1.8177 -0.28052
0.98738 31.605 73.681 37.723 75.057 -1.8492 -0.28718
0.98736 31.578 73.877 37.787 75.055 -1.8886 -0.29304
0.98732 31.552 73.964 37.849 75.058 -1.9352 -0.29765
0.98725 31.533 73.942 37.91 75.065 -1.9876 -0.30063
0.98718 31.522 73.818 37.969 75.074 -2.0443 -0.30172
0.9871 31.522 73.608 38.028 75.083 -2.1035 -0.30077
0.98703 31.537 73.332 38.085 75.09 -2.1633 -0.29779
0.98698 31.567 73.019 38.143 75.093 -2.2218 -0.29294
0.98694 31.612 72.699 38.202 75.092 -2.2775 -0.28647
0.98694 31.673 72.405 38.263 75.085 -2.3289 -0.27878
0.98696 31.748 72.166 38.329 75.074 -2.3748 -0.27031
0.98701 31.836 72.007 38.401 75.06 -2.4146 -0.26155
0.9871 31.936 71.946 38.481 75.043 -2.4481 -0.253
0.9872 32.046 71.994 38.572 75.026 -2.4752 -0.24511
0.98733 32.163 72.151 38.676 75.011 -2.4966 -0.23828
0.98747 32.288 72.406 38.793 75.001 -2.513 -0.23283
0.98761 32.418 72.742 38.926 74.998 -2.5251 -0.22895
0.98775 32.554 73.132 39.073 75.003 -2.534 -0.22673
0.98788 32.696 73.547 39.233 75.018 -2.5406 -0.22613
0.98799 32.843 73.952 39.406 75.044 -2.5456 -0.22701
0.9881 32.996 74.315 39.586 75.079 -2.5495 -0.22912
0.98818 33.153 74.607 39.77 75.124 -2.5525 -0.23217
0.98824 33.314 74.805 39.953 75.176 -2.5546 -0.23579
0.98829 33.475 74.892 40.127 75.233 -2.5554 -0.23962
0.98832 33.633 74.861 40.285 75.292 -2.5543 -0.24331
0.98833 33.783 74.716 40.422 75.351 -2.5504 -0.24653
0.98833 33.918 74.468 40.528 75.407 -2.5428 -0.24903
0.98832 34.031 74.138 40.599 75.456 -2.5307 -0.25064
0.98829 34.116 73.752 40.627 75.495 -2.5131 -0.25127
0.98825 34.165 73.343 40.608 75.524 -2.4895 -0.25093
0.9882 34.175 72.943 40.539 75.539 -2.4594 -0.24971
0.98814 34.139 72.585 40.419 75.539 -2.4229 -0.24781
0.98808 34.057 72.297 40.247 75.525 -2.3802 -0.24547
0.98802 33.929 72.103 40.027 75.496 -2.3321 -0.24299
0.98795 33.757 72.016 39.762 75.453 -2.2796 -0.24068
0.98789 33.547 72.041 39.459 75.397 -2.2239 -0.23887
0.98784 33.306 72.176 39.127 75.329 -2.1666 -0.23783
0.9878 33.041 72.41 38.774 75.252 -2.1092 -0.2378
0.98778 32.763 72.722 38.412 75.167 -2.0535 -0.23896
0.98779 32.48 73.091 38.052 75.076 -2.0011 -0.24139
0.98782 32.202 73.49 37.704 74.983 -1.9532 -0.24506
0.98787 31.936 73.893 37.38 74.891 -1.9112 -0.24988
0.98796 31.689 74.274 37.091 74.801 -1.8758 -0.25562
0.98806 31.465 74.612 36.844 74.717 -1.8476 -0.26202
0.98818 31.267 74.889 36.648 74.643 -1.8268 -0.26871
0.98831 31.095 75.094 36.506 74.582 -1.8133 -0.2753
0.98845 30.949 75.223 36.421 74.537 -1.8063 -0.28137
0.98858 30.825 75.276 36.393 74.509 -1.8053 -0.28652
0.98869 30.722 75.262 36.42 74.502 -1.8091 -0.29037
0.98879 30.636 75.192 36.497 74.515 -1.8165 -0.29262
0.98886 30.562 75.083 36.617 74.548 -1.8262 -0.29303
0.98891 30.498 74.955 36.772 74.6 -1.8369 -0.29147
0.98892 30.441 74.826 36.952 74.668 -1.8472 -0.28792
0.98891 30.387 74.714 37.147 74.748 -1.8561 -0.28245
0.98887 30.337 74.635 37.345 74.836 -1.8626 -0.27527
0.98881 30.288 74.601 37.537 74.927 -1.8657 -0.26665
0.98872 30.241 74.618 37.713 75.015 -1.8652 -0.25697
0.98863 30.195 74.689 37.864 75.097 -1.8606 -0.24664
0.98852 30.152 74.811 37.986 75.167 -1.8521 -0.23613
0.98841 30.111 74.978 38.072 75.222 -1.84 -0.22592
0.9883 30.073 75.181 38.12 75.261 -1.825 -0.21648
0.98818 30.038 75.408 38.131 75.282 -1.8077 -0.20824
0.98806 30.006 75.644 38.104 75.287 -1.7893 -0.20157
0.98794 29.978 75.874 38.044 75.276 -1.7709 -0.1968
0.98781 29.952 76.081 37.955 75.253 -1.7537 -0.19416
0.98768 29.93 76.249 37.842 75.221 -1.739 -0.1938
0.98754 29.911 76.363 37.712 75.181 -1.728 -0.19578
0.9874 29.895 76.411 37.57 75.137 -1.7219 -0.20009
0.98725 29.883 76.384 37.425 75.091 -1.7217 -0.2066
0.98711 29.876 76.279 37.282 75.045 -1.7283 -0.21513
0.98697 29.875 76.099 37.147 74.999 -1.7423 -0.22543
0.98684 29.881 75.85 37.027 74.953 -1.764 -0.23716
0.98673 29.896 75.547 36.926 74.907 -1.7938 -0.24996
0.98664 29.92 75.207 36.849 74.861 -1.8315 -0.2634
0.98657 29.956 74.847 36.801 74.814 -1.8767 -0.27705
0.98653 30.004 74.485 36.785 74.767 -1.929 -0.29044
0.98651 30.065 74.138 36.804 74.721 -1.9874 -0.30311
0.98653 30.139 73.815 36.861 74.677 -2.0512 -0.31461
0.98657 30.226 73.522 36.96 74.637 -2.1191 -0.32451
0.98663 30.326 73.259 37.103 74.605 -2.19 -0.33245
0.98671 30.439 73.02 37.29 74.581 -2.2627 -0.3381
0.9868 30.563 72.796 37.523 74.569 -2.3359 -0.34125
0.98689 30.699 72.578 37.802 74.569 -2.4084 -0.34175
0.98699 30.845 72.356 38.124 74.583 -2.479 -0.33957
0.98708 31.002 72.124 38.486 74.61 -2.5469 -0.3348
0.98716 31.17 71.878 38.884 74.649 -2.6111 -0.32765
0.98723 31.347 71.619 39.31 74.699 -2.6709 -0.31842
0.98728 31.533 71.355 39.758 74.758 -2.7258 -0.30753
0.98732 31.729 71.093 40.216 74.823 -2.7754 -0.29549
0.98734 31.933 70.846 40.675 74.889 -2.8193 -0.28285
0.98734 32.142 70.624 41.122 74.955 -2.8576 -0.27023
0.98732 32.356 70.439 41.547 75.017 -2.89 -0.25822
0.98728 32.569 70.3 41.936 75.072 -2.9166 -0.2474
0.98724 32.779 70.21 42.279 75.117 -2.9373 -0.23827
0.98718 32.982 70.174 42.567 75.15 -2.9522 -0.23124
0.98712 33.171 70.19 42.791 75.168 -2.9613 -0.22662
0.98706 33.343 70.251 42.947 75.172 -2.9646 -0.22455
0.98701 33.494 70.349 43.031 75.16 -2.9622 -0.22504
0.98697 33.62 70.471 43.043 75.133 -2.954 -0.22792
0.98696 33.719 70.601 42.985 75.094 -2.9402 -0.23289
0.98697 33.789 70.722 42.864 75.045 -2.9208 -0.23952
0.987 33.831 70.814 42.687 74.988 -2.8961 -0.24726
0.98706 33.848 70.861 42.463 74.93 -2.8662 -0.25547
0.98714 33.843 70.847 42.206 74.872 -2.8315 -0.26348
0.98724 33.82 70.76 41.927 74.82 -2.7924 -0.2706
0.98736 33.786 70.596 41.642 74.778 -2.7491 -0.27619
0.98747 33.745 70.355 41.363 74.748 -2.7021 -0.27966
0.98758 33.704 70.044 41.105 74.733 -2.6517 -0.28055
0.98767 33.668 69.676 40.879 74.735 -2.5982 -0.27852
0.98775 33.643 69.269 40.697 74.755 -2.5419 -0.27339
0.9878 33.632 68.842 40.567 74.792 -2.4827 -0.26514
0.98783 33.638 68.418 40.497 74.846 -2.4209 -0.25396
0.98783 33.661 68.017 40.49 74.915 -2.3563 -0.24016
0.9878 33.701 67.658 40.549 74.997 -2.2889 -0.22426
0.98776 33.755 67.359 40.673 75.088 -2.2185 -0.20687
0.9877 33.821 67.134 40.858 75.185 -2.1453 -0.18872
0.98762 33.894 66.993 41.101 75.285 -2.0694 -0.17061
0.98754 33.97 66.945 41.392 75.382 -1.9912 -0.15334
0.98747 34.045 66.994 41.723 75.473 -1.9113 -0.13772
0.98739 34.113 67.142 42.083 75.555 -1.8307 -0.12447
0.98733 34.171 67.387 42.463 75.624 -1.7506 -0.11422
0.98728 34.217 67.723 42.849 75.678 -1.6727 -0.10747
0.98725 34.25 68.139 43.23 75.717 -1.5988 -0.10453
0.98722 34.268 68.618 43.595 75.738 -1.531 -0.10554
0.98721 34.273 69.14 43.933 75.744 -1.4714 -0.11045
0.98721 34.266 69.682 44.235 75.733 -1.4222 -0.119
0.98721 34.251 70.219 44.493 75.709 -1.3854 -0.13076
0.98723 34.23 70.727 44.7 75.671 -1.3627 -0.14514
0.98724 34.207 71.183 44.853 75.621 -1.3555 -0.16143
0.98726 34.185 71.57 44.948 75.562 -1.3647 -0.17882
0.98728 34.167 71.875 44.985 75.495 -1.3904 -0.19647
0.98729 34.155 72.092 44.966 75.421 -1.4323 -0.21354
0.98731 34.151 72.219 44.894 75.344 -1.4894 -0.22924
0.98734 34.155 72.256 44.775 75.267 -1.5598 -0.24286
0.98737 34.168 72.21 44.617 75.191 -1.6415 -0.25385
0.9874 34.187 72.084 44.429 75.122 -1.7316 -0.26176
0.98745 34.213 71.883 44.22 75.063 -1.827 -0.26636
0.9875 34.244 71.612 44.003 75.018 -1.9244 -0.26758
0.98756 34.277 71.275 43.788 74.991 -2.0205 -0.26552
0.98763 34.311 70.877 43.588 74.984 -2.1121 -0.26044
0.9877 34.346 70.426 43.411 75 -2.1962 -0.25273
0.98778 34.379 69.931 43.268 75.038 -2.2704 -0.2429
0.98785 34.41 69.405 43.167 75.098 -2.3327 -0.23151
0.98792 34.442 68.866 43.112 75.177 -2.3817 -0.21917
0.98798 34.473 68.333 43.106 75.272 -2.4169 -0.20649
0.98804 34.506 67.827 43.149 75.377 -2.4382 -0.19404
0.98809 34.542 67.367 43.238 75.488 -2.4461 -0.18232
0.98812 34.583 66.97 43.369 75.598 -2.4419 -0.17176
0.98814 34.631 66.649 43.534 75.701 -2.4271 -0.16271
0.98815 34.687 66.411 43.724 75.794 -2.4036 -0.15539
0.98815 34.751 66.255 43.928 75.871 -2.3734 -0.14993
0.98814 34.823 66.176 44.135 75.931 -2.3386 -0.14639
0.98811 34.901 66.166 44.337 75.971 -2.3012 -0.14472
0.98807 34.985 66.214 44.523 75.993 -2.263 -0.14483
0.98802 35.072 66.309 44.686 75.996 -2.2255 -0.14658
0.98796 35.159 66.443 44.819 75.982 -2.19 -0.1498
0.98789 35.244 66.61 44.92 75.955 -2.1574 -0.1543
0.98781 35.326 66.811 44.989 75.918 -2.1282 -0.15989
0.98771 35.402 67.046 45.025 75.873 -2.1027 -0.16639
0.98762 35.473 67.319 45.035 75.825 -2.0809 -0.17361
0.98751 35.538 67.634 45.022 75.777 -2.0628 -0.1814
0.98741 35.598 67.991 44.995 75.733 -2.048 -0.1896
0.98731 35.654 68.386 44.961 75.695 -2.0364 -0.19806
0.98722 35.709 68.809 44.927 75.666 -2.0277 -0.20663
0.98714 35.763 69.245 44.901 75.647 -2.0218 -0.21515
0.98707 35.819 69.674 44.887 75.639 -2.0187 -0.22347
0.98702 35.877 70.071 44.891 75.641 -2.0183 -0.23143
0.98698 35.939 70.415 44.914 75.651 -2.0208 -0.23888
0.98697 36.003 70.685 44.954 75.668 -2.0262 -0.24566
0.98697 36.07 70.867 45.01 75.688 -2.0345 -0.25162
0.98698 36.139 70.955 45.075 75.707 -2.0456 -0.25665
0.98701 36.208 70.951 45.145 75.722 -2.0591 -0.26064
0.98705 36.278 70.863 45.21 75.73 -2.0741 -0.26353
0.9871 36.346 70.709 45.265 75.729 -2.0895 -0.26527
0.98714 36.414 70.508 45.301 75.718 -2.1038 -0.26586
0.98718 36.481 70.281 45.315 75.697 -2.1151 -0.26534
0.9872 36.548 70.046 45.302 75.667 -2.1212 -0.26376
0.9872 36.615 69.817 45.262 75.632 -2.1198 -0.26117
0.98718 36.684 69.602 45.198 75.596 -2.1087 -0.25768
0.98711 36.756 69.402 45.116 75.564 -2.0861 -0.25336
0.98701 36.831 69.216 45.024 75.538 -2.0508 -0.24829
0.98687 36.908 69.037 44.933 75.523 -2.0022 -0.24255
0.98668 36.987 68.859 44.856 75.522 -1.9412 -0.23618
0.98646 37.066 68.678 44.804 75.534 -1.8695 -0.22926
0.98621 37.143 68.494 44.791 75.559 -1.7905 -0.22182
0.98594 37.216 68.312 44.827 75.593 -1.7086 -0.21394
0.98567 37.284 68.145 44.918 75.633 -1.6292 -0.20569
0.9854 37.344 68.007 45.07 75.672 -1.5589 -0.19719
0.98515 37.397 67.916 45.283 75.705 -1.5042 -0.18859
0.98493 37.442 67.89 45.552 75.724 -1.4717 -0.18009
0.98476 37.479 67.942 45.87 75.725 -1.4672 -0.17192
0.98463 37.512 68.081 46.225 75.704 -1.4952 -0.16437
0.98456 37.54 68.308 46.603 75.657 -1.5586 -0.15773
0.98454 37.568 68.614 46.99 75.585 -1.6576 -0.15233
0.98456 37.598 68.984 47.369 75.49 -1.7901 -0.14847
0.98462 37.632 69.396 47.726 75.377 -1.9514 -0.14641
0.98471 37.671 69.825 48.048 75.251 -2.1339 -0.14636
0.98481 37.717 70.243 48.325 75.121 -2.328 -0.14843
0.98492 37.771 70.622 48.551 74.996 -2.5221 -0.15264
0.98503 37.832 70.941 48.724 74.885 -2.7036 -0.15887
0.98512 37.898 71.178 48.847 74.796 -2.8598 -0.16689
0.98519 37.968 71.321 48.924 74.738 -2.9784 -0.17634
0.98525 38.04 71.362 48.964 74.714 -3.0487 -0.18677
0.98529 38.11 71.296 48.978 74.727 -3.0623 -0.19764
0.98532 38.177 71.126 48.977 74.776 -3.0139 -0.20835
0.98534 38.239 70.858 48.972 74.86 -2.9018 -0.2183
0.98536 38.292 70.502 48.973 74.971 -2.7277 -0.22694
0.98538 38.335 70.073 48.988 75.102 -2.4974 -0.23375
0.9854 38.369 69.587 49.023 75.243 -2.2197 -0.23833
0.98541 38.391 69.062 49.079 75.385 -1.9065 -0.24044
0.98543 38.402 68.521 49.155 75.517 -1.5717 -0.23996
0.98542 38.404 67.985 49.246 75.632 -1.2304 -0.23694
0.9854 38.396 67.474 49.346 75.721 -0.89771 -0.23162
0.98534 38.382 67.01 49.446 75.779 -0.58815 -0.22434
0.98525 38.362 66.608 49.536 75.805 -0.3143 -0.21561
0.98512 38.338 66.281 49.609 75.797 -0.086306 -0.206
0.98495 38.313 66.036 49.657 75.759 0.088819 -0.19613
0.98476 38.289 65.874 49.675 75.696 0.20746 -0.18664
0.98453 38.268 65.792 49.661 75.613 0.26947 -0.17812
0.9843 38.251 65.782 49.616 75.519 0.27802 -0.17108
0.98408 38.241 65.83 49.544 75.423 0.23911 -0.16594
0.98386 38.238 65.921 49.453 75.331 0.16098 -0.16294
0.98368 38.244 66.038 49.351 75.254 0.053344 -0.16222
0.98353 38.259 66.164 49.251 75.195 -0.073429 -0.16373
0.98342 38.282 66.285 49.163 75.162 -0.20913 -0.16726
0.98335 38.313 66.39 49.097 75.155 -0.34444 -0.17249
0.98331 38.348 66.475 49.061 75.176 -0.47156 -0.17894
0.98331 38.387 66.542 49.061 75.222 -0.58463 -0.18609
0.98332 38.426 66.598 49.098 75.29 -0.67996 -0.19334
0.98335 38.462 66.657 49.17 75.375 -0.756 -0.20007
0.98337 38.493 66.737 49.271 75.469 -0.81322 -0.20572
0.98338 38.517 66.856 49.391 75.566 -0.85366 -0.20974
0.98337 38.533 67.031 49.521 75.659 -0.88051 -0.21171
0.98333 38.543 67.273 49.647 75.742 -0.89751 -0.21131
0.98325 38.548 67.585 49.757 75.809 -0.90837 -0.20837
0.98314 38.554 67.959 49.84 75.859 -0.91629 -0.20288
0.98299 38.565 68.377 49.89 75.89 -0.9235 -0.19498
0.98281 38.589 68.811 49.903 75.902 -0.931 -0.185
0.98259 38.629 69.225 49.878 75.898 -0.93849 -0.17338
0.98236 38.693 69.581 49.822 75.88 -0.94439 -0.16071
0.98212 38.782 69.843 49.745 75.853 -0.94611 -0.1477
0.98188 38.899 69.981 49.658 75.821 -0.94039 -0.13509
0.98166 39.043 69.977 49.577 75.788 -0.9238 -0.12368
0.98148 39.209 69.83 49.517 75.757 -0.89317 -0.11423
0.98134 39.393 69.552 49.492 75.732 -0.84611 -0.10744
0.98127 39.586 69.174 49.514 75.713 -0.78138 -0.10389
0.98126 39.781 68.74 49.589 75.702 -0.69919 -0.104
0.98133 39.969 68.3 49.719 75.698 -0.6013 -0.108
0.98146 40.144 67.908 49.9 75.7 -0.49098 -0.11589
0.98166 40.299 67.612 50.123 75.707 -0.37282 -0.12746
0.98189 40.432 67.449 50.373 75.717 -0.25238 -0.14222
0.98214 40.541 67.443 50.633 75.729 -0.13573 -0.15949
0.98237 40.627 67.597 50.883 75.741 -0.028903 -0.17838
0.98255 40.694 67.897 51.102 75.75 0.062584 -0.19786
0.98264 40.746 68.31 51.275 75.758 0.13425 -0.21681
0.98262 40.788 68.791 51.388 75.762 0.18303 -0.23408
0.98245 40.827 69.287 51.432 75.763 0.20755 -0.24855
0.98212 40.866 69.743 51.407 75.761 0.20819 -0.25924
0.98162 40.909 70.108 51.318 75.757 0.1871 -0.26532
0.98097 40.958 70.342 51.178 75.752 0.14792 -0.2662
0.98019 41.013 70.419 51.007 75.746 0.095485 -0.26158
0.97931 41.07 70.332 50.825 75.741 0.035378 -0.25144
0.97837 41.125 70.088 50.658 75.737 -0.026565 -0.23605
0.97742 41.174 69.716 50.531 75.735 -0.084738 -0.216
0.97653 41.208 69.256 50.466 75.737 -0.13422 -0.1921
0.97574 41.221 68.756 50.482 75.743 -0.17114 -0.16539
0.97511 41.208 68.271 50.59 75.753 -0.19296 -0.13703
0.97466 41.165 67.851 50.794 75.767 -0.19856 -0.10826
0.97442 41.091 67.539 51.093 75.785 -0.18831 -0.080328
0.9744 40.986 67.368 51.473 75.808 -0.16387 -0.054396
0.97459 40.856 67.355 51.917 75.834 -0.12802 -0.031498
0.97496 40.709 67.5 52.4 75.862 -0.084296 -0.01248
0.97549 40.555 67.791 52.896 75.89 -0.036675 0.0020383
0.97611 40.408 68.198 53.374 75.919 0.010832 0.011681
0.97679 40.283 68.685 53.805 75.944 0.054517 0.016324
0.97745 40.193 69.208 54.165 75.965 0.091292 0.01608
0.97806 40.151 69.722 54.432 75.978 0.11893 0.011275
0.97856 40.169 70.185 54.592 75.983 0.13622 0.0024126
0.97892 40.252 70.563 54.637 75.978 0.14303 -0.0098693
0.97911 40.403 70.831 54.568 75.96 0.14033 -0.024846
0.97912 40.617 70.976 54.393 75.929 0.13002 -0.041752
0.97895 40.887 70.997 54.128 75.886 0.11484 -0.059822
0.9786 41.2 70.904 53.793 75.829 0.0981 -0.078325
0.97808 41.538 70.717 53.414 75.762 0.083453 -0.096597
0.97741 41.884 70.461 53.017 75.687 0.074608 -0.11405
0.9766 42.216 70.164 52.633 75.605 0.075059 -0.1302
0.97566 42.516 69.856 52.287 75.522 0.087832 -0.14464
0.97461 42.765 69.56 52.005 75.441 0.11525 -0.15706
0.97347 42.948 69.3 51.809 75.366 0.15874 -0.16724
0.97226 43.053 69.089 51.715 75.302 0.21871 -0.17499
0.971 43.074 68.936 51.733 75.252 0.29447 -0.18024
0.96974 43.007 68.846 51.87 75.221 0.38421 -0.18292
0.96851 42.857 68.817 52.123 75.209 0.48508 -0.18303
0.96736 42.63 68.845 52.487 75.219 0.5933 -0.18061
0.96636 42.341 68.927 52.95 75.25 0.70438 -0.17575
0.96555 42.008 69.056 53.494 75.301 0.81334 -0.16858
0.96499 41.65 69.23 54.1 75.369 0.91506 -0.15931
0.96473 41.294 69.446 54.743 75.45 1.0046 -0.14817
0.96478 40.962 69.703 55.399 75.539 1.0774 -0.13551
0.96516 40.681 70.003 56.039 75.629 1.1299 -0.1217
0.96584 40.471 70.346 56.638 75.715 1.1596 -0.10719
0.96681 40.35 70.731 57.17 75.791 1.1653 -0.092465
0.96798 40.332 71.155 57.612 75.851 1.1472 -0.078058
0.9693 40.422 71.611 57.944 75.892 1.1073 -0.064503
0.97068 40.617 72.084 58.15 75.91 1.0488 -0.052324
0.97203 40.911 72.558 58.221 75.906 0.97614 -0.042
