//co2 data for Study 18 _2
steady: none
chosen_param: SaO2sup, Pa_CO2, P_a, Vmca_d, TOI_d, HbT_d, CCO_d
time_step: 1.0
******
0.96605 42.793 89.075 44.386 76.034 -0.018031 0.0019168
0.96832 42.603 88.551 45.334 75.76 -0.044085 0.028848
0.97054 42.415 88.044 46.276 75.497 -0.065175 0.054607
0.97264 42.231 87.569 47.2 75.255 -0.078452 0.078169
0.97457 42.056 87.136 48.092 75.043 -0.081731 0.098639
0.97626 41.895 86.756 48.939 74.865 -0.073712 0.11531
0.9777 41.75 86.435 49.73 74.725 -0.054123 0.12772
0.97886 41.627 86.176 50.453 74.623 -0.023777 0.13567
0.97972 41.529 85.979 51.098 74.558 0.015467 0.13922
0.98029 41.458 85.844 51.655 74.526 0.060842 0.13871
0.98059 41.419 85.77 52.117 74.519 0.10889 0.13472
0.98064 41.411 85.752 52.477 74.532 0.15577 0.12799
0.98047 41.436 85.788 52.732 74.558 0.19754 0.11942
0.98013 41.495 85.875 52.881 74.589 0.23057 0.10995
0.97967 41.584 86.01 52.924 74.62 0.25179 0.10051
0.97913 41.702 86.19 52.867 74.646 0.25905 0.09197
0.97855 41.846 86.41 52.716 74.663 0.25122 0.08504
0.97798 42.01 86.666 52.482 74.671 0.22842 0.080251
0.97747 42.189 86.952 52.178 74.67 0.19194 0.077918
0.97705 42.377 87.258 51.818 74.659 0.14416 0.078123
0.97675 42.568 87.574 51.419 74.641 0.088375 0.080729
0.97657 42.756 87.886 50.998 74.618 0.028523 0.085401
0.97654 42.934 88.178 50.572 74.593 -0.031177 0.091648
0.97665 43.096 88.433 50.157 74.566 -0.086566 0.098877
0.97688 43.236 88.634 49.769 74.541 -0.1339 0.10646
0.97722 43.351 88.767 49.418 74.517 -0.17018 0.11377
0.97764 43.437 88.822 49.115 74.495 -0.1934 0.12027
0.9781 43.491 88.794 48.865 74.473 -0.20272 0.12555
0.97857 43.513 88.686 48.67 74.452 -0.19851 0.12936
0.97902 43.504 88.507 48.53 74.429 -0.18234 0.1316
0.9794 43.466 88.275 48.44 74.404 -0.15682 0.13238
0.9797 43.401 88.014 48.394 74.376 -0.12535 0.13196
0.97988 43.315 87.751 48.384 74.345 -0.091821 0.13073
0.97994 43.212 87.514 48.4 74.31 -0.060279 0.12915
0.97988 43.1 87.328 48.436 74.272 -0.034547 0.12776
0.97969 42.985 87.213 48.482 74.233 -0.017901 0.12705
0.9794 42.872 87.18 48.535 74.195 -0.012783 0.12744
0.97904 42.77 87.228 48.59 74.161 -0.020595 0.12926
0.97863 42.683 87.345 48.648 74.132 -0.041591 0.13267
0.97822 42.616 87.507 48.709 74.113 -0.07487 0.13768
0.97785 42.572 87.68 48.777 74.106 -0.11847 0.14411
0.97754 42.554 87.824 48.858 74.112 -0.16957 0.15163
0.97732 42.562 87.896 48.958 74.132 -0.22473 0.15976
0.97722 42.596 87.857 49.083 74.168 -0.28026 0.16793
0.97724 42.651 87.675 49.237 74.218 -0.33247 0.17549
0.97737 42.725 87.334 49.423 74.281 -0.37808 0.1818
0.97759 42.811 86.831 49.64 74.354 -0.41445 0.18625
0.97787 42.904 86.188 49.887 74.433 -0.43979 0.18834
0.97817 42.996 85.445 50.157 74.515 -0.45331 0.18767
0.97845 43.08 84.663 50.442 74.596 -0.45527 0.18402
0.97868 43.148 83.919 50.731 74.673 -0.44687 0.17736
0.97881 43.195 83.302 51.012 74.742 -0.43013 0.16783
0.97881 43.214 82.904 51.271 74.801 -0.4077 0.15577
0.97867 43.201 82.814 51.496 74.849 -0.38252 0.14166
0.97839 43.154 83.108 51.676 74.884 -0.35761 0.12615
0.97798 43.072 83.841 51.803 74.907 -0.33572 0.10997
0.97747 42.956 85.045 51.869 74.919 -0.31914 0.093913
0.9769 42.809 86.719 51.873 74.92 -0.30944 0.078787
0.9763 42.636 88.83 51.815 74.911 -0.30741 0.065372
0.97574 42.444 91.317 51.698 74.895 -0.31295 0.054374
0.97526 42.241 94.091 51.529 74.872 -0.32515 0.04639
0.9749 42.033 97.043 51.316 74.844 -0.34236 0.041872
0.97469 41.83 100.05 51.069 74.812 -0.36237 0.041106
0.97466 41.64 103 50.797 74.778 -0.3826 0.044192
0.97481 41.468 105.77 50.509 74.742 -0.40034 0.051043
0.97512 41.322 108.26 50.213 74.705 -0.41297 0.061383
0.97557 41.204 110.39 49.917 74.67 -0.41813 0.074759
0.97612 41.117 112.11 49.625 74.636 -0.41397 0.090563
0.97673 41.062 113.38 49.342 74.605 -0.39919 0.10806
0.97735 41.038 114.21 49.069 74.579 -0.37317 0.12643
0.97794 41.041 114.62 48.81 74.558 -0.33601 0.1448
0.97846 41.068 114.65 48.566 74.541 -0.28848 0.1623
0.97888 41.115 114.35 48.337 74.531 -0.23197 0.1781
0.97917 41.175 113.77 48.128 74.526 -0.16844 0.19146
0.97934 41.244 112.98 47.94 74.525 -0.10029 0.20178
0.97938 41.315 112.03 47.779 74.528 -0.030263 0.20863
0.97931 41.385 110.97 47.648 74.534 0.038688 0.21177
0.97914 41.448 109.85 47.554 74.542 0.10352 0.21117
0.9789 41.501 108.69 47.5 74.549 0.1612 0.20704
0.9786 41.542 107.52 47.493 74.555 0.20888 0.19977
0.97829 41.57 106.35 47.534 74.559 0.24397 0.18992
0.97796 41.585 105.21 47.626 74.559 0.26432 0.17821
0.97764 41.589 104.09 47.767 74.554 0.26829 0.16543
0.97734 41.583 103.01 47.955 74.545 0.25494 0.1524
0.97705 41.571 101.99 48.184 74.53 0.2241 0.13994
0.97678 41.555 101.02 48.446 74.509 0.17652 0.12876
0.97652 41.538 100.14 48.732 74.484 0.11386 0.11942
0.97627 41.524 99.355 49.032 74.454 0.03881 0.11233
0.97602 41.516 98.681 49.334 74.421 -0.045031 0.10767
0.97577 41.515 98.133 49.629 74.386 -0.13319 0.10539
0.97553 41.524 97.724 49.906 74.35 -0.2205 0.10525
0.97532 41.544 97.465 50.16 74.316 -0.30133 0.10679
0.97516 41.576 97.361 50.384 74.285 -0.36989 0.10938
0.97506 41.62 97.415 50.576 74.258 -0.42055 0.11233
0.97507 41.676 97.622 50.737 74.237 -0.4482 0.11484
0.97519 41.742 97.975 50.869 74.224 -0.44862 0.11618
0.97545 41.819 98.461 50.977 74.22 -0.4188 0.11566
0.97586 41.903 99.059 51.066 74.227 -0.35725 0.11272
0.9764 41.992 99.743 51.144 74.244 -0.26416 0.107
0.97706 42.085 100.48 51.215 74.272 -0.14151 0.098325
0.97782 42.179 101.23 51.286 74.311 0.0069595 0.086742
0.97862 42.27 101.94 51.361 74.36 0.17591 0.072514
0.97943 42.355 102.58 51.441 74.416 0.35865 0.056095
0.98018 42.431 103.08 51.527 74.478 0.54754 0.038098
0.98084 42.494 103.41 51.616 74.543 0.73441 0.019242
0.98137 42.541 103.52 51.703 74.608 0.91109 0.00030229
0.98173 42.569 103.38 51.783 74.671 1.0699 -0.017949
0.98191 42.577 102.98 51.848 74.728 1.2042 -0.034802
0.9819 42.563 102.32 51.892 74.777 1.3087 -0.049654
0.98173 42.526 101.4 51.909 74.817 1.3799 -0.062052
0.98141 42.469 100.28 51.893 74.846 1.4161 -0.071719
0.98099 42.393 98.974 51.841 74.864 1.418 -0.078564
0.9805 42.302 97.556 51.752 74.87 1.3877 -0.082679
0.97999 42.202 96.079 51.628 74.866 1.3295 -0.084319
0.9795 42.098 94.605 51.473 74.851 1.2489 -0.083876
0.97908 41.998 93.19 51.294 74.827 1.1522 -0.081831
0.97873 41.906 91.88 51.101 74.795 1.0466 -0.078714
0.9785 41.83 90.715 50.903 74.756 0.93898 -0.075054
0.97837 41.775 89.72 50.71 74.712 0.83597 -0.071334
0.97834 41.745 88.907 50.534 74.664 0.74328 -0.067952
0.97842 41.741 88.281 50.384 74.612 0.66545 -0.065191
0.97856 41.764 87.833 50.267 74.559 0.60569 -0.063202
0.97877 41.812 87.55 50.19 74.506 0.56574 -0.061998
0.979 41.882 87.412 50.155 74.454 0.5459 -0.061462
0.97925 41.967 87.399 50.163 74.405 0.54524 -0.061371
0.97948 42.061 87.486 50.211 74.362 0.56176 -0.061421
0.9797 42.158 87.649 50.295 74.325 0.59269 -0.061266
0.97988 42.251 87.865 50.408 74.296 0.63482 -0.060562
0.98004 42.332 88.112 50.541 74.277 0.68479 -0.059002
0.98016 42.397 88.369 50.687 74.269 0.73938 -0.056355
0.98024 42.442 88.616 50.836 74.271 0.7957 -0.052492
0.9803 42.467 88.838 50.981 74.283 0.85135 -0.047408
0.98033 42.47 89.021 51.112 74.304 0.90448 -0.041224
0.98035 42.456 89.153 51.226 74.332 0.95379 -0.034186
0.98034 42.428 89.229 51.318 74.366 0.99845 -0.026645
0.98033 42.392 89.247 51.385 74.402 1.038 -0.019029
0.98029 42.356 89.212 51.428 74.439 1.0722 -0.011813
0.98025 42.325 89.134 51.446 74.473 1.1008 -0.0054753
0.9802 42.308 89.028 51.443 74.503 1.1237 -0.00046061
0.98013 42.31 88.916 51.421 74.527 1.1407 0.0028568
0.98006 42.334 88.822 51.386 74.544 1.1512 0.0042046
0.97998 42.384 88.775 51.34 74.553 1.1548 0.0034344
0.9799 42.46 88.803 51.288 74.554 1.151 0.00053429
0.97982 42.56 88.933 51.234 74.548 1.1393 -0.0043691
0.97974 42.679 89.188 51.179 74.537 1.1194 -0.01102
0.97965 42.813 89.581 51.127 74.523 1.0914 -0.019052
0.97956 42.953 90.12 51.078 74.507 1.0558 -0.028011
0.97945 43.093 90.799 51.032 74.492 1.0135 -0.037392
0.97932 43.227 91.601 50.99 74.482 0.96595 -0.046666
0.97917 43.346 92.494 50.952 74.477 0.91506 -0.055318
0.97897 43.449 93.438 50.916 74.482 0.86298 -0.062874
0.97873 43.531 94.381 50.881 74.496 0.81204 -0.068931
0.97844 43.593 95.267 50.849 74.521 0.76449 -0.073174
0.97811 43.636 96.038 50.82 74.557 0.72233 -0.075392
0.97776 43.665 96.638 50.794 74.604 0.68705 -0.075481
0.9774 43.685 97.019 50.774 74.66 0.65947 -0.073449
0.97704 43.701 97.146 50.763 74.724 0.63958 -0.069405
0.97673 43.721 96.999 50.765 74.793 0.62649 -0.063553
0.97647 43.748 96.578 50.782 74.865 0.61843 -0.056175
0.9763 43.788 95.898 50.819 74.938 0.61286 -0.047616
0.97623 43.843 94.995 50.879 75.008 0.60661 -0.038266
0.97628 43.912 93.919 50.965 75.074 0.59615 -0.028541
0.97645 43.995 92.729 51.078 75.134 0.57787 -0.018869
0.97672 44.086 91.491 51.218 75.185 0.54838 -0.0096676
0.97708 44.181 90.272 51.384 75.227 0.50483 -0.0013298
0.97752 44.273 89.132 51.574 75.26 0.44518 0.005791
0.97799 44.355 88.122 51.782 75.282 0.36842 0.011397
0.97847 44.42 87.28 52.002 75.295 0.2747 0.015258
0.97891 44.463 86.626 52.227 75.299 0.16542 0.017227
0.97928 44.479 86.17 52.448 75.296 0.043108 0.017246
0.97956 44.468 85.903 52.658 75.287 -0.088641 0.015355
0.9797 44.427 85.807 52.848 75.274 -0.22546 0.011697
0.9797 44.361 85.854 53.008 75.259 -0.36246 0.0065165
0.97956 44.271 86.015 53.132 75.243 -0.49461 0.0001534
0.97928 44.164 86.255 53.215 75.228 -0.61707 -0.0069676
0.97887 44.047 86.543 53.25 75.215 -0.72552 -0.014355
0.97836 43.926 86.852 53.236 75.206 -0.81649 -0.021474
0.97779 43.809 87.159 53.171 75.201 -0.88755 -0.027773
0.97717 43.703 87.444 53.057 75.201 -0.93753 -0.03272
0.97655 43.614 87.695 52.897 75.204 -0.96648 -0.035832
0.97597 43.546 87.902 52.695 75.21 -0.97573 -0.03671
0.97546 43.502 88.058 52.457 75.217 -0.96768 -0.035074
0.97504 43.484 88.161 52.191 75.226 -0.94565 -0.030783
0.97474 43.491 88.212 51.905 75.232 -0.9136 -0.023857
0.97456 43.521 88.212 51.605 75.237 -0.8758 -0.014484
0.97451 43.571 88.17 51.302 75.238 -0.83656 -0.0030153
0.97459 43.635 88.095 51.003 75.235 -0.79991 0.010048
0.97479 43.708 88.001 50.714 75.229 -0.76934 0.024085
0.97509 43.785 87.904 50.444 75.22 -0.74759 0.038387
0.97547 43.86 87.819 50.196 75.21 -0.73655 0.052211
0.97592 43.926 87.764 49.976 75.199 -0.73712 0.064821
0.97639 43.98 87.751 49.787 75.19 -0.7493 0.075547
0.97688 44.018 87.786 49.63 75.185 -0.77223 0.083829
0.97737 44.037 87.872 49.506 75.183 -0.8043 0.08926
0.97784 44.037 88.002 49.415 75.186 -0.84342 0.091619
0.97828 44.017 88.161 49.355 75.193 -0.88712 0.090882
0.97869 43.978 88.33 49.325 75.203 -0.93282 0.087234
0.97906 43.925 88.484 49.322 75.216 -0.97803 0.081047
0.97941 43.859 88.6 49.341 75.23 -1.0205 0.072859
0.97973 43.784 88.654 49.379 75.242 -1.0584 0.063327
0.98002 43.704 88.625 49.431 75.251 -1.0903 0.053185
0.98029 43.624 88.503 49.493 75.257 -1.1154 0.043181
0.98053 43.546 88.282 49.56 75.257 -1.1332 0.034028
0.98073 43.473 87.966 49.626 75.251 -1.1439 0.026346
0.98088 43.407 87.568 49.687 75.24 -1.1478 0.020624
0.98097 43.348 87.105 49.739 75.224 -1.1458 0.017185
0.98099 43.296 86.599 49.779 75.205 -1.1386 0.016164
0.98092 43.251 86.077 49.805 75.183 -1.1271 0.017513
0.98076 43.209 85.563 49.815 75.162 -1.112 0.021002
0.9805 43.168 85.08 49.81 75.142 -1.0941 0.026249
0.98016 43.125 84.65 49.791 75.126 -1.0736 0.032755
0.97973 43.076 84.288 49.762 75.114 -1.0507 0.039941
0.97923 43.02 84.005 49.728 75.108 -1.0253 0.047197
0.97869 42.953 83.806 49.694 75.109 -0.99704 0.053925
0.97813 42.875 83.693 49.668 75.116 -0.96531 0.05958
0.97758 42.785 83.66 49.656 75.128 -0.92947 0.063705
0.97708 42.684 83.702 49.666 75.146 -0.88877 0.065958
0.97666 42.576 83.808 49.704 75.167 -0.84252 0.066124
0.97635 42.463 83.967 49.775 75.19 -0.79009 0.064124
0.97618 42.35 84.171 49.882 75.214 -0.731 0.060014
0.97616 42.244 84.41 50.026 75.237 -0.66501 0.053969
0.97631 42.148 84.679 50.204 75.256 -0.5921 0.04627
0.97663 42.069 84.974 50.411 75.272 -0.51254 0.037281
0.97712 42.01 85.293 50.64 75.282 -0.42689 0.027427
0.97775 41.975 85.638 50.878 75.286 -0.336 0.017168
0.9785 41.965 86.009 51.111 75.282 -0.24101 0.0069748
0.97933 41.98 86.41 51.326 75.271 -0.14329 -0.0026898
0.9802 42.018 86.84 51.505 75.252 -0.044436 -0.011396
0.98107 42.076 87.298 51.633 75.226 0.053792 -0.018764
0.98189 42.149 87.78 51.696 75.192 0.14953 -0.024479
0.98261 42.232 88.277 51.682 75.154 0.24088 -0.028308
0.98321 42.319 88.779 51.585 75.111 0.32595 -0.030111
0.98364 42.405 89.271 51.4 75.067 0.40298 -0.02985
0.98389 42.485 89.736 51.131 75.022 0.47034 -0.027596
0.98395 42.556 90.154 50.785 74.98 0.52667 -0.023529
0.98381 42.614 90.505 50.377 74.943 0.57089 -0.017938
0.9835 42.658 90.767 49.924 74.912 0.60226 -0.011208
0.98302 42.688 90.921 49.451 74.889 0.62043 -0.003806
0.98241 42.705 90.951 48.981 74.875 0.62541 0.0037411
0.98171 42.71 90.846 48.541 74.869 0.61763 0.010877
0.98096 42.707 90.6 48.159 74.871 0.59786 0.01705
0.98021 42.696 90.219 47.855 74.879 0.56721 0.021751
0.97952 42.682 89.714 47.651 74.892 0.52706 0.024552
0.97892 42.665 89.11 47.557 74.906 0.47901 0.025142
0.97845 42.649 88.438 47.581 74.92 0.42477 0.02336
0.97815 42.634 87.737 47.72 74.932 0.36613 0.019215
0.97802 42.621 87.052 47.964 74.94 0.30485 0.012899
0.97807 42.611 86.431 48.295 74.943 0.24259 0.0047831
0.97829 42.604 85.915 48.689 74.941 0.18084 -0.0045975
0.97864 42.6 85.544 49.118 74.935 0.12086 -0.014577
0.9791 42.598 85.344 49.55 74.927 0.06365 -0.024401
0.97962 42.598 85.326 49.952 74.918 0.0098635 -0.03328
0.98014 42.601 85.485 50.295 74.911 -0.040169 -0.04045
0.98063 42.605 85.802 50.552 74.908 -0.086471 -0.04523
0.98104 42.612 86.236 50.704 74.911 -0.12941 -0.04708
0.98134 42.622 86.738 50.737 74.921 -0.16966 -0.045648
0.98151 42.636 87.247 50.647 74.941 -0.20819 -0.0408
0.98155 42.654 87.703 50.438 74.968 -0.24617 -0.032641
0.98146 42.678 88.048 50.123 75.002 -0.28491 -0.021506
0.98127 42.706 88.234 49.721 75.042 -0.32577 -0.0079454
0.98101 42.739 88.233 49.257 75.085 -0.37005 0.0073197
0.98071 42.776 88.033 48.76 75.128 -0.41888 0.02345
0.98041 42.816 87.644 48.257 75.17 -0.47311 0.039551
0.98015 42.856 87.097 47.778 75.207 -0.53317 0.054743
0.97997 42.892 86.438 47.347 75.24 -0.59904 0.06823
0.97989 42.923 85.726 46.984 75.265 -0.67015 0.079354
0.97992 42.944 85.023 46.702 75.285 -0.74536 0.087652
0.98008 42.953 84.387 46.508 75.298 -0.82294 0.092878
0.98035 42.946 83.87 46.401 75.307 -0.9007 0.095023
0.9807 42.922 83.509 46.375 75.313 -0.97598 0.094303
0.98112 42.879 83.322 46.417 75.317 -1.0459 0.091134
0.98155 42.818 83.313 46.511 75.322 -1.1075 0.08609
0.98196 42.739 83.463 46.639 75.327 -1.1579 0.079847
0.9823 42.645 83.744 46.781 75.335 -1.1945 0.073125
0.98253 42.54 84.113 46.92 75.345 -1.2153 0.066618
0.98264 42.428 84.523 47.042 75.357 -1.2188 0.060943
0.98259 42.315 84.927 47.135 75.37 -1.2044 0.056586
0.98237 42.206 85.28 47.193 75.385 -1.1726 0.053869
0.982 42.106 85.546 47.215 75.398 -1.1243 0.052927
0.98149 42.02 85.7 47.206 75.409 -1.0617 0.053713
0.98086 41.952 85.729 47.173 75.418 -0.98739 0.056006
0.98016 41.905 85.632 47.126 75.421 -0.90463 0.059445
0.97943 41.88 85.423 47.079 75.42 -0.81697 0.063569
0.9787 41.879 85.125 47.046 75.413 -0.72802 0.067869
0.97802 41.899 84.767 47.038 75.399 -0.64118 0.071838
0.97742 41.94 84.387 47.067 75.38 -0.55944 0.075022
0.97695 41.997 84.022 47.139 75.355 -0.48514 0.077059
0.97662 42.068 83.71 47.258 75.326 -0.41981 0.077716
0.97644 42.147 83.483 47.422 75.293 -0.36408 0.076903
0.97641 42.231 83.37 47.626 75.257 -0.3177 0.074682
0.97653 42.314 83.387 47.86 75.221 -0.2795 0.071249
0.97677 42.393 83.546 48.113 75.185 -0.24762 0.066916
0.97711 42.464 83.847 48.369 75.151 -0.21961 0.062075
0.97752 42.525 84.278 48.613 75.119 -0.19272 0.057151
0.97796 42.574 84.821 48.829 75.092 -0.16414 0.052565
0.9784 42.611 85.449 49.003 75.069 -0.13124 0.048684
0.97879 42.636 86.129 49.127 75.05 -0.091889 0.045789
0.97912 42.652 86.825 49.192 75.037 -0.044612 0.044042
0.97937 42.661 87.497 49.197 75.029 0.011206 0.043473
0.97951 42.667 88.108 49.145 75.027 0.075237 0.043975
0.97955 42.672 88.624 49.046 75.029 0.14618 0.045319
0.9795 42.681 89.017 48.911 75.036 0.22184 0.047176
0.97936 42.695 89.263 48.758 75.048 0.29921 0.049155
0.97915 42.719 89.352 48.605 75.064 0.37475 0.050843
0.9789 42.752 89.279 48.475 75.086 0.44458 0.051853
0.97864 42.796 89.052 48.386 75.112 0.50478 0.051867
0.97839 42.851 88.69 48.359 75.142 0.55171 0.050681
0.97816 42.915 88.218 48.407 75.176 0.58229 0.048226
0.978 42.987 87.673 48.542 75.212 0.59425 0.044593
0.97791 43.065 87.093 48.767 75.249 0.5863 0.040027
0.97791 43.146 86.525 49.08 75.286 0.55831 0.034918
0.97801 43.23 86.013 49.472 75.321 0.51133 0.029765
0.97822 43.314 85.597 49.928 75.352 0.4475 0.025137
0.97853 43.397 85.315 50.428 75.378 0.37002 0.021617
0.97894 43.479 85.191 50.944 75.397 0.28282 0.019743
0.97943 43.557 85.239 51.449 75.408 0.1904 0.019953
0.98 43.632 85.457 51.914 75.41 0.097428 0.022532
0.98063 43.701 85.828 52.309 75.404 0.0084535 0.027571
0.98129 43.763 86.32 52.608 75.391 -0.072443 0.034943
0.98196 43.816 86.887 52.79 75.372 -0.14195 0.044299
0.98261 43.855 87.47 52.839 75.348 -0.19776 0.055086
0.98322 43.876 88.008 52.746 75.322 -0.23878 0.066577
0.98378 43.876 88.436 52.509 75.296 -0.26516 0.07793
0.98425 43.849 88.694 52.134 75.271 -0.27834 0.088257
0.98464 43.792 88.734 51.634 75.249 -0.28091 0.096695
0.98493 43.702 88.522 51.029 75.233 -0.27642 0.10249
0.98511 43.577 88.046 50.34 75.222 -0.26912 0.10505
0.98519 43.418 87.313 49.596 75.218 -0.26361 0.10404
0.98518 43.226 86.353 48.823 75.22 -0.2645 0.099367
0.98508 43.005 85.213 48.049 75.227 -0.27602 0.091257
0.9849 42.762 83.959 47.3 75.239 -0.30167 0.080192
0.98465 42.505 82.663 46.597 75.253 -0.34393 0.066906
0.98436 42.24 81.402 45.956 75.268 -0.40406 0.052313
0.98404 41.978 80.247 45.391 75.283 -0.48188 0.037438
0.9837 41.725 79.261 44.906 75.294 -0.57583 0.023327
0.98336 41.488 78.492 44.504 75.3 -0.68294 0.010955
0.98305 41.273 77.969 44.18 75.3 -0.79908 0.001141
0.98277 41.082 77.702 43.926 75.293 -0.91915 -0.0055235
0.98255 40.917 77.683 43.73 75.279 -1.0374 -0.0087298
0.98239 40.774 77.887 43.58 75.259 -1.148 -0.0084795
0.9823 40.652 78.279 43.461 75.235 -1.2449 -0.0050848
0.98229 40.545 78.813 43.358 75.209 -1.323 0.00085875
0.98236 40.447 79.444 43.258 75.184 -1.3778 0.0085249
0.98252 40.352 80.127 43.15 75.162 -1.4061 0.01693
0.98274 40.252 80.821 43.026 75.148 -1.4061 0.025023
0.98303 40.143 81.492 42.879 75.144 -1.3776 0.031774
0.98335 40.019 82.115 42.706 75.153 -1.3218 0.036271
0.98371 39.878 82.671 42.507 75.175 -1.2414 0.037799
0.98407 39.718 83.148 42.284 75.211 -1.1407 0.0359
0.98442 39.539 83.541 42.042 75.262 -1.0248 0.030419
0.98473 39.342 83.849 41.787 75.324 -0.89958 0.021512
0.985 39.131 84.071 41.527 75.397 -0.77138 0.0096353
0.98519 38.912 84.212 41.269 75.476 -0.64651 -0.0044913
0.9853 38.688 84.278 41.022 75.557 -0.53088 -0.019949
0.98533 38.467 84.274 40.793 75.638 -0.42964 -0.035695
0.98526 38.255 84.208 40.589 75.714 -0.34686 -0.050649
0.98509 38.058 84.09 40.414 75.78 -0.28528 -0.063781
0.98484 37.882 83.929 40.273 75.834 -0.24613 -0.074196
0.98452 37.732 83.737 40.167 75.873 -0.22907 -0.081203
0.98413 37.61 83.527 40.095 75.896 -0.23218 -0.084368
0.98371 37.519 83.312 40.057 75.901 -0.25212 -0.083546
0.98327 37.458 83.103 40.048 75.889 -0.28427 -0.078889
0.98285 37.423 82.913 40.062 75.862 -0.3231 -0.07083
0.98246 37.412 82.75 40.094 75.821 -0.36244 -0.060048
0.98213 37.417 82.623 40.136 75.77 -0.3959 -0.047412
0.98189 37.432 82.535 40.181 75.712 -0.41729 -0.033913
0.98173 37.449 82.488 40.222 75.651 -0.42102 -0.020592
0.98168 37.46 82.481 40.251 75.591 -0.40245 -0.0084588
0.98174 37.458 82.509 40.262 75.536 -0.35822 0.0015749
0.9819 37.436 82.568 40.251 75.487 -0.28649 0.0087593
0.98216 37.39 82.648 40.214 75.449 -0.18708 0.012553
0.98251 37.318 82.742 40.15 75.421 -0.061536 0.012655
0.98293 37.218 82.84 40.059 75.404 0.086964 0.009011
0.98341 37.095 82.934 39.943 75.398 0.25374 0.0018128
0.98391 36.95 83.015 39.805 75.401 0.4329 -0.0085316
0.98443 36.79 83.074 39.649 75.41 0.61762 -0.021435
0.98494 36.621 83.106 39.482 75.424 0.80061 -0.036184
0.98542 36.45 83.105 39.309 75.438 0.97447 -0.051991
0.98585 36.284 83.067 39.136 75.45 1.1321 -0.068059
0.98621 36.129 82.989 38.969 75.457 1.2673 -0.083631
0.98649 35.989 82.871 38.814 75.456 1.3747 -0.098046
0.98668 35.868 82.713 38.673 75.446 1.4504 -0.11077
0.98677 35.766 82.517 38.549 75.425 1.4922 -0.12144
0.98676 35.681 82.286 38.443 75.393 1.4992 -0.12984
0.98663 35.612 82.025 38.354 75.351 1.4723 -0.13595
0.98641 35.555 81.739 38.281 75.299 1.414 -0.13988
0.98609 35.504 81.435 38.22 75.239 1.3279 -0.14188
0.98568 35.456 81.12 38.167 75.174 1.2188 -0.14231
0.9852 35.406 80.801 38.118 75.105 1.0921 -0.14157
0.98466 35.349 80.486 38.068 75.037 0.95374 -0.1401
0.9841 35.284 80.183 38.012 74.97 0.80965 -0.13829
0.98352 35.209 79.897 37.947 74.909 0.66552 -0.1365
0.98296 35.123 79.635 37.871 74.855 0.52657 -0.13503
0.98244 35.027 79.402 37.782 74.81 0.39723 -0.13406
0.98199 34.923 79.201 37.68 74.776 0.28111 -0.13367
0.98162 34.814 79.034 37.566 74.754 0.18083 -0.13385
0.98136 34.703 78.902 37.442 74.743 0.09799 -0.13448
0.98121 34.593 78.805 37.311 74.743 0.033263 -0.13539
0.98119 34.487 78.742 37.176 74.753 -0.013594 -0.13631
0.98128 34.387 78.712 37.042 74.77 -0.043612 -0.13698
0.98149 34.294 78.712 36.91 74.793 -0.058492 -0.1371
0.9818 34.21 78.739 36.784 74.818 -0.060477 -0.1364
0.98218 34.133 78.787 36.666 74.842 -0.052235 -0.13465
0.98263 34.063 78.85 36.556 74.862 -0.036735 -0.13165
0.98311 33.998 78.917 36.453 74.874 -0.017158 -0.1273
0.98359 33.935 78.977 36.358 74.878 0.0031992 -0.12155
0.98406 33.871 79.014 36.267 74.871 0.020998 -0.11444
0.98448 33.803 79.008 36.179 74.855 0.032936 -0.1061
0.98482 33.728 78.94 36.09 74.829 0.035826 -0.096716
0.98507 33.644 78.788 35.998 74.797 0.026682 -0.086542
0.98522 33.549 78.529 35.9 74.762 0.0028215 -0.075884
0.98525 33.445 78.144 35.795 74.726 -0.038018 -0.065082
0.98516 33.33 77.617 35.682 74.694 -0.09755 -0.054496
0.98496 33.208 76.94 35.561 74.669 -0.1768 -0.044489
0.98466 33.082 76.111 35.433 74.655 -0.27599 -0.03541
0.98429 32.954 75.141 35.301 74.654 -0.39437 -0.02758
0.98388 32.83 74.05 35.168 74.667 -0.53018 -0.021282
0.98345 32.714 72.872 35.038 74.696 -0.68055 -0.016747
0.98304 32.609 71.652 34.914 74.74 -0.84152 -0.014148
0.98267 32.519 70.443 34.802 74.797 -1.0081 -0.013601
0.98236 32.445 69.31 34.704 74.867 -1.1744 -0.015158
0.98214 32.388 68.315 34.625 74.947 -1.3338 -0.018816
0.98202 32.346 67.525 34.567 75.034 -1.4794 -0.024521
0.982 32.317 66.997 34.532 75.124 -1.6038 -0.032174
0.98206 32.298 66.777 34.52 75.216 -1.7004 -0.041639
0.98219 32.284 66.896 34.532 75.305 -1.7628 -0.052756
0.98238 32.273 67.369 34.566 75.389 -1.7857 -0.065342
0.9826 32.261 68.187 34.621 75.464 -1.7654 -0.079197
0.98282 32.245 69.323 34.693 75.528 -1.6994 -0.09411
0.98302 32.225 70.731 34.779 75.579 -1.5874 -0.10986
0.98319 32.202 72.353 34.876 75.615 -1.431 -0.1262
0.9833 32.178 74.117 34.98 75.634 -1.2337 -0.14289
0.98336 32.157 75.947 35.087 75.636 -1.0011 -0.15964
0.98336 32.144 77.766 35.193 75.621 -0.74035 -0.17613
0.98332 32.146 79.501 35.295 75.59 -0.46006 -0.19205
0.98324 32.168 81.088 35.389 75.544 -0.16987 -0.20702
0.98314 32.214 82.473 35.472 75.485 0.12001 -0.22066
0.98303 32.289 83.614 35.541 75.415 0.39927 -0.23258
0.98294 32.394 84.486 35.593 75.339 0.65801 -0.24237
0.98288 32.526 85.078 35.626 75.259 0.88723 -0.24969
0.98285 32.682 85.392 35.639 75.18 1.0792 -0.2542
0.98285 32.853 85.447 35.628 75.106 1.228 -0.25566
0.98289 33.03 85.269 35.594 75.04 1.3294 -0.25392
0.98297 33.201 84.898 35.535 74.985 1.3815 -0.24895
0.98307 33.352 84.379 35.452 74.944 1.3846 -0.24085
0.98319 33.47 83.76 35.345 74.918 1.3408 -0.22986
0.98333 33.543 83.09 35.216 74.908 1.2544 -0.21637
0.98348 33.559 82.415 35.067 74.913 1.1312 -0.20087
0.98363 33.512 81.775 34.902 74.93 0.9783 -0.18399
0.9838 33.399 81.201 34.724 74.957 0.80372 -0.16641
0.98397 33.221 80.716 34.539 74.992 0.61584 -0.14885
0.98414 32.982 80.33 34.352 75.029 0.423 -0.13202
0.98431 32.693 80.045 34.168 75.066 0.2331 -0.11656
0.98449 32.365 79.854 33.996 75.098 0.053193 -0.10305
0.98465 32.015 79.744 33.839 75.125 -0.11084 -0.091889
0.9848 31.658 79.7 33.705 75.142 -0.25452 -0.083336
0.98493 31.312 79.705 33.6 75.15 -0.37488 -0.07746
0.98502 30.992 79.743 33.526 75.149 -0.47056 -0.07415
0.98505 30.711 79.803 33.489 75.138 -0.54168 -0.07312
0.98503 30.482 79.875 33.49 75.12 -0.58978 -0.073934
0.98494 30.31 79.955 33.532 75.095 -0.61751 -0.076051
0.98478 30.198 80.038 33.613 75.067 -0.62845 -0.078863
0.98455 30.146 80.125 33.732 75.038 -0.62674 -0.08175
0.98425 30.15 80.214 33.888 75.009 -0.61676 -0.084133
0.98391 30.201 80.301 34.075 74.982 -0.60287 -0.085527
0.98353 30.29 80.382 34.289 74.959 -0.58905 -0.085576
0.98314 30.404 80.449 34.524 74.942 -0.57869 -0.084091
0.98278 30.533 80.496 34.774 74.929 -0.5744 -0.081065
0.98245 30.665 80.511 35.031 74.921 -0.57785 -0.076676
0.98219 30.789 80.488 35.286 74.918 -0.58975 -0.071275
0.98201 30.897 80.42 35.533 74.918 -0.60981 -0.065355
0.98193 30.983 80.306 35.762 74.919 -0.63684 -0.059518
0.98195 31.044 80.152 35.967 74.919 -0.66889 -0.05442
0.98206 31.078 79.967 36.138 74.918 -0.70337 -0.050726
0.98225 31.088 79.77 36.271 74.914 -0.73731 -0.049049
0.9825 31.077 79.585 36.359 74.905 -0.76754 -0.049905
0.98277 31.051 79.441 36.399 74.891 -0.79099 -0.053673
0.98306 31.016 79.367 36.388 74.873 -0.80485 -0.060557
0.98331 30.977 79.392 36.327 74.849 -0.80684 -0.070576
0.98352 30.942 79.539 36.217 74.823 -0.79537 -0.083554
0.98366 30.917 79.822 36.064 74.794 -0.76966 -0.099133
0.98373 30.906 80.245 35.874 74.764 -0.72989 -0.1168
0.98373 30.911 80.797 35.657 74.733 -0.67716 -0.1359
0.98366 30.936 81.454 35.422 74.704 -0.6135 -0.15572
0.98355 30.981 82.18 35.184 74.677 -0.54181 -0.17549
0.98341 31.044 82.928 34.954 74.653 -0.46567 -0.19446
0.98327 31.123 83.648 34.746 74.631 -0.38919 -0.21195
0.98316 31.215 84.287 34.573 74.612 -0.31677 -0.22735
0.98308 31.316 84.799 34.448 74.597 -0.25284 -0.24022
0.98307 31.423 85.15 34.379 74.584 -0.20164 -0.25024
0.98312 31.532 85.32 34.373 74.573 -0.16691 -0.2573
0.98323 31.64 85.306 34.436 74.565 -0.15176 -0.26142
0.9834 31.746 85.122 34.567 74.558 -0.15841 -0.26281
0.98361 31.848 84.8 34.764 74.553 -0.18809 -0.26182
0.98386 31.947 84.382 35.02 74.547 -0.24102 -0.25892
0.98411 32.044 83.916 35.326 74.541 -0.31636 -0.25464
0.98437 32.141 83.453 35.67 74.533 -0.41234 -0.24958
0.9846 32.24 83.037 36.038 74.522 -0.52635 -0.24432
0.9848 32.341 82.702 36.414 74.506 -0.65518 -0.23944
0.98495 32.446 82.467 36.782 74.486 -0.79518 -0.23541
0.98506 32.555 82.336 37.127 74.46 -0.94252 -0.23262
0.98512 32.666 82.298 37.434 74.428 -1.0934 -0.23133
0.98514 32.776 82.329 37.691 74.391 -1.2444 -0.23167
0.98511 32.882 82.397 37.887 74.351 -1.3922 -0.2336
0.98505 32.977 82.465 38.017 74.311 -1.5343 -0.23697
0.98495 33.058 82.498 38.076 74.272 -1.6687 -0.24147
0.98485 33.118 82.468 38.066 74.238 -1.7939 -0.2467
0.98474 33.153 82.357 37.989 74.214 -1.9089 -0.25221
0.98463 33.161 82.159 37.853 74.202 -2.0131 -0.25747
0.98455 33.138 81.88 37.667 74.204 -2.1062 -0.26199
0.98449 33.087 81.538 37.445 74.222 -2.1882 -0.26528
0.98446 33.008 81.16 37.199 74.257 -2.2588 -0.26696
0.98446 32.906 80.78 36.946 74.308 -2.3179 -0.26675
0.98449 32.787 80.435 36.699 74.371 -2.3649 -0.2645
0.98453 32.658 80.16 36.473 74.445 -2.3993 -0.26019
0.98458 32.526 79.988 36.282 74.524 -2.4202 -0.25398
0.98462 32.399 79.943 36.135 74.605 -2.427 -0.24615
0.98463 32.284 80.043 36.041 74.683 -2.4187 -0.23709
0.98459 32.185 80.295 36.004 74.753 -2.3947 -0.2273
0.98448 32.108 80.696 36.023 74.812 -2.3549 -0.21733
0.98429 32.052 81.231 36.097 74.857 -2.2994 -0.20774
0.98401 32.019 81.879 36.219 74.888 -2.2292 -0.19904
0.98364 32.006 82.607 36.378 74.904 -2.1461 -0.19169
0.98318 32.008 83.379 36.563 74.905 -2.0526 -0.18603
0.98265 32.021 84.152 36.759 74.896 -1.952 -0.18229
0.98206 32.037 84.883 36.951 74.877 -1.8484 -0.18053
0.98144 32.051 85.525 37.124 74.852 -1.7462 -0.18067
0.98082 32.055 86.04 37.266 74.825 -1.6506 -0.18248
0.9802 32.047 86.389 37.367 74.799 -1.5664 -0.18564
0.97962 32.02 86.544 37.418 74.775 -1.4985 -0.1897
0.97908 31.973 86.486 37.416 74.757 -1.4511 -0.19418
0.9786 31.907 86.208 37.363 74.743 -1.4278 -0.19858
0.97818 31.822 85.715 37.264 74.735 -1.4309 -0.20242
0.97782 31.724 85.025 37.128 74.731 -1.4618 -0.20527
0.97752 31.617 84.17 36.968 74.729 -1.5202 -0.20679
0.97727 31.509 83.194 36.8 74.729 -1.6046 -0.20673
0.97708 31.408 82.148 36.639 74.727 -1.7123 -0.20496
0.97695 31.323 81.093 36.503 74.721 -1.839 -0.20145
0.97688 31.262 80.09 36.407 74.709 -1.9797 -0.19629
0.97689 31.23 79.204 36.362 74.689 -2.1286 -0.18966
0.97698 31.234 78.49 36.377 74.658 -2.2795 -0.18182
0.97718 31.277 78 36.458 74.618 -2.426 -0.17306
0.97749 31.358 77.771 36.602 74.566 -2.5621 -0.16374
0.97792 31.477 77.829 36.803 74.505 -2.6826 -0.15422
0.97847 31.629 78.182 37.051 74.436 -2.7829 -0.14486
0.97914 31.807 78.826 37.331 74.362 -2.8597 -0.13602
0.97991 32.004 79.735 37.624 74.284 -2.9112 -0.12803
0.98076 32.212 80.873 37.912 74.208 -2.9367 -0.12117
0.98165 32.423 82.184 38.174 74.137 -2.9372 -0.11572
0.98254 32.627 83.607 38.392 74.073 -2.9148 -0.11187
0.98341 32.818 85.068 38.55 74.02 -2.873 -0.10978
0.98421 32.989 86.493 38.635 73.979 -2.8158 -0.10954
0.9849 33.135 87.806 38.642 73.952 -2.7482 -0.11118
0.98548 33.253 88.941 38.567 73.939 -2.6752 -0.11464
0.9859 33.342 89.842 38.414 73.94 -2.6019 -0.11979
0.98617 33.399 90.471 38.192 73.953 -2.5329 -0.12641
0.98628 33.426 90.808 37.914 73.976 -2.472 -0.13422
0.98624 33.425 90.854 37.596 74.008 -2.4223 -0.14284
0.98606 33.398 90.631 37.258 74.046 -2.3855 -0.15186
0.98577 33.348 90.182 36.918 74.088 -2.3623 -0.16084
0.98538 33.279 89.562 36.595 74.133 -2.3522 -0.16932
0.98492 33.197 88.836 36.308 74.18 -2.3535 -0.17687
0.98442 33.105 88.072 36.071 74.228 -2.3639 -0.18313
0.9839 33.008 87.335 35.893 74.277 -2.38 -0.18782
0.98339 32.91 86.682 35.783 74.326 -2.3986 -0.19079
0.98291 32.816 86.157 35.74 74.375 -2.416 -0.19199
0.98248 32.727 85.786 35.763 74.425 -2.4292 -0.19154
0.9821 32.647 85.58 35.847 74.475 -2.4354 -0.18969
0.98181 32.576 85.531 35.98 74.524 -2.4328 -0.18682
0.9816 32.515 85.618 36.153 74.573 -2.4208 -0.18337
0.98147 32.46 85.808 36.353 74.621 -2.3994 -0.17987
0.98144 32.411 86.06 36.567 74.666 -2.37 -0.17682
0.98151 32.365 86.333 36.784 74.708 -2.3348 -0.1747
0.98166 32.319 86.588 36.995 74.744 -2.2969 -0.17388
0.98191 32.27 86.792 37.191 74.775 -2.2597 -0.1746
0.98223 32.217 86.919 37.369 74.799 -2.227 -0.17692
0.98263 32.158 86.958 37.527 74.814 -2.2026 -0.18072
0.98309 32.094 86.907 37.664 74.821 -2.1898 -0.18571
0.98361 32.027 86.775 37.784 74.82 -2.1913 -0.19139
0.98416 31.96 86.581 37.892 74.81 -2.209 -0.19717
0.98474 31.898 86.348 37.992 74.794 -2.2436 -0.20233
0.98531 31.844 86.102 38.089 74.771 -2.295 -0.20617
0.98586 31.804 85.871 38.187 74.745 -2.3617 -0.20799
0.98634 31.783 85.675 38.29 74.716 -2.4414 -0.20722
0.98674 31.783 85.532 38.399 74.687 -2.5307 -0.20344
0.98702 31.808 85.451 38.513 74.659 -2.6259 -0.19645
0.98714 31.857 85.432 38.628 74.636 -2.7226 -0.18629
0.98708 31.929 85.469 38.74 74.618 -2.8165 -0.17327
0.98681 32.021 85.552 38.843 74.607 -2.9033 -0.15792
0.98633 32.127 85.663 38.928 74.603 -2.9792 -0.14099
0.98564 32.241 85.785 38.988 74.608 -3.0411 -0.1234
0.98474 32.353 85.898 39.017 74.619 -3.0867 -0.10615
0.98365 32.457 85.987 39.01 74.638 -3.1146 -0.090285
0.98243 32.543 86.035 38.961 74.662 -3.1243 -0.076768
0.98111 32.606 86.035 38.872 74.69 -3.1164 -0.066447
0.97975 32.638 85.979 38.743 74.72 -3.0922 -0.059967
0.97843 32.638 85.868 38.582 74.75 -3.054 -0.057729
0.97719 32.605 85.705 38.395 74.777 -3.0046 -0.059856
0.9761 32.54 85.499 38.194 74.8 -2.9472 -0.066184
0.97523 32.449 85.262 37.993 74.817 -2.8851 -0.076275
0.97461 32.337 85.005 37.805 74.826 -2.8219 -0.089452
0.97428 32.215 84.743 37.645 74.827 -2.761 -0.10485
0.97425 32.09 84.488 37.527 74.819 -2.7054 -0.12147
0.97451 31.972 84.249 37.461 74.802 -2.6577 -0.13827
0.97505 31.869 84.032 37.458 74.776 -2.6201 -0.15424
0.97584 31.788 83.839 37.522 74.744 -2.5941 -0.16844
0.9768 31.734 83.669 37.655 74.706 -2.5806 -0.18009
0.9779 31.708 83.515 37.853 74.664 -2.5799 -0.18861
0.97905 31.709 83.371 38.111 74.621 -2.5918 -0.19367
0.98018 31.735 83.224 38.416 74.576 -2.6153 -0.19516
0.98123 31.78 83.066 38.753 74.533 -2.6491 -0.1932
0.98214 31.837 82.887 39.107 74.492 -2.6914 -0.18815
0.98287 31.899 82.681 39.458 74.455 -2.74 -0.18053
0.98336 31.959 82.444 39.787 74.421 -2.7924 -0.17099
0.98361 32.009 82.178 40.077 74.392 -2.846 -0.16026
0.98361 32.043 81.888 40.313 74.368 -2.8982 -0.1491
0.98337 32.057 81.583 40.482 74.348 -2.9462 -0.13822
0.98293 32.049 81.278 40.575 74.332 -2.9877 -0.12828
0.98231 32.018 80.988 40.588 74.32 -3.0204 -0.11981
0.98158 31.965 80.731 40.523 74.31 -3.0424 -0.1132
0.9808 31.893 80.524 40.385 74.302 -3.0525 -0.1087
0.98002 31.809 80.386 40.183 74.295 -3.0497 -0.1064
0.9793 31.718 80.329 39.931 74.288 -3.034 -0.10622
0.97872 31.627 80.366 39.644 74.28 -3.0059 -0.10797
0.9783 31.545 80.501 39.341 74.271 -2.9664 -0.11135
0.9781 31.478 80.737 39.039 74.26 -2.9174 -0.11596
0.97812 31.433 81.068 38.755 74.246 -2.8612 -0.12137
0.97836 31.416 81.485 38.504 74.232 -2.8006 -0.12712
0.97882 31.429 81.976 38.298 74.217 -2.7387 -0.13278
0.97945 31.475 82.525 38.147 74.203 -2.6785 -0.13794
0.98021 31.551 83.113 38.055 74.191 -2.6232 -0.14228
0.98104 31.653 83.722 38.024 74.182 -2.5757 -0.14556
0.98189 31.777 84.336 38.05 74.179 -2.5384 -0.14762
0.98269 31.913 84.938 38.128 74.182 -2.5131 -0.14842
0.98337 32.055 85.513 38.249 74.192 -2.5011 -0.14801
0.98391 32.193 86.048 38.402 74.211 -2.5028 -0.14653
0.98425 32.32 86.531 38.576 74.238 -2.5181 -0.1442
0.98438 32.431 86.951 38.76 74.275 -2.546 -0.14129
0.9843 32.523 87.298 38.943 74.32 -2.5851 -0.13812
0.98403 32.595 87.563 39.115 74.374 -2.6336 -0.13497
0.98361 32.651 87.739 39.27 74.436 -2.6894 -0.13214
0.98308 32.698 87.822 39.402 74.503 -2.7501 -0.12985
0.9825 32.742 87.809 39.508 74.575 -2.8136 -0.12825
0.98192 32.794 87.701 39.589 74.649 -2.8781 -0.12741
0.98141 32.861 87.505 39.645 74.724 -2.9419 -0.12728
0.981 32.951 87.229 39.678 74.797 -3.0038 -0.12772
0.98076 33.068 86.885 39.692 74.866 -3.0629 -0.12849
0.98068 33.211 86.488 39.691 74.928 -3.1189 -0.12928
0.9808 33.377 86.054 39.678 74.981 -3.1716 -0.12972
0.9811 33.557 85.596 39.655 75.024 -3.2212 -0.12943
0.98156 33.737 85.128 39.624 75.055 -3.2678 -0.12804
0.98215 33.904 84.66 39.586 75.074 -3.3115 -0.12526
0.98283 34.039 84.2 39.54 75.082 -3.3523 -0.12087
0.98354 34.127 83.752 39.486 75.078 -3.39 -0.11479
0.98424 34.153 83.32 39.421 75.064 -3.4238 -0.10706
0.98487 34.106 82.904 39.344 75.045 -3.453 -0.097886
0.98539 33.981 82.506 39.253 75.021 -3.4764 -0.087636
0.98575 33.777 82.128 39.147 74.997 -3.4925 -0.076793
0.98592 33.501 81.773 39.026 74.975 -3.5 -0.065953
0.98589 33.162 81.445 38.892 74.96 -3.4974 -0.055778
0.98563 32.777 81.151 38.746 74.952 -3.4835 -0.046949
0.98517 32.365 80.896 38.593 74.955 -3.4577 -0.040119
0.98452 31.947 80.686 38.438 74.969 -3.4195 -0.035857
0.98373 31.544 80.527 38.288 74.995 -3.3693 -0.034609
0.98283 31.175 80.423 38.15 75.031 -3.308 -0.036655
0.9819 30.858 80.379 38.031 75.076 -3.2372 -0.042082
0.98099 30.606 80.395 37.937 75.125 -3.159 -0.050774
0.98016 30.428 80.473 37.875 75.176 -3.0761 -0.062413
0.97948 30.329 80.612 37.849 75.224 -2.9916 -0.076492
0.97899 30.309 80.809 37.863 75.265 -2.9086 -0.092355
0.97874 30.363 81.062 37.918 75.294 -2.8303 -0.10923
0.97873 30.483 81.366 38.012 75.309 -2.7597 -0.12628
0.97897 30.658 81.713 38.143 75.308 -2.6995 -0.14267
0.97943 30.876 82.098 38.306 75.289 -2.6516 -0.15761
0.98006 31.122 82.509 38.494 75.253 -2.6174 -0.17043
0.98081 31.382 82.934 38.7 75.201 -2.5977 -0.18057
0.9816 31.643 83.36 38.913 75.138 -2.5922 -0.18767
0.98237 31.893 83.77 39.126 75.066 -2.6002 -0.1916
0.98303 32.122 84.148 39.329 74.99 -2.62 -0.19237
0.98354 32.322 84.474 39.514 74.915 -2.6496 -0.19025
0.98382 32.489 84.734 39.674 74.845 -2.6864 -0.18564
0.98387 32.62 84.91 39.802 74.784 -2.7276 -0.1791
0.98367 32.714 84.992 39.895 74.733 -2.7704 -0.17127
0.98323 32.774 84.973 39.951 74.695 -2.8119 -0.16287
0.9826 32.804 84.851 39.967 74.669 -2.8495 -0.15458
0.98182 32.809 84.631 39.946 74.654 -2.8813 -0.14706
0.98096 32.794 84.325 39.89 74.649 -2.9054 -0.14087
0.9801 32.764 83.951 39.8 74.651 -2.921 -0.13645
0.9793 32.723 83.533 39.681 74.657 -2.9276 -0.13411
0.97863 32.676 83.103 39.538 74.664 -2.9255 -0.13401
0.97815 32.623 82.695 39.375 74.669 -2.9154 -0.13615
0.97789 32.567 82.342 39.195 74.672 -2.8989 -0.1404
0.97785 32.505 82.079 39.005 74.669 -2.8776 -0.14654
0.97803 32.436 81.934 38.806 74.661 -2.8535 -0.15424
0.97839 32.358 81.93 38.605 74.647 -2.8287 -0.16314
0.97888 32.269 82.075 38.404 74.628 -2.8055 -0.17285
0.97944 32.166 82.369 38.209 74.604 -2.7856 -0.183
0.98001 32.05 82.795 38.022 74.576 -2.7708 -0.19322
0.98051 31.922 83.327 37.851 74.547 -2.7621 -0.20324
0.98089 31.784 83.928 37.699 74.516 -2.7604 -0.2128
0.98111 31.642 84.555 37.573 74.485 -2.7658 -0.22172
0.98115 31.502 85.161 37.478 74.453 -2.7782 -0.22985
0.981 31.37 85.704 37.422 74.423 -2.797 -0.23708
0.98067 31.256 86.148 37.409 74.392 -2.8212 -0.24335
0.9802 31.167 86.465 37.444 74.361 -2.8497 -0.24856
0.97964 31.109 86.645 37.531 74.331 -2.8814 -0.25263
0.97902 31.088 86.686 37.673 74.3 -2.9152 -0.25547
0.97842 31.106 86.604 37.869 74.269 -2.9502 -0.25698
0.97786 31.164 86.425 38.118 74.238 -2.9859 -0.25703
0.9774 31.258 86.181 38.414 74.207 -3.022 -0.25551
0.97705 31.384 85.91 38.751 74.178 -3.0585 -0.25234
0.97683 31.534 85.646 39.119 74.152 -3.0957 -0.24749
0.97674 31.699 85.418 39.507 74.129 -3.1343 -0.24096
0.97677 31.87 85.243 39.902 74.111 -3.1748 -0.23289
0.97692 32.036 85.127 40.29 74.098 -3.2177 -0.22348
0.97716 32.187 85.057 40.658 74.09 -3.2634 -0.21307
0.97747 32.314 85.012 40.992 74.087 -3.312 -0.20207
0.97785 32.411 84.958 41.28 74.087 -3.3631 -0.191
0.97827 32.473 84.857 41.511 74.09 -3.4158 -0.18045
0.97873 32.496 84.671 41.676 74.092 -3.4689 -0.17103
0.97921 32.48 84.371 41.77 74.094 -3.521 -0.16334
0.97972 32.426 83.94 41.789 74.092 -3.5702 -0.15791
0.98023 32.339 83.38 41.733 74.085 -3.6148 -0.15521
0.98075 32.223 82.713 41.603 74.073 -3.6532 -0.15552
0.98127 32.085 81.982 41.405 74.056 -3.6843 -0.15899
0.98177 31.931 81.244 41.145 74.034 -3.7075 -0.16555
0.98225 31.771 80.57 40.833 74.009 -3.723 -0.17494
0.98271 31.61 80.033 40.48 73.984 -3.7319 -0.18673
0.98313 31.456 79.697 40.097 73.961 -3.7358 -0.20031
0.98352 31.315 79.613 39.698 73.943 -3.7375 -0.21497
0.98386 31.192 79.807 39.296 73.932 -3.7399 -0.22989
0.98417 31.089 80.276 38.905 73.931 -3.7464 -0.24426
0.98444 31.008 80.984 38.538 73.941 -3.7602 -0.25732
0.98468 30.95 81.868 38.209 73.965 -3.7844 -0.26837
0.9849 30.914 82.845 37.929 74.001 -3.821 -0.27689
0.98511 30.899 83.815 37.708 74.05 -3.8713 -0.2825
0.9853 30.903 84.681 37.555 74.109 -3.9352 -0.28505
0.98547 30.924 85.354 37.474 74.176 -4.0112 -0.28458
0.98563 30.96 85.768 37.469 74.248 -4.0967 -0.28131
0.98576 31.009 85.885 37.54 74.322 -4.1876 -0.27564
0.98586 31.071 85.702 37.685 74.395 -4.2789 -0.26809
0.9859 31.145 85.248 37.897 74.464 -4.3649 -0.25926
0.98587 31.23 84.583 38.17 74.525 -4.4397 -0.24976
0.98575 31.328 83.789 38.493 74.577 -4.4973 -0.24018
0.98551 31.438 82.957 38.855 74.618 -4.5327 -0.23104
0.98515 31.561 82.183 39.244 74.647 -4.5417 -0.22274
0.98466 31.695 81.551 39.648 74.662 -4.5214 -0.21554
0.98403 31.839 81.13 40.055 74.665 -4.4706 -0.20954
0.98328 31.994 80.965 40.456 74.656 -4.3896 -0.20471
0.98241 32.156 81.071 40.842 74.635 -4.2807 -0.20088
0.98145 32.323 81.441 41.207 74.604 -4.1473 -0.19776
0.98042 32.494 82.043 41.549 74.563 -3.9946 -0.19502
0.97938 32.664 82.827 41.864 74.516 -3.8282 -0.1923
0.97836 32.831 83.733 42.153 74.463 -3.6548 -0.18925
0.9774 32.993 84.696 42.418 74.407 -3.481 -0.18562
0.97654 33.148 85.655 42.661 74.35 -3.3133 -0.1812
0.97582 33.293 86.559 42.884 74.293 -3.1576 -0.17595
0.97527 33.428 87.371 43.088 74.239 -3.019 -0.16992
0.97492 33.551 88.069 43.274 74.191 -2.9017 -0.16331
0.97478 33.662 88.65 43.441 74.148 -2.8085 -0.1564
0.97487 33.762 89.123 43.586 74.114 -2.7412 -0.14959
0.97517 33.853 89.51 43.706 74.088 -2.7003 -0.14327
0.97569 33.936 89.842 43.794 74.071 -2.6853 -0.13788
0.97639 34.015 90.147 43.846 74.063 -2.6948 -0.13379
0.97723 34.094 90.456 43.857 74.063 -2.7264 -0.13128
0.97818 34.177 90.786 43.822 74.069 -2.7774 -0.13053
0.97917 34.27 91.148 43.74 74.081 -2.8446 -0.13155
0.98016 34.376 91.535 43.611 74.097 -2.9242 -0.13422
0.98108 34.5 91.932 43.439 74.116 -3.0127 -0.13823
0.98188 34.645 92.309 43.23 74.134 -3.1062 -0.14315
0.98251 34.81 92.629 42.996 74.152 -3.2011 -0.14842
0.98294 34.996 92.853 42.75 74.167 -3.2936 -0.15343
0.98314 35.199 92.942 42.507 74.179 -3.3804 -0.15752
0.98311 35.412 92.866 42.286 74.187 -3.4584 -0.16006
0.98286 35.627 92.609 42.102 74.191 -3.5247 -0.1605
0.98242 35.836 92.167 41.973 74.191 -3.5771 -0.15842
0.98183 36.028 91.556 41.912 74.187 -3.6138 -0.15358
0.98115 36.192 90.807 41.931 74.178 -3.6337 -0.14591
0.98042 36.32 89.968 42.034 74.166 -3.6363 -0.13557
0.97972 36.403 89.094 42.224 74.15 -3.6221 -0.12294
0.97911 36.437 88.251 42.496 74.132 -3.5923 -0.10856
0.97864 36.421 87.498 42.841 74.112 -3.5491 -0.093169
0.97835 36.356 86.894 43.246 74.091 -3.4951 -0.077596
0.97826 36.247 86.485 43.692 74.069 -3.4339 -0.06274
0.97839 36.103 86.3 44.16 74.048 -3.3694 -0.049497
0.97873 35.936 86.354 44.627 74.028 -3.3059 -0.038697
0.97924 35.757 86.64 45.071 74.01 -3.2476 -0.03105
0.9799 35.582 87.133 45.472 73.993 -3.1983 -0.027087
0.98063 35.422 87.793 45.812 73.979 -3.1617 -0.027131
0.98139 35.29 88.563 46.077 73.967 -3.1403 -0.031263
0.98212 35.197 89.381 46.258 73.956 -3.1359 -0.039322
0.98277 35.147 90.176 46.35 73.946 -3.1492 -0.050909
0.98328 35.146 90.88 46.355 73.935 -3.1795 -0.065421
0.98364 35.191 91.431 46.279 73.924 -3.2254 -0.082086
0.98381 35.28 91.779 46.131 73.91 -3.2841 -0.10002
0.98381 35.405 91.89 45.928 73.895 -3.3524 -0.11828
0.98363 35.557 91.751 45.685 73.879 -3.4261 -0.13594
0.98332 35.723 91.367 45.42 73.86 -3.5011 -0.15214
0.9829 35.892 90.768 45.152 73.842 -3.5733 -0.16614
0.98242 36.053 90 44.898 73.824 -3.6389 -0.17737
0.98191 36.193 89.123 44.673 73.807 -3.6948 -0.18546
0.98143 36.306 88.206 44.489 73.792 -3.7388 -0.19024
0.98101 36.385 87.318 44.355 73.78 -3.7696 -0.19175
0.98067 36.426 86.52 44.277 73.772 -3.787 -0.19023
0.98043 36.43 85.864 44.256 73.766 -3.7918 -0.18608
0.9803 36.398 85.38 44.289 73.764 -3.7858 -0.17983
0.98026 36.335 85.084 44.372 73.765 -3.7711 -0.17206
0.9803 36.248 84.967 44.498 73.769 -3.7506 -0.16342
0.98039 36.142 85.006 44.659 73.774 -3.7272 -0.15451
0.9805 36.027 85.166 44.846 73.782 -3.7035 -0.14587
0.98061 35.909 85.402 45.049 73.791 -3.682 -0.13798
0.98068 35.794 85.667 45.261 73.802 -3.6643 -0.13114
0.9807 35.689 85.919 45.476 73.813 -3.6514 -0.12557
0.98064 35.598 86.12 45.69 73.825 -3.6434 -0.12132
0.98052 35.523 86.247 45.899 73.836 -3.6396 -0.11831
0.98034 35.467 86.285 46.105 73.846 -3.6388 -0.11638
0.98013 35.43 86.233 46.308 73.853 -3.6389 -0.11523
0.9799 35.413 86.099 46.512 73.858 -3.6378 -0.11455
0.97971 35.416 85.903 46.721 73.858 -3.6331 -0.11396
0.97956 35.437 85.668 46.94 73.853 -3.6227 -0.11311
0.97951 35.477 85.422 47.172 73.842 -3.6045 -0.11168
0.97955 35.534 85.193 47.422 73.825 -3.5775 -0.10938
0.97971 35.608 85.01 47.688 73.802 -3.5409 -0.10602
0.97997 35.698 84.895 47.972 73.773 -3.4949 -0.10149
0.98032 35.803 84.866 48.269 73.739 -3.4404 -0.095783
0.98072 35.924 84.936 48.574 73.702 -3.3789 -0.08898
0.98114 36.057 85.109 48.878 73.664 -3.3124 -0.081261
0.98153 36.203 85.385 49.17 73.625 -3.2435 -0.07289
0.98183 36.359 85.756 49.439 73.588 -3.1746 -0.0642
0.982 36.523 86.208 49.673 73.554 -3.1085 -0.055577
0.98199 36.691 86.722 49.858 73.525 -3.0475 -0.047437
0.98179 36.861 87.274 49.984 73.502 -2.9934 -0.040209
0.98137 37.029 87.837 50.043 73.485 -2.9478 -0.034305
0.98074 37.19 88.381 50.029 73.474 -2.9114 -0.0301
0.97992 37.34 88.875 49.941 73.469 -2.8843 -0.02791
0.97895 37.475 89.287 49.781 73.469 -2.8661 -0.02797
0.97789 37.589 89.59 49.556 73.473 -2.856 -0.030418
0.9768 37.68 89.758 49.278 73.478 -2.8524 -0.03528
0.97575 37.744 89.776 48.961 73.484 -2.8539 -0.042465
0.97481 37.779 89.633 48.624 73.489 -2.8588 -0.051757
0.97404 37.782 89.332 48.285 73.49 -2.8655 -0.062826
0.97348 37.755 88.886 47.964 73.486 -2.8729 -0.075236
0.97317 37.699 88.319 47.681 73.477 -2.88 -0.088464
0.97311 37.617 87.667 47.452 73.462 -2.8864 -0.10193
0.97329 37.514 86.971 47.289 73.441 -2.892 -0.11501
0.9737 37.397 86.28 47.202 73.414 -2.8974 -0.12709
0.97429 37.271 85.64 47.195 73.385 -2.9034 -0.1376
0.97503 37.144 85.094 47.267 73.353 -2.9111 -0.14604
0.97586 37.024 84.676 47.411 73.322 -2.9216 -0.15201
0.97674 36.918 84.407 47.617 73.294 -2.936 -0.15525
0.97762 36.832 84.294 47.87 73.272 -2.9553 -0.15567
0.97845 36.771 84.33 48.153 73.258 -2.9799 -0.15332
0.9792 36.737 84.493 48.448 73.253 -3.0099 -0.14844
0.97984 36.733 84.752 48.737 73.258 -3.0447 -0.14143
0.98034 36.758 85.07 49.005 73.273 -3.0831 -0.13281
0.98066 36.809 85.408 49.236 73.297 -3.1233 -0.12323
0.98078 36.881 85.728 49.422 73.329 -3.163 -0.11338
0.98069 36.971 86.001 49.558 73.366 -3.1995 -0.104
0.98037 37.071 86.205 49.643 73.406 -3.2298 -0.095778
0.9798 37.177 86.329 49.683 73.445 -3.251 -0.089342
0.97898 37.281 86.371 49.687 73.481 -3.2602 -0.085196
0.97792 37.379 86.339 49.669 73.511 -3.2548 -0.083688
0.97662 37.466 86.249 49.646 73.534 -3.233 -0.084986
0.97511 37.539 86.119 49.637 73.55 -3.1935 -0.089059
0.97342 37.595 85.972 49.659 73.558 -3.136 -0.095679
0.9716 37.633 85.832 49.732 73.561 -3.0611 -0.10444
0.9697 37.653 85.719 49.871 73.56 -2.9704 -0.11476
0.9678 37.656 85.653 50.086 73.557 -2.8664 -0.12597
0.96597 37.643 85.653 50.385 73.555 -2.7526 -0.1373
0.96428 37.616 85.733 50.767 73.554 -2.6331 -0.14798
0.96282 37.578 85.904 51.229 73.557 -2.5129 -0.15728
0.96164 37.533 86.176 51.759 73.563 -2.397 -0.16455
0.96082 37.484 86.553 52.339 73.572 -2.2908 -0.16928
0.96038 37.435 87.036 52.95 73.582 -2.1992 -0.17115
0.96036 37.389 87.618 53.565 73.59 -2.127 -0.17003
0.96075 37.351 88.287 54.157 73.595 -2.0781 -0.166
0.96151 37.324 89.02 54.701 73.595 -2.0555 -0.15935
0.9626 37.311 89.786 55.17 73.586 -2.0609 -0.15057
0.96394 37.314 90.544 55.542 73.569 -2.0949 -0.1403
0.96543 37.334 91.245 55.798 73.544 -2.1565 -0.12932
0.96698 37.371 91.834 55.927 73.511 -2.2434 -0.11843
0.96847 37.424 92.256 55.922 73.472 -2.3516 -0.1085
0.96983 37.492 92.458 55.785 73.43 -2.4764 -0.10032
0.97099 37.571 92.399 55.524 73.388 -2.6117 -0.094593
0.9719 37.657 92.048 55.152 73.35 -2.7509 -0.091874
0.97256 37.746 91.399 54.688 73.318 -2.8871 -0.092547
0.97297 37.836 90.466 54.155 73.294 -3.0133 -0.096785
0.97319 37.922 89.286 53.578 73.28 -3.1233 -0.10455
0.97326 38.003 87.919 52.983 73.277 -3.2113 -0.11559
0.97325 38.078 86.443 52.395 73.283 -3.273 -0.12946
0.97322 38.147 84.947 51.835 73.297 -3.3054 -0.14554
0.97324 38.211 83.522 51.322 73.316 -3.3072 -0.16311
0.97332 38.272 82.255 50.872 73.338 -3.2788 -0.18135
0.9735 38.334 81.221 50.493 73.358 -3.2221 -0.19942
0.97376 38.397 80.472 50.191 73.375 -3.1405 -0.21652
0.97408 38.464 80.039 49.966 73.385 -3.0389 -0.23191
0.97442 38.536 79.926 49.814 73.389 -2.9227 -0.24501
0.97473 38.614 80.112 49.729 73.385 -2.798 -0.25536
0.97497 38.695 80.554 49.703 73.376 -2.6712 -0.26269
0.97509 38.777 81.194 49.726 73.362 -2.5481 -0.26694
0.97506 38.858 81.964 49.789 73.346 -2.4339 -0.26821
0.97484 38.932 82.791 49.882 73.331 -2.3328 -0.26679
0.97445 38.996 83.608 50 73.319 -2.2479 -0.26309
0.97389 39.044 84.356 50.137 73.311 -2.1809 -0.25765
0.97319 39.074 84.988 50.289 73.309 -2.1321 -0.25106
0.9724 39.08 85.474 50.458 73.312 -2.1007 -0.24391
0.97158 39.062 85.797 50.642 73.319 -2.0846 -0.23678
0.97078 39.019 85.959 50.845 73.328 -2.0811 -0.23018
0.97007 38.952 85.972 51.068 73.338 -2.0869 -0.22449
0.9695 38.865 85.864 51.316 73.345 -2.0985 -0.21999
0.96913 38.764 85.668 51.588 73.347 -2.1124 -0.2168
0.96899 38.655 85.423 51.886 73.342 -2.1259 -0.21491
0.96909 38.547 85.17 52.208 73.33 -2.1365 -0.21419
0.96943 38.453 84.952 52.55 73.309 -2.1429 -0.21438
0.96997 38.381 84.804 52.905 73.282 -2.1445 -0.21515
0.97067 38.343 84.757 53.264 73.249 -2.1415 -0.21613
0.97148 38.349 84.831 53.618 73.212 -2.1353 -0.21693
0.97233 38.407 85.036 53.954 73.174 -2.1275 -0.2172
0.97316 38.523 85.368 54.26 73.136 -2.1204 -0.21663
0.97391 38.697 85.813 54.522 73.102 -2.1163 -0.215
0.97453 38.927 86.341 54.728 73.073 -2.1178 -0.21216
0.97498 39.208 86.915 54.87 73.051 -2.1267 -0.20808
0.97526 39.528 87.488 54.938 73.034 -2.1445 -0.20282
0.97534 39.874 88.012 54.93 73.025 -2.1723 -0.19651
0.97526 40.227 88.438 54.844 73.02 -2.2099 -0.18937
0.97504 40.569 88.723 54.683 73.019 -2.2566 -0.18163
0.97472 40.881 88.835 54.457 73.02 -2.311 -0.17357
0.97433 41.144 88.752 54.175 73.02 -2.371 -0.16545
0.97392 41.341 88.472 53.852 73.017 -2.4337 -0.15754
0.97352 41.462 88.006 53.505 73.01 -2.4964 -0.15004
0.97318 41.499 87.381 53.154 72.997 -2.5558 -0.14314
0.9729 41.45 86.64 52.817 72.977 -2.6091 -0.13698
0.97271 41.32 85.835 52.514 72.95 -2.6536 -0.13168
0.97261 41.116 85.024 52.263 72.918 -2.687 -0.12733
0.97258 40.856 84.267 52.078 72.881 -2.7078 -0.124
0.9726 40.555 83.621 51.973 72.842 -2.7149 -0.12177
0.97266 40.236 83.132 51.954 72.805 -2.7082 -0.12073
0.97273 39.921 82.836 52.025 72.77 -2.6879 -0.12096
0.97278 39.63 82.754 52.187 72.743 -2.6553 -0.12258
0.97278 39.384 82.891 52.433 72.724 -2.6118 -0.12568
0.97269 39.199 83.235 52.755 72.715 -2.5595 -0.13036
0.97251 39.086 83.762 53.141 72.718 -2.5007 -0.13666
0.97222 39.051 84.434 53.574 72.731 -2.4381 -0.14458
0.97179 39.094 85.208 54.039 72.754 -2.3743 -0.15403
0.97123 39.209 86.036 54.519 72.785 -2.312 -0.16484
0.97054 39.386 86.869 54.995 72.82 -2.2536 -0.17672
0.96972 39.607 87.662 55.454 72.855 -2.2015 -0.18929
0.96879 39.854 88.379 55.882 72.888 -2.1579 -0.20208
0.96777 40.105 88.992 56.268 72.914 -2.1245 -0.21453
0.96667 40.34 89.482 56.605 72.931 -2.1027 -0.22606
0.96555 40.539 89.844 56.889 72.937 -2.0936 -0.23608
0.96441 40.685 90.079 57.121 72.929 -2.0977 -0.24408
0.96331 40.767 90.202 57.304 72.909 -2.1151 -0.24962
0.96229 40.779 90.23 57.443 72.876 -2.1456 -0.25242
0.96137 40.722 90.186 57.547 72.832 -2.1883 -0.25238
0.96062 40.603 90.094 57.624 72.78 -2.242 -0.2496
0.96005 40.435 89.977 57.685 72.721 -2.3051 -0.2444
0.95971 40.235 89.85 57.739 72.659 -2.3755 -0.23728
0.95962 40.025 89.727 57.795 72.597 -2.4511 -0.22894
0.95979 39.829 89.612 57.859 72.536 -2.5294 -0.22019
0.96024 39.671 89.503 57.936 72.481 -2.6078 -0.2119
0.96095 39.571 89.396 58.028 72.432 -2.6837 -0.20496
0.96189 39.549 89.279 58.135 72.393 -2.7548 -0.2002
0.96304 39.616 89.142 58.253 72.366 -2.8189 -0.19832
0.96433 39.78 88.974 58.376 72.353 -2.874 -0.19982
0.96573 40.04 88.77 58.498 72.356 -2.9186 -0.20498
0.96715 40.388 88.525 58.61 72.376 -2.9514 -0.21383
0.96855 40.812 88.243 58.703 72.414 -2.9719 -0.22615
0.96986 41.291 87.932 58.769 72.47 -2.9795 -0.24144
0.97105 41.803 87.602 58.802 72.544 -2.9743 -0.25904
0.97208 42.324 87.267 58.797 72.633 -2.9566 -0.27809
0.97292 42.827 86.943 58.753 72.735 -2.9271 -0.29765
0.97358 43.29 86.644 58.67 72.846 -2.8866 -0.31673
0.97404 43.694 86.383 58.556 72.962 -2.8364 -0.33438
0.97434 44.023 86.169 58.417 73.077 -2.7777 -0.34975
0.97448 44.268 86.009 58.264 73.187 -2.7123 -0.36215
0.97449 44.425 85.907 58.112 73.285 -2.6418 -0.37107
0.9744 44.496 85.864 57.975 73.368 -2.5684 -0.37622
0.97423 44.488 85.878 57.866 73.432 -2.4944 -0.37753
0.97401 44.413 85.946 57.799 73.474 -2.4222 -0.37515
0.97375 44.284 86.064 57.784 73.493 -2.3545 -0.36942
0.97347 44.116 86.226 57.829 73.488 -2.294 -0.36086
0.97318 43.926 86.425 57.933 73.46 -2.2435 -0.35007
0.97289 43.73 86.651 58.096 73.412 -2.2056 -0.33775
