//co2 data for Study 27 _2
steady: none
chosen_param: SaO2sup, Pa_CO2, P_a, Vmca_d, TOI_d, HbT_d, CCO_d
time_step: 1.0
******
0.99003 38.98 121.06 59.987 63.67 0.0064964 -9.1017e-05
0.98895 38.674 120.27 60.287 63.508 -0.010438 0.027457
0.98794 38.38 119.48 60.574 63.356 -0.027652 0.054416
0.98707 38.107 118.71 60.83 63.219 -0.044299 0.080072
0.98637 37.863 117.95 61.037 63.102 -0.059462 0.10376
0.98587 37.655 117.23 61.183 63.01 -0.072187 0.1249
0.98558 37.487 116.52 61.257 62.944 -0.081517 0.14301
0.98549 37.36 115.84 61.252 62.905 -0.086544 0.15775
0.98557 37.273 115.18 61.167 62.893 -0.086464 0.16893
0.98578 37.223 114.53 61.003 62.904 -0.080635 0.17653
0.98607 37.206 113.89 60.767 62.933 -0.06863 0.18067
0.9864 37.216 113.26 60.468 62.976 -0.050294 0.18164
0.98672 37.247 112.63 60.12 63.026 -0.025772 0.17985
0.98699 37.292 112.03 59.736 63.077 0.0044675 0.17582
0.98719 37.344 111.45 59.332 63.121 0.039637 0.17016
0.9873 37.398 110.92 58.923 63.155 0.078656 0.16348
0.98732 37.45 110.44 58.525 63.174 0.1202 0.15643
0.98726 37.496 110.03 58.149 63.175 0.16276 0.14958
0.98713 37.533 109.69 57.807 63.16 0.20475 0.14343
0.98696 37.562 109.43 57.505 63.129 0.24459 0.13838
0.98677 37.581 109.24 57.25 63.087 0.28077 0.13466
0.98659 37.592 109.12 57.043 63.039 0.312 0.13239
0.98644 37.597 109.06 56.884 62.991 0.33727 0.13152
0.98632 37.598 109.05 56.771 62.95 0.35588 0.13186
0.98627 37.595 109.07 56.699 62.922 0.36753 0.13312
0.98627 37.592 109.11 56.663 62.911 0.37231 0.1349
0.98633 37.59 109.17 56.659 62.922 0.37066 0.13678
0.98644 37.589 109.24 56.682 62.955 0.36341 0.1383
0.9866 37.592 109.31 56.727 63.01 0.35164 0.13906
0.98679 37.597 109.38 56.794 63.085 0.33669 0.13871
0.987 37.605 109.45 56.88 63.174 0.31999 0.137
0.98721 37.616 109.51 56.985 63.274 0.30306 0.13384
0.9874 37.628 109.57 57.113 63.377 0.28736 0.12924
0.98757 37.642 109.63 57.263 63.477 0.27426 0.12336
0.9877 37.655 109.68 57.439 63.57 0.26495 0.1165
0.98778 37.667 109.71 57.641 63.648 0.26039 0.10905
0.9878 37.679 109.73 57.871 63.71 0.2613 0.10149
0.98777 37.689 109.74 58.128 63.752 0.26812 0.094311
0.98768 37.699 109.73 58.407 63.774 0.28101 0.088022
0.98754 37.71 109.72 58.704 63.775 0.2999 0.08308
0.98735 37.722 109.7 59.009 63.757 0.32444 0.079861
0.98714 37.737 109.71 59.313 63.723 0.35412 0.078631
0.9869 37.756 109.76 59.605 63.674 0.38825 0.079521
0.98666 37.779 109.88 59.87 63.613 0.42602 0.08252
0.98642 37.808 110.08 60.098 63.545 0.46653 0.087475
0.9862 37.842 110.4 60.276 63.47 0.50884 0.094096
0.98602 37.88 110.84 60.393 63.392 0.55202 0.10198
0.98589 37.923 111.42 60.444 63.312 0.59516 0.11065
0.98582 37.967 112.14 60.425 63.233 0.6374 0.11957
0.98581 38.011 112.98 60.334 63.155 0.67799 0.12818
0.98587 38.052 113.94 60.177 63.08 0.7163 0.13596
0.98599 38.09 114.96 59.963 63.008 0.75181 0.14243
0.98619 38.121 116.02 59.701 62.94 0.78418 0.14718
0.98645 38.144 117.07 59.407 62.879 0.8132 0.14993
0.98676 38.158 118.05 59.096 62.824 0.83888 0.1505
0.9871 38.161 118.93 58.787 62.779 0.86135 0.14882
0.98747 38.155 119.67 58.496 62.746 0.88093 0.14494
0.98784 38.138 120.23 58.239 62.725 0.89807 0.13904
0.98819 38.113 120.59 58.029 62.72 0.91333 0.13135
0.9885 38.08 120.76 57.879 62.732 0.92734 0.12222
0.98875 38.041 120.72 57.794 62.761 0.94076 0.11202
0.98894 37.999 120.48 57.781 62.806 0.95423 0.10117
0.98904 37.957 120.07 57.839 62.867 0.96829 0.09008
0.98905 37.917 119.5 57.966 62.94 0.98336 0.079183
0.98895 37.884 118.79 58.157 63.023 0.99965 0.068869
0.98875 37.859 117.98 58.404 63.112 1.0172 0.0595
0.98845 37.846 117.09 58.698 63.2 1.0356 0.051389
0.98806 37.85 116.14 59.028 63.285 1.0545 0.044795
0.98759 37.871 115.17 59.385 63.359 1.0732 0.039916
0.98705 37.913 114.19 59.757 63.419 1.0906 0.036885
0.98646 37.976 113.25 60.135 63.46 1.1056 0.035762
0.98587 38.06 112.35 60.51 63.479 1.1173 0.036539
0.98528 38.164 111.54 60.874 63.474 1.1243 0.039133
0.98473 38.286 110.81 61.221 63.445 1.1259 0.043393
0.98424 38.42 110.19 61.546 63.392 1.1212 0.049096
0.98385 38.562 109.68 61.846 63.317 1.1099 0.055962
0.98357 38.706 109.28 62.117 63.226 1.092 0.063656
0.98341 38.844 108.98 62.358 63.122 1.0677 0.07181
0.98337 38.97 108.77 62.569 63.013 1.038 0.080028
0.98347 39.078 108.63 62.748 62.905 1.0039 0.087919
0.98368 39.163 108.55 62.897 62.807 0.96696 0.095106
0.984 39.22 108.5 63.015 62.725 0.92889 0.10126
0.98439 39.248 108.48 63.103 62.666 0.89147 0.1061
0.98484 39.247 108.48 63.161 62.635 0.85644 0.10943
0.98532 39.217 108.49 63.19 62.636 0.82536 0.11116
0.9858 39.162 108.53 63.19 62.671 0.79948 0.11128
0.98627 39.086 108.62 63.163 62.738 0.77966 0.10988
0.9867 38.996 108.75 63.109 62.836 0.76626 0.10715
0.98708 38.896 108.96 63.03 62.96 0.75911 0.10333
0.98741 38.795 109.25 62.927 63.104 0.75757 0.098744
0.98768 38.696 109.64 62.802 63.259 0.76052 0.093716
0.98788 38.606 110.14 62.659 63.419 0.76647 0.088585
0.98803 38.528 110.73 62.501 63.574 0.77368 0.083659
0.98813 38.466 111.43 62.332 63.717 0.7803 0.079194
0.98819 38.42 112.19 62.156 63.841 0.78452 0.075376
0.98822 38.391 113.01 61.978 63.939 0.7847 0.07231
0.98822 38.378 113.85 61.802 64.009 0.77948 0.070017
0.98819 38.379 114.67 61.633 64.048 0.76793 0.068438
0.98815 38.39 115.44 61.475 64.055 0.74954 0.067451
0.9881 38.41 116.13 61.329 64.031 0.72433 0.066887
0.98803 38.435 116.71 61.199 63.981 0.69274 0.066559
0.98795 38.462 117.17 61.085 63.906 0.65564 0.066286
0.98786 38.489 117.51 60.987 63.814 0.61426 0.065921
0.98776 38.515 117.71 60.905 63.708 0.57003 0.065371
0.98765 38.537 117.79 60.836 63.595 0.52449 0.064613
0.98754 38.554 117.77 60.779 63.481 0.47921 0.063704
0.98743 38.567 117.67 60.732 63.372 0.4356 0.062778
0.98732 38.576 117.52 60.692 63.273 0.3949 0.062033
0.98723 38.58 117.32 60.66 63.189 0.35805 0.061717
0.98716 38.582 117.12 60.635 63.125 0.32569 0.062102
0.98711 38.581 116.91 60.619 63.083 0.2981 0.063451
0.98709 38.579 116.72 60.613 63.066 0.27527 0.065994
0.98711 38.577 116.54 60.623 63.075 0.25689 0.069892
0.98715 38.578 116.39 60.65 63.109 0.24244 0.075223
0.98721 38.581 116.25 60.701 63.166 0.23123 0.081956
0.9873 38.589 116.13 60.779 63.243 0.22248 0.089951
0.98741 38.602 116.02 60.886 63.335 0.21541 0.098955
0.98752 38.622 115.91 61.025 63.435 0.2093 0.10862
0.98763 38.649 115.8 61.195 63.537 0.20351 0.11852
0.98774 38.682 115.69 61.393 63.632 0.19756 0.12818
0.98783 38.722 115.59 61.614 63.713 0.19112 0.13712
0.98789 38.767 115.51 61.849 63.774 0.18402 0.14484
0.98793 38.817 115.44 62.087 63.809 0.17625 0.15095
0.98794 38.869 115.41 62.317 63.815 0.16792 0.15509
0.98791 38.922 115.44 62.526 63.791 0.15921 0.15704
0.98785 38.972 115.53 62.699 63.738 0.15037 0.15669
0.98777 39.018 115.7 62.825 63.662 0.14163 0.15404
0.98766 39.057 115.96 62.892 63.569 0.1332 0.14926
0.98755 39.086 116.32 62.892 63.467 0.12521 0.1426
0.98744 39.104 116.79 62.821 63.365 0.11769 0.13443
0.98735 39.108 117.34 62.677 63.274 0.11054 0.12517
0.9873 39.099 117.99 62.465 63.201 0.10358 0.11531
0.9873 39.075 118.69 62.192 63.155 0.096489 0.10535
0.98736 39.037 119.45 61.871 63.14 0.088875 0.095756
0.9875 38.986 120.22 61.516 63.159 0.080285 0.086983
0.98771 38.926 120.98 61.145 63.21 0.07025 0.079405
0.988 38.859 121.7 60.777 63.29 0.058317 0.073325
0.98834 38.788 122.36 60.432 63.392 0.044095 0.068952
0.98871 38.719 122.94 60.126 63.51 0.027292 0.066402
0.98908 38.656 123.41 59.875 63.633 0.0077443 0.0657
0.98939 38.603 123.75 59.69 63.752 -0.014558 0.066784
0.9896 38.565 123.98 59.58 63.858 -0.03946 0.069515
0.98966 38.544 124.07 59.546 63.942 -0.066645 0.073696
0.98952 38.543 124.04 59.585 63.999 -0.095642 0.079084
0.98914 38.564 123.9 59.69 64.024 -0.12585 0.085405
0.98851 38.605 123.65 59.848 64.016 -0.15659 0.092375
0.98762 38.666 123.33 60.044 63.974 -0.18711 0.099708
0.9865 38.744 122.95 60.258 63.903 -0.21666 0.10714
0.98518 38.836 122.53 60.472 63.805 -0.24454 0.11442
0.98374 38.938 122.1 60.667 63.688 -0.27013 0.12134
0.98227 39.047 121.69 60.825 63.559 -0.29295 0.12774
0.98088 39.157 121.31 60.932 63.425 -0.31265 0.13348
0.97966 39.265 120.97 60.978 63.294 -0.32908 0.13848
0.97873 39.367 120.7 60.958 63.173 -0.34227 0.14271
0.97816 39.46 120.5 60.873 63.068 -0.35239 0.14616
0.97803 39.54 120.37 60.731 62.985 -0.3598 0.14887
0.97836 39.605 120.31 60.544 62.928 -0.36495 0.15089
0.97913 39.653 120.29 60.328 62.896 -0.3684 0.15231
0.9803 39.682 120.32 60.106 62.892 -0.37071 0.15322
0.98176 39.691 120.36 59.901 62.912 -0.37245 0.15372
0.98341 39.681 120.4 59.737 62.953 -0.37415 0.15389
0.98509 39.653 120.44 59.638 63.01 -0.37623 0.15382
0.98664 39.607 120.44 59.625 63.078 -0.37902 0.15356
0.98792 39.548 120.41 59.713 63.152 -0.38271 0.15315
0.98879 39.48 120.33 59.915 63.224 -0.38739 0.1526
0.98912 39.406 120.21 60.232 63.291 -0.39299 0.15189
0.98886 39.332 120.04 60.663 63.348 -0.39939 0.15099
0.98798 39.263 119.83 61.193 63.394 -0.40635 0.14982
0.98649 39.205 119.58 61.803 63.426 -0.41359 0.14832
0.98448 39.162 119.3 62.465 63.445 -0.42081 0.1464
0.98208 39.137 119 63.146 63.454 -0.42769 0.14397
0.97943 39.132 118.68 63.808 63.454 -0.43393 0.14097
0.97673 39.147 118.35 64.41 63.448 -0.43925 0.13733
0.97419 39.179 118.02 64.911 63.441 -0.44342 0.13304
0.97198 39.225 117.68 65.273 63.435 -0.4462 0.1281
0.97029 39.277 117.34 65.459 63.43 -0.44743 0.12256
0.96924 39.329 117 65.444 63.428 -0.44697 0.11652
0.96891 39.37 116.67 65.206 63.428 -0.44471 0.11012
0.96934 39.392 116.35 64.737 63.427 -0.4406 0.10354
0.97047 39.385 116.04 64.039 63.422 -0.43467 0.097011
0.97223 39.341 115.75 63.122 63.409 -0.42699 0.090784
0.97446 39.254 115.47 62.011 63.383 -0.41777 0.085139
0.97701 39.122 115.21 60.739 63.342 -0.40732 0.080361
0.97968 38.945 114.97 59.345 63.282 -0.3961 0.076728
0.98228 38.726 114.75 57.878 63.202 -0.3847 0.074495
0.98466 38.473 114.54 56.387 63.103 -0.37388 0.073875
0.98666 38.196 114.35 54.924 62.987 -0.36447 0.075023
0.98819 37.907 114.17 53.537 62.858 -0.35741 0.078024
0.9892 37.619 114 52.27 62.722 -0.35364 0.082878
0.98967 37.348 113.82 51.161 62.584 -0.35407 0.089495
0.98964 37.106 113.65 50.239 62.452 -0.35944 0.09769
0.98917 36.903 113.47 49.524 62.331 -0.3703 0.1072
0.98836 36.749 113.27 49.023 62.227 -0.3869 0.11766
0.98732 36.647 113.06 48.736 62.145 -0.40912 0.12868
0.98617 36.6 112.82 48.653 62.089 -0.43648 0.13979
0.98503 36.606 112.56 48.755 62.06 -0.46807 0.15055
0.984 36.658 112.27 49.019 62.06 -0.50262 0.16049
0.98317 36.752 111.94 49.416 62.088 -0.53853 0.16921
0.9826 36.876 111.6 49.914 62.143 -0.574 0.17637
0.98231 37.024 111.23 50.482 62.223 -0.60713 0.18172
0.98231 37.183 110.86 51.091 62.326 -0.63606 0.18511
0.98257 37.346 110.5 51.714 62.448 -0.65913 0.18649
0.98306 37.505 110.17 52.328 62.585 -0.67497 0.18595
0.98372 37.652 109.9 52.914 62.734 -0.68271 0.18367
0.98448 37.783 109.7 53.459 62.89 -0.68198 0.17989
0.98528 37.893 109.6 53.955 63.047 -0.67299 0.17496
0.98606 37.982 109.6 54.398 63.202 -0.65656 0.16922
0.98677 38.048 109.7 54.786 63.348 -0.63402 0.16305
0.98737 38.093 109.91 55.122 63.481 -0.60718 0.15678
0.98783 38.117 110.2 55.412 63.598 -0.57816 0.15073
0.98814 38.123 110.56 55.661 63.695 -0.54926 0.14512
0.98832 38.115 110.96 55.875 63.769 -0.52278 0.14013
0.98837 38.095 111.38 56.062 63.822 -0.50086 0.13583
0.98832 38.066 111.81 56.228 63.854 -0.48533 0.13226
0.98819 38.032 112.24 56.378 63.866 -0.4776 0.12936
0.98802 37.995 112.66 56.519 63.862 -0.47853 0.12706
0.98783 37.958 113.09 56.653 63.846 -0.48842 0.12527
0.98765 37.923 113.55 56.784 63.822 -0.50699 0.12391
0.98751 37.893 114.05 56.915 63.794 -0.53342 0.12292
0.98741 37.869 114.63 57.045 63.764 -0.56646 0.12231
0.98737 37.852 115.28 57.176 63.734 -0.60449 0.12212
0.98739 37.844 116.02 57.308 63.708 -0.64569 0.12246
0.98747 37.843 116.82 57.438 63.684 -0.68814 0.12352
0.9876 37.852 117.67 57.567 63.663 -0.72996 0.12549
0.98777 37.869 118.5 57.692 63.644 -0.76945 0.12863
0.98797 37.895 119.26 57.81 63.625 -0.80513 0.13315
0.98819 37.929 119.89 57.922 63.605 -0.83586 0.13927
0.9884 37.971 120.31 58.025 63.584 -0.86083 0.14713
0.9886 38.018 120.46 58.119 63.56 -0.87956 0.15679
0.98877 38.07 120.3 58.205 63.535 -0.89192 0.16822
0.98888 38.125 119.79 58.284 63.511 -0.89804 0.18128
0.98893 38.182 118.94 58.359 63.488 -0.89829 0.19571
0.9889 38.238 117.76 58.436 63.471 -0.89318 0.21116
0.98878 38.291 116.3 58.519 63.46 -0.88331 0.22719
0.98857 38.339 114.63 58.616 63.459 -0.86932 0.24329
0.98828 38.38 112.84 58.733 63.47 -0.85183 0.25893
0.9879 38.413 111.02 58.878 63.493 -0.83141 0.27356
0.98745 38.435 109.27 59.057 63.53 -0.80858 0.2867
0.98696 38.447 107.68 59.275 63.58 -0.78377 0.2979
0.98644 38.449 106.35 59.536 63.641 -0.75739 0.30682
0.98592 38.441 105.32 59.84 63.711 -0.72978 0.31321
0.98544 38.425 104.66 60.185 63.787 -0.7013 0.31698
0.98503 38.404 104.39 60.566 63.866 -0.67229 0.31813
0.9847 38.38 104.5 60.975 63.942 -0.64316 0.31679
0.98449 38.356 104.97 61.4 64.013 -0.61437 0.3132
0.98441 38.337 105.77 61.828 64.076 -0.58644 0.30771
0.98445 38.324 106.82 62.244 64.126 -0.55993 0.3007
0.98463 38.322 108.07 62.632 64.161 -0.53548 0.29261
0.98492 38.332 109.44 62.977 64.18 -0.51373 0.28389
0.98532 38.354 110.87 63.263 64.183 -0.4953 0.27499
0.9858 38.39 112.29 63.479 64.17 -0.4808 0.2663
0.98634 38.438 113.63 63.616 64.142 -0.47069 0.25819
0.98689 38.497 114.86 63.671 64.103 -0.46536 0.25094
0.98745 38.563 115.94 63.642 64.055 -0.46499 0.24479
0.98798 38.634 116.83 63.534 64.003 -0.46961 0.23987
0.98845 38.707 117.54 63.357 63.952 -0.47901 0.23626
0.98886 38.776 118.05 63.124 63.906 -0.49278 0.23398
0.98918 38.84 118.38 62.851 63.868 -0.51033 0.23297
0.9894 38.896 118.53 62.557 63.842 -0.53089 0.23314
0.98952 38.942 118.52 62.263 63.83 -0.55353 0.23437
0.98955 38.977 118.39 61.987 63.833 -0.57729 0.23651
0.98949 39 118.15 61.749 63.85 -0.60112 0.23941
0.98934 39.013 117.83 61.565 63.881 -0.62407 0.2429
0.98913 39.016 117.48 61.446 63.924 -0.64523 0.24684
0.98887 39.012 117.11 61.4 63.974 -0.66388 0.2511
0.98857 39.002 116.77 61.431 64.03 -0.67948 0.25556
0.98825 38.988 116.47 61.536 64.087 -0.69173 0.26014
0.98793 38.974 116.24 61.709 64.143 -0.70059 0.26477
0.98762 38.96 116.09 61.939 64.193 -0.70627 0.26942
0.98733 38.949 116.03 62.212 64.235 -0.70918 0.27407
0.98706 38.942 116.06 62.512 64.268 -0.70997 0.2787
0.98682 38.94 116.17 62.822 64.289 -0.70941 0.28331
0.98661 38.943 116.35 63.125 64.296 -0.70832 0.28791
0.98642 38.951 116.58 63.405 64.291 -0.70756 0.29247
0.98625 38.966 116.81 63.648 64.271 -0.70792 0.29699
0.98609 38.986 117.03 63.846 64.239 -0.71003 0.30141
0.98595 39.013 117.19 63.991 64.196 -0.71436 0.30568
0.98583 39.047 117.27 64.081 64.142 -0.72113 0.30971
0.98572 39.087 117.23 64.118 64.082 -0.73036 0.3134
0.98566 39.134 117.07 64.106 64.016 -0.74178 0.31665
0.98566 39.187 116.76 64.052 63.951 -0.75495 0.31934
0.98574 39.247 116.31 63.966 63.888 -0.76926 0.32137
0.98594 39.312 115.73 63.858 63.832 -0.784 0.32266
0.98629 39.38 115.04 63.739 63.787 -0.79847 0.32316
0.9868 39.451 114.27 63.621 63.756 -0.812 0.32288
0.98749 39.521 113.46 63.51 63.743 -0.82407 0.32186
0.98834 39.588 112.66 63.417 63.749 -0.83439 0.32019
0.98934 39.647 111.92 63.345 63.775 -0.84287 0.31803
0.99041 39.697 111.28 63.3 63.82 -0.84974 0.31557
0.99149 39.734 110.78 63.284 63.883 -0.85546 0.31303
0.99246 39.755 110.46 63.297 63.96 -0.86076 0.31064
0.9932 39.759 110.35 63.341 64.049 -0.86652 0.30863
0.99356 39.744 110.46 63.416 64.143 -0.87373 0.30719
0.99341 39.711 110.79 63.523 64.238 -0.8834 0.30648
0.9926 39.66 111.34 63.662 64.329 -0.89643 0.30657
0.99103 39.594 112.08 63.836 64.411 -0.91353 0.30747
0.98862 39.517 112.98 64.047 64.48 -0.93515 0.30911
0.98535 39.432 113.99 64.297 64.532 -0.96139 0.31134
0.98126 39.347 115.08 64.588 64.566 -0.99198 0.31394
0.97645 39.266 116.19 64.922 64.581 -1.0262 0.31665
0.97108 39.196 117.27 65.298 64.578 -1.0631 0.31919
0.96541 39.143 118.28 65.713 64.557 -1.1012 0.32128
0.95969 39.112 119.17 66.161 64.52 -1.1391 0.32269
0.95425 39.107 119.91 66.629 64.473 -1.1749 0.32326
0.94941 39.13 120.47 67.105 64.417 -1.207 0.32289
0.94545 39.179 120.81 67.568 64.358 -1.2337 0.32162
0.94263 39.251 120.94 67.997 64.299 -1.2537 0.31957
0.94114 39.341 120.84 68.366 64.245 -1.2659 0.31699
0.94107 39.438 120.5 68.646 64.199 -1.2697 0.31419
0.94243 39.532 119.94 68.812 64.165 -1.2648 0.31157
0.94513 39.608 119.16 68.835 64.142 -1.2516 0.30953
0.94901 39.652 118.17 68.691 64.134 -1.2307 0.30847
0.9538 39.648 117 68.36 64.137 -1.2032 0.30874
0.95922 39.581 115.68 67.829 64.151 -1.1705 0.31058
0.96495 39.438 114.23 67.088 64.172 -1.1341 0.3141
0.97066 39.207 112.69 66.14 64.195 -1.0958 0.31928
0.97608 38.883 111.11 64.991 64.216 -1.0571 0.3259
0.98094 38.461 109.52 63.657 64.229 -1.0195 0.33362
0.98507 37.945 107.98 62.161 64.229 -0.98437 0.34192
0.98835 37.342 106.54 60.533 64.211 -0.95261 0.35019
0.99073 36.662 105.22 58.806 64.172 -0.9249 0.35773
0.99223 35.924 104.07 57.017 64.109 -0.90154 0.36382
0.99293 35.146 103.12 55.205 64.02 -0.88256 0.36781
0.99293 34.348 102.38 53.408 63.906 -0.86773 0.3691
0.9924 33.554 101.86 51.661 63.767 -0.85661 0.36727
0.99148 32.784 101.57 49.998 63.608 -0.84868 0.36205
0.99034 32.057 101.5 48.445 63.431 -0.84341 0.35341
0.98913 31.388 101.62 47.024 63.241 -0.84031 0.34154
0.98798 30.79 101.9 45.75 63.042 -0.83904 0.32684
0.98699 30.27 102.32 44.632 62.839 -0.83945 0.30991
0.98621 29.831 102.84 43.673 62.638 -0.84157 0.29151
0.9857 29.473 103.44 42.869 62.443 -0.84563 0.27251
0.98545 29.19 104.07 42.213 62.259 -0.85205 0.25381
0.98545 28.976 104.72 41.691 62.088 -0.86132 0.23632
0.98566 28.821 105.37 41.29 61.936 -0.87399 0.22084
0.98602 28.715 106.01 40.993 61.804 -0.89053 0.20804
0.98648 28.645 106.62 40.782 61.694 -0.91128 0.1984
0.98699 28.603 107.21 40.64 61.609 -0.93632 0.19219
0.98748 28.577 107.78 40.552 61.548 -0.96544 0.18942
0.98793 28.56 108.34 40.503 61.511 -0.99802 0.18989
0.9883 28.546 108.89 40.482 61.498 -1.0331 0.19319
0.98857 28.529 109.43 40.477 61.508 -1.0691 0.19873
0.98874 28.506 109.96 40.483 61.537 -1.1044 0.20579
0.98881 28.477 110.49 40.492 61.584 -1.1368 0.21357
0.98881 28.441 110.99 40.503 61.645 -1.1637 0.22128
0.98875 28.399 111.45 40.512 61.717 -1.1828 0.22816
0.98865 28.352 111.87 40.519 61.796 -1.1911 0.23356
0.98855 28.301 112.21 40.523 61.88 -1.1863 0.23697
0.98845 28.246 112.46 40.526 61.966 -1.1658 0.23805
0.98838 28.189 112.61 40.527 62.05 -1.1276 0.23664
0.98835 28.129 112.65 40.527 62.13 -1.07 0.23275
0.98836 28.067 112.57 40.525 62.205 -0.9916 0.22658
0.98842 28.001 112.39 40.522 62.274 -0.89182 0.21845
0.98851 27.931 112.13 40.516 62.334 -0.77051 0.20877
0.98864 27.858 111.8 40.507 62.385 -0.62816 0.19801
0.98877 27.78 111.44 40.494 62.426 -0.46583 0.18666
0.98892 27.699 111.08 40.476 62.457 -0.28514 0.17516
0.98905 27.615 110.75 40.451 62.478 -0.088234 0.16388
0.98916 27.531 110.5 40.419 62.488 0.1223 0.15309
0.98924 27.448 110.33 40.38 62.487 0.3435 0.14296
0.98928 27.368 110.26 40.333 62.477 0.57212 0.13354
0.98929 27.295 110.3 40.279 62.458 0.80474 0.12475
0.98925 27.229 110.42 40.219 62.432 1.0378 0.11644
0.98918 27.174 110.61 40.154 62.401 1.2678 0.1084
0.98909 27.129 110.83 40.085 62.365 1.4913 0.10038
0.98897 27.097 111.04 40.015 62.328 1.7049 0.092127
0.98883 27.075 111.21 39.946 62.291 1.9058 0.083443
0.9887 27.064 111.29 39.88 62.256 2.0912 0.074177
0.98856 27.061 111.26 39.819 62.226 2.2589 0.064265
0.98845 27.066 111.1 39.766 62.202 2.4071 0.053735
0.98834 27.076 110.81 39.723 62.185 2.5345 0.042711
0.98826 27.089 110.4 39.693 62.177 2.6403 0.031402
0.9882 27.104 109.9 39.678 62.18 2.7243 0.020084
0.98817 27.12 109.34 39.68 62.191 2.7868 0.0090764
0.98815 27.137 108.78 39.699 62.213 2.8286 -0.0012867
0.98815 27.154 108.27 39.738 62.243 2.8512 -0.010687
0.98817 27.173 107.85 39.796 62.279 2.8563 -0.01885
0.98819 27.194 107.58 39.874 62.319 2.8459 -0.025568
0.98822 27.217 107.49 39.97 62.36 2.8226 -0.03072
0.98826 27.245 107.6 40.083 62.4 2.7889 -0.034275
0.9883 27.277 107.92 40.21 62.434 2.7475 -0.0363
0.98834 27.313 108.45 40.347 62.46 2.7011 -0.036947
0.98838 27.352 109.17 40.49 62.476 2.652 -0.036436
0.98842 27.393 110.03 40.632 62.479 2.6026 -0.035038
0.98847 27.433 111 40.769 62.469 2.5549 -0.033044
0.98851 27.47 112.03 40.893 62.446 2.5102 -0.030745
0.98855 27.502 113.06 40.999 62.412 2.4698 -0.028402
0.98859 27.525 114.04 41.08 62.368 2.4342 -0.026225
0.98863 27.537 114.93 41.131 62.316 2.4034 -0.024363
0.98866 27.537 115.66 41.149 62.259 2.3773 -0.022886
0.98867 27.521 116.22 41.131 62.199 2.355 -0.021793
0.98867 27.49 116.58 41.077 62.138 2.3355 -0.021011
0.98864 27.443 116.73 40.989 62.079 2.3176 -0.020411
0.98859 27.382 116.66 40.87 62.022 2.2999 -0.019821
0.98852 27.307 116.39 40.728 61.969 2.281 -0.019052
0.98842 27.221 115.93 40.569 61.922 2.2597 -0.017915
0.98829 27.126 115.32 40.405 61.881 2.2349 -0.016242
0.98815 27.026 114.6 40.245 61.846 2.2058 -0.013906
0.988 26.923 113.8 40.102 61.821 2.172 -0.010832
0.98785 26.821 112.96 39.985 61.804 2.1335 -0.0070092
0.9877 26.723 112.14 39.906 61.799 2.0905 -0.0024885
0.98756 26.632 111.36 39.871 61.806 2.0438 0.0026186
0.98745 26.551 110.66 39.886 61.826 1.9943 0.0081499
0.98736 26.482 110.07 39.953 61.86 1.9432 0.013907
0.98731 26.428 109.58 40.072 61.909 1.8918 0.019674
0.98729 26.39 109.22 40.237 61.972 1.8413 0.025236
0.98731 26.368 108.98 40.441 62.048 1.793 0.0304
0.98736 26.362 108.84 40.671 62.134 1.7477 0.035012
0.98743 26.37 108.79 40.916 62.227 1.7061 0.038976
0.98752 26.392 108.82 41.159 62.323 1.6684 0.042263
0.98763 26.424 108.9 41.385 62.418 1.6345 0.044916
0.98774 26.463 109.03 41.579 62.504 1.6036 0.047051
0.98785 26.505 109.2 41.728 62.577 1.5748 0.048854
0.98796 26.548 109.41 41.819 62.632 1.5467 0.05056
0.98807 26.588 109.66 41.847 62.664 1.5177 0.052446
0.98817 26.621 109.95 41.807 62.67 1.4862 0.054804
0.98826 26.647 110.28 41.7 62.649 1.4504 0.057919
0.98835 26.663 110.67 41.532 62.599 1.4089 0.062046
0.98843 26.67 111.11 41.313 62.524 1.3604 0.067388
0.9885 26.668 111.59 41.054 62.427 1.3043 0.074078
0.98858 26.66 112.12 40.773 62.312 1.2402 0.082164
0.98866 26.647 112.68 40.486 62.185 1.1685 0.091602
0.98874 26.632 113.26 40.211 62.052 1.09 0.10225
0.98883 26.62 113.84 39.965 61.918 1.0063 0.11389
0.98892 26.611 114.4 39.764 61.789 0.91926 0.12622
0.98902 26.611 114.93 39.621 61.669 0.83116 0.13887
0.98912 26.619 115.39 39.545 61.561 0.74455 0.15145
0.98922 26.637 115.78 39.54 61.467 0.66205 0.16355
0.98931 26.666 116.07 39.608 61.387 0.58617 0.17477
0.98939 26.703 116.25 39.746 61.321 0.51919 0.18476
0.98946 26.748 116.31 39.946 61.269 0.46302 0.19321
0.98949 26.798 116.24 40.199 61.228 0.41908 0.19989
0.9895 26.849 116.03 40.492 61.197 0.38822 0.20464
0.98948 26.9 115.69 40.811 61.175 0.3707 0.20738
0.98943 26.948 115.21 41.142 61.161 0.3662 0.20814
0.98934 26.99 114.6 41.471 61.154 0.37386 0.207
0.98923 27.027 113.88 41.787 61.155 0.39236 0.20411
0.9891 27.057 113.08 42.078 61.164 0.42002 0.19967
0.98896 27.083 112.21 42.339 61.18 0.45491 0.19389
0.98881 27.105 111.31 42.564 61.206 0.495 0.18703
0.98866 27.128 110.41 42.752 61.239 0.53823 0.17932
0.98852 27.153 109.56 42.907 61.281 0.58266 0.17098
0.98839 27.185 108.79 43.032 61.331 0.62652 0.16222
0.9883 27.227 108.14 43.134 61.387 0.66826 0.15322
0.98823 27.281 107.63 43.224 61.447 0.70662 0.14411
0.98819 27.348 107.29 43.31 61.509 0.7406 0.13501
0.98819 27.43 107.13 43.401 61.57 0.76947 0.12602
0.98821 27.526 107.15 43.507 61.626 0.79273 0.11721
0.98827 27.635 107.35 43.634 61.677 0.81009 0.10865
0.98835 27.752 107.7 43.786 61.718 0.82145 0.10038
0.98845 27.875 108.18 43.966 61.748 0.82682 0.09248
0.98856 27.998 108.75 44.172 61.766 0.82636 0.085001
0.98867 28.117 109.38 44.399 61.771 0.8203 0.078008
0.98877 28.225 110.03 44.639 61.764 0.80899 0.071568
0.98886 28.317 110.66 44.88 61.746 0.79283 0.065743
0.98892 28.387 111.23 45.11 61.719 0.77237 0.060589
0.98894 28.431 111.71 45.314 61.684 0.74821 0.056149
0.98891 28.444 112.1 45.478 61.644 0.72109 0.052452
0.98884 28.424 112.37 45.586 61.599 0.6918 0.049504
0.98872 28.368 112.52 45.627 61.551 0.66125 0.047291
0.98855 28.276 112.57 45.591 61.501 0.63036 0.045778
0.98834 28.151 112.51 45.472 61.447 0.60007 0.044912
0.98809 27.996 112.38 45.269 61.391 0.5713 0.044627
0.98782 27.818 112.18 44.984 61.33 0.54486 0.044848
0.98754 27.624 111.94 44.627 61.264 0.52146 0.045498
0.98727 27.424 111.67 44.211 61.192 0.50161 0.046506
0.98701 27.23 111.41 43.753 61.113 0.48562 0.047806
0.9868 27.053 111.15 43.273 61.027 0.47356 0.049343
0.98663 26.905 110.92 42.795 60.937 0.46527 0.051074
0.98651 26.796 110.71 42.343 60.844 0.46036 0.052959
0.98646 26.735 110.55 41.94 60.753 0.45823 0.054962
0.98646 26.728 110.41 41.608 60.666 0.45809 0.057041
0.98652 26.777 110.32 41.366 60.591 0.45905 0.059142
0.98662 26.882 110.25 41.227 60.531 0.46015 0.061191
0.98677 27.039 110.22 41.2 60.491 0.46039 0.063088
0.98693 27.239 110.21 41.288 60.475 0.45882 0.064707
0.98711 27.473 110.23 41.486 60.485 0.45458 0.065896
0.98729 27.726 110.26 41.784 60.522 0.44694 0.06648
0.98745 27.985 110.31 42.168 60.583 0.43531 0.066273
0.98761 28.236 110.38 42.614 60.666 0.41933 0.065091
0.98774 28.462 110.46 43.1 60.765 0.39881 0.062769
0.98786 28.653 110.57 43.599 60.875 0.37377 0.059176
0.98796 28.795 110.71 44.083 60.986 0.34446 0.054236
0.98804 28.882 110.88 44.525 61.092 0.31132 0.047945
0.98812 28.907 111.08 44.9 61.185 0.27496 0.040377
0.9882 28.869 111.31 45.19 61.258 0.23616 0.031699
0.98826 28.768 111.57 45.376 61.306 0.19584 0.022166
0.98833 28.608 111.85 45.45 61.324 0.15502 0.012116
0.98838 28.397 112.14 45.408 61.311 0.11476 0.0019532
0.98843 28.145 112.42 45.252 61.267 0.076155 -0.0078695
0.98845 27.862 112.69 44.991 61.193 0.04025 -0.016881
0.98846 27.561 112.92 44.638 61.094 0.0080076 -0.024621
0.98844 27.258 113.12 44.212 60.976 -0.019757 -0.030674
0.9884 26.964 113.27 43.733 60.844 -0.042423 -0.034698
0.98833 26.694 113.38 43.226 60.708 -0.059617 -0.036456
0.98824 26.458 113.45 42.715 60.575 -0.071246 -0.035833
0.98815 26.265 113.48 42.222 60.453 -0.077526 -0.032851
0.98805 26.122 113.5 41.77 60.35 -0.078993 -0.027674
0.98796 26.032 113.51 41.375 60.271 -0.076487 -0.020599
0.98791 25.995 113.53 41.052 60.221 -0.071129 -0.012039
0.98789 26.008 113.57 40.811 60.2 -0.064262 -0.0024979
0.98793 26.066 113.64 40.656 60.209 -0.057386 0.0074625
0.98803 26.16 113.73 40.589 60.244 -0.052064 0.017262
0.98819 26.284 113.86 40.606 60.301 -0.049829 0.026341
0.98842 26.425 114.01 40.698 60.374 -0.052076 0.0342
0.98871 26.575 114.18 40.857 60.455 -0.059959 0.040431
0.98903 26.726 114.36 41.069 60.537 -0.074304 0.044748
0.98937 26.869 114.54 41.321 60.614 -0.095527 0.047003
0.98968 27 114.71 41.6 60.679 -0.12359 0.047193
0.98994 27.114 114.87 41.894 60.73 -0.15796 0.045455
0.99011 27.211 115 42.19 60.765 -0.19766 0.042053
0.99013 27.291 115.1 42.48 60.784 -0.24125 0.037354
0.98998 27.356 115.16 42.755 60.791 -0.28697 0.031792
0.98963 27.409 115.19 43.012 60.789 -0.33279 0.02584
0.98905 27.453 115.18 43.247 60.785 -0.37655 0.019964
0.98824 27.494 115.14 43.461 60.783 -0.41611 0.014592
0.9872 27.533 115.09 43.653 60.789 -0.44947 0.01008
0.98598 27.575 115.02 43.827 60.807 -0.47492 0.0066908
0.98461 27.622 114.95 43.986 60.838 -0.49115 0.0045715
0.98317 27.677 114.9 44.133 60.884 -0.49734 0.0037528
0.98172 27.74 114.87 44.272 60.942 -0.49325 0.0041491
0.98034 27.811 114.89 44.406 61.008 -0.47922 0.0055725
0.97913 27.892 114.97 44.538 61.077 -0.45615 0.0077527
0.97816 27.983 115.12 44.671 61.142 -0.42548 0.010363
0.97749 28.082 115.33 44.805 61.198 -0.38911 0.01305
0.97715 28.191 115.61 44.943 61.24 -0.34923 0.015466
0.97718 28.309 115.94 45.085 61.263 -0.30826 0.017292
0.97756 28.436 116.32 45.231 61.265 -0.26866 0.018269
0.97826 28.572 116.7 45.381 61.248 -0.23276 0.018214
0.97922 28.716 117.07 45.535 61.213 -0.20269 0.017033
0.98038 28.866 117.4 45.693 61.164 -0.18019 0.014723
0.98167 29.02 117.64 45.854 61.108 -0.16654 0.011373
0.98298 29.176 117.78 46.017 61.048 -0.1625 0.0071547
0.98426 29.328 117.79 46.179 60.991 -0.16827 0.0023052
0.98542 29.471 117.67 46.338 60.94 -0.18351 -0.0028868
0.98641 29.599 117.4 46.49 60.899 -0.20733 -0.0081032
0.98717 29.706 117.01 46.629 60.868 -0.23844 -0.013016
0.98769 29.783 116.5 46.75 60.847 -0.27519 -0.017305
0.98794 29.823 115.91 46.846 60.833 -0.31569 -0.020678
0.98792 29.82 115.26 46.907 60.822 -0.35793 -0.022881
0.98765 29.767 114.58 46.926 60.81 -0.3999 -0.023713
0.98716 29.659 113.89 46.894 60.793 -0.43972 -0.023031
0.98648 29.492 113.23 46.804 60.764 -0.47569 -0.020756
0.98567 29.266 112.62 46.646 60.72 -0.50637 -0.016875
0.98477 28.981 112.06 46.417 60.658 -0.53066 -0.011443
0.98386 28.641 111.57 46.112 60.576 -0.54783 -0.0045796
0.983 28.255 111.15 45.731 60.475 -0.55747 0.0035321
0.98223 27.832 110.79 45.274 60.356 -0.55956 0.012652
0.98163 27.384 110.5 44.748 60.223 -0.55438 0.022488
0.98122 26.928 110.26 44.16 60.083 -0.54255 0.032707
0.98105 26.479 110.07 43.523 59.941 -0.52494 0.042944
0.98112 26.056 109.9 42.849 59.805 -0.50268 0.052817
0.98144 25.674 109.74 42.157 59.682 -0.47712 0.061942
0.98198 25.351 109.58 41.465 59.579 -0.44978 0.069955
0.98271 25.1 109.4 40.794 59.502 -0.42236 0.076527
0.98358 24.93 109.2 40.164 59.454 -0.39668 0.081386
0.98453 24.849 108.95 39.596 59.438 -0.37465 0.084334
0.9855 24.859 108.66 39.11 59.453 -0.35819 0.085262
0.98644 24.957 108.32 38.722 59.497 -0.3492 0.08416
0.98728 25.137 107.94 38.448 59.566 -0.34943 0.081118
0.98799 25.388 107.52 38.298 59.656 -0.36041 0.076325
0.98854 25.698 107.08 38.28 59.762 -0.38333 0.07006
0.98891 26.05 106.64 38.396 59.877 -0.41891 0.062669
0.9891 26.428 106.23 38.644 59.997 -0.46732 0.054545
0.98912 26.816 105.86 39.017 60.117 -0.52809 0.046097
0.98899 27.197 105.57 39.502 60.234 -0.60004 0.037724
0.98874 27.559 105.38 40.084 60.347 -0.68124 0.029782
0.98841 27.891 105.31 40.743 60.454 -0.76911 0.02256
0.98802 28.184 105.37 41.455 60.556 -0.86042 0.01626
0.98762 28.435 105.58 42.196 60.65 -0.95148 0.010981
0.98723 28.64 105.93 42.939 60.739 -1.0383 0.0067214
0.98688 28.803 106.42 43.659 60.82 -1.1168 0.0033813
0.98658 28.925 107.02 44.332 60.893 -1.1832 0.00077775
0.98635 29.012 107.73 44.935 60.956 -1.2339 -0.0013321
0.98617 29.07 108.52 45.45 61.005 -1.2662 -0.0032234
0.98606 29.103 109.36 45.862 61.037 -1.2781 -0.0051734
0.986 29.118 110.23 46.163 61.05 -1.2687 -0.0074311
0.98598 29.12 111.12 46.348 61.041 -1.2383 -0.010191
0.98599 29.111 111.99 46.419 61.008 -1.1881 -0.013571
0.98602 29.093 112.85 46.383 60.951 -1.1207 -0.0176
0.98607 29.069 113.69 46.254 60.872 -1.0394 -0.022215
0.98614 29.038 114.5 46.047 60.774 -0.94811 -0.027265
0.98622 29.001 115.27 45.784 60.662 -0.85148 -0.032525
0.98632 28.955 116.02 45.485 60.543 -0.75417 -0.03772
0.98643 28.902 116.74 45.176 60.423 -0.66074 -0.042548
0.98656 28.841 117.44 44.878 60.309 -0.57534 -0.046711
0.98671 28.772 118.11 44.613 60.208 -0.50146 -0.049942
0.98686 28.698 118.75 44.4 60.126 -0.44173 -0.052031
0.98702 28.619 119.36 44.251 60.065 -0.39781 -0.052842
0.98717 28.538 119.91 44.177 60.027 -0.37031 -0.052329
0.98731 28.458 120.4 44.18 60.013 -0.35887 -0.050534
0.98742 28.381 120.8 44.261 60.021 -0.3622 -0.047586
0.98749 28.312 121.1 44.411 60.045 -0.37824 -0.043686
0.98752 28.252 121.27 44.621 60.081 -0.40442 -0.039089
0.98752 28.204 121.31 44.875 60.125 -0.43779 -0.03408
0.98747 28.169 121.21 45.157 60.168 -0.47535 -0.028951
0.98739 28.148 120.96 45.45 60.208 -0.51416 -0.023973
0.98729 28.142 120.58 45.736 60.238 -0.55159 -0.019379
0.98718 28.15 120.1 46.002 60.256 -0.58547 -0.015347
0.98709 28.172 119.53 46.235 60.261 -0.61413 -0.011986
0.98702 28.206 118.93 46.428 60.253 -0.63648 -0.0093415
0.987 28.25 118.34 46.579 60.234 -0.65197 -0.0073905
0.98703 28.303 117.79 46.688 60.209 -0.6606 -0.0060572
0.98711 28.363 117.33 46.763 60.182 -0.66277 -0.0052256
0.98725 28.427 116.99 46.813 60.16 -0.65923 -0.0047562
0.98744 28.495 116.78 46.852 60.147 -0.65095 -0.0045045
0.98765 28.565 116.69 46.894 60.151 -0.63903 -0.0043365
0.98788 28.636 116.72 46.954 60.176 -0.62461 -0.0041426
0.9881 28.707 116.83 47.044 60.225 -0.60881 -0.0038458
0.98829 28.777 116.98 47.176 60.299 -0.59265 -0.0034055
0.98843 28.847 117.13 47.355 60.397 -0.57708 -0.0028162
0.98849 28.915 117.23 47.583 60.516 -0.56295 -0.0021007
0.98848 28.981 117.25 47.859 60.651 -0.55098 -0.0013012
0.98838 29.045 117.16 48.172 60.795 -0.54185 -0.00046682
0.98819 29.104 116.96 48.513 60.942 -0.53611 0.00035792
0.98793 29.159 116.64 48.863 61.083 -0.53427 0.0011436
0.98761 29.205 116.23 49.205 61.212 -0.53674 0.0018835
0.98725 29.241 115.77 49.519 61.324 -0.5438 0.0025969
0.98688 29.263 115.3 49.785 61.412 -0.55558 0.0033276
0.98653 29.267 114.86 49.985 61.475 -0.572 0.0041386
0.98621 29.251 114.48 50.105 61.512 -0.59276 0.0051017
0.98595 29.209 114.2 50.133 61.52 -0.61722 0.0062857
0.98577 29.138 114.04 50.062 61.502 -0.64447 0.0077425
0.98566 29.037 113.99 49.89 61.459 -0.67323 0.0094945
0.98565 28.904 114.05 49.619 61.391 -0.70196 0.011525
0.98572 28.739 114.2 49.256 61.303 -0.72885 0.013771
0.98586 28.544 114.4 48.812 61.194 -0.75196 0.016124
0.98606 28.323 114.63 48.301 61.069 -0.76928 0.018435
0.9863 28.082 114.87 47.738 60.929 -0.77891 0.020524
0.98657 27.828 115.08 47.141 60.778 -0.77918 0.022198
0.98684 27.569 115.25 46.526 60.62 -0.76882 0.023269
0.9871 27.314 115.36 45.913 60.458 -0.74705 0.023576
0.98734 27.074 115.42 45.317 60.299 -0.71372 0.023004
0.98754 26.858 115.42 44.754 60.148 -0.66934 0.021501
0.9877 26.673 115.37 44.237 60.009 -0.61513 0.019096
0.98781 26.526 115.28 43.779 59.891 -0.553 0.015896
0.98788 26.423 115.16 43.388 59.796 -0.4854 0.012094
0.98789 26.364 115.01 43.073 59.732 -0.41528 0.0079538
0.98787 26.35 114.85 42.838 59.7 -0.34589 0.0037969
0.98783 26.378 114.68 42.687 59.703 -0.28057 -2.1297e-05
0.98778 26.441 114.49 42.619 59.741 -0.2226 -0.0031374
0.98773 26.534 114.31 42.634 59.811 -0.17495 -0.0052083
0.9877 26.648 114.12 42.725 59.911 -0.14014 -0.0059384
0.9877 26.775 113.94 42.887 60.034 -0.12006 -0.0051043
0.98774 26.906 113.77 43.11 60.174 -0.11587 -0.0025735
0.98783 27.034 113.61 43.384 60.321 -0.12792 0.0016841
0.98796 27.153 113.47 43.695 60.467 -0.15574 0.0075921
0.98812 27.261 113.38 44.031 60.604 -0.19809 0.014973
0.98829 27.357 113.32 44.378 60.724 -0.25302 0.023562
0.98844 27.441 113.33 44.723 60.819 -0.31797 0.033023
0.98854 27.516 113.4 45.055 60.887 -0.38997 0.042977
0.98856 27.589 113.55 45.364 60.924 -0.46573 0.053025
0.98846 27.664 113.78 45.643 60.932 -0.5419 0.062777
0.98822 27.748 114.08 45.889 60.913 -0.61516 0.071878
0.98782 27.847 114.46 46.102 60.874 -0.68242 0.080024
0.98724 27.965 114.9 46.284 60.821 -0.74095 0.086978
0.98651 28.105 115.37 46.441 60.762 -0.78846 0.092582
0.98563 28.266 115.87 46.583 60.706 -0.82325 0.09675
0.98464 28.447 116.37 46.717 60.66 -0.84416 0.099472
0.98361 28.643 116.84 46.856 60.629 -0.85069 0.10079
0.98259 28.847 117.26 47.008 60.616 -0.84292 0.10081
0.98165 29.05 117.62 47.181 60.623 -0.8215 0.099656
0.98086 29.244 117.91 47.381 60.649 -0.78763 0.097458
0.98029 29.417 118.1 47.609 60.688 -0.74295 0.094358
0.97997 29.563 118.21 47.864 60.736 -0.68947 0.090482
0.97994 29.672 118.23 48.14 60.785 -0.62952 0.085936
0.9802 29.74 118.16 48.428 60.83 -0.56561 0.080804
0.98074 29.764 118 48.713 60.863 -0.50037 0.07515
0.98152 29.743 117.76 48.982 60.879 -0.43645 0.069022
0.98247 29.68 117.45 49.219 60.874 -0.37642 0.062463
0.98354 29.581 117.06 49.405 60.847 -0.32268 0.055522
0.98465 29.453 116.61 49.528 60.798 -0.27741 0.048259
0.98572 29.304 116.11 49.574 60.729 -0.24243 0.04076
0.98669 29.145 115.57 49.534 60.644 -0.2192 0.033142
0.98752 28.986 115.02 49.404 60.548 -0.20871 0.025551
0.98816 28.836 114.48 49.185 60.449 -0.21148 0.018167
0.98861 28.704 113.96 48.883 60.352 -0.22751 0.011193
0.98885 28.598 113.5 48.508 60.267 -0.25626 0.0048478
0.98892 28.524 113.12 48.077 60.198 -0.29672 -0.00064927
0.98883 28.485 112.83 47.607 60.153 -0.34739 -0.0050919
0.98862 28.483 112.65 47.123 60.136 -0.40636 -0.0083039
0.98835 28.519 112.59 46.646 60.15 -0.47139 -0.010155
0.98805 28.59 112.63 46.2 60.194 -0.54001 -0.010573
0.98776 28.693 112.77 45.807 60.269 -0.60961 -0.0095572
0.98751 28.823 113 45.487 60.369 -0.67755 -0.0071799
0.98734 28.974 113.29 45.254 60.489 -0.74131 -0.0035914
0.98725 29.14 113.62 45.119 60.623 -0.79859 0.00098602
0.98726 29.313 113.96 45.087 60.764 -0.84738 0.0062662
0.98734 29.486 114.28 45.159 60.902 -0.8861 0.011913
0.9875 29.654 114.58 45.327 61.032 -0.91362 0.017557
0.98771 29.81 114.82 45.58 61.146 -0.92934 0.022817
0.98795 29.951 115.02 45.904 61.24 -0.93316 0.027317
0.9882 30.072 115.15 46.278 61.31 -0.92552 0.030711
0.98843 30.174 115.23 46.682 61.356 -0.90733 0.032702
0.98863 30.256 115.27 47.094 61.376 -0.8799 0.033059
0.98879 30.322 115.29 47.493 61.374 -0.84488 0.03163
0.9889 30.374 115.3 47.859 61.352 -0.80416 0.028352
0.98895 30.419 115.32 48.178 61.314 -0.75979 0.023258
0.98896 30.462 115.39 48.438 61.265 -0.71382 0.016475
0.98893 30.509 115.51 48.632 61.21 -0.66827 0.0082165
0.98888 30.567 115.71 48.758 61.155 -0.625 -0.001222
0.98881 30.639 115.99 48.822 61.104 -0.58562 -0.011482
0.98873 30.729 116.34 48.831 61.062 -0.5515 -0.022159
0.98866 30.838 116.77 48.797 61.031 -0.52367 -0.032823
0.98861 30.966 117.25 48.737 61.013 -0.50279 -0.04304
0.98856 31.109 117.77 48.668 61.011 -0.4892 -0.052398
0.98852 31.264 118.3 48.605 61.024 -0.48291 -0.060525
0.9885 31.425 118.82 48.565 61.05 -0.48361 -0.067115
0.98847 31.585 119.29 48.562 61.088 -0.49072 -0.071938
0.98843 31.737 119.7 48.605 61.134 -0.50345 -0.074861
0.98838 31.876 120.01 48.7 61.186 -0.52085 -0.075849
0.9883 31.996 120.22 48.847 61.239 -0.54188 -0.074971
0.9882 32.092 120.32 49.043 61.29 -0.56543 -0.072393
0.98808 32.164 120.31 49.28 61.334 -0.59041 -0.068374
0.98794 32.212 120.2 49.547 61.367 -0.61581 -0.063243
0.98779 32.237 120.01 49.829 61.388 -0.64071 -0.057385
0.98764 32.244 119.76 50.113 61.393 -0.66438 -0.051217
0.9875 32.238 119.47 50.385 61.382 -0.68626 -0.04516
0.98738 32.227 119.17 50.631 61.357 -0.706 -0.039614
0.9873 32.215 118.9 50.843 61.318 -0.7235 -0.034936
0.98727 32.212 118.67 51.016 61.271 -0.73888 -0.031416
0.98728 32.222 118.5 51.148 61.22 -0.75247 -0.02926
0.98734 32.249 118.4 51.245 61.171 -0.76483 -0.02858
0.98745 32.297 118.38 51.314 61.131 -0.77668 -0.029384
0.9876 32.366 118.43 51.368 61.106 -0.78885 -0.031583
0.98778 32.455 118.55 51.423 61.101 -0.80227 -0.034991
0.98797 32.562 118.7 51.494 61.12 -0.81787 -0.039346
0.98817 32.681 118.88 51.599 61.164 -0.83657 -0.044321
0.98835 32.808 119.05 51.753 61.234 -0.85914 -0.04955
0.98851 32.935 119.2 51.968 61.326 -0.88623 -0.054647
0.98863 33.058 119.3 52.251 61.437 -0.91825 -0.059234
0.98869 33.171 119.33 52.604 61.56 -0.95536 -0.062959
0.9887 33.269 119.3 53.026 61.689 -0.99744 -0.06552
0.98864 33.348 119.19 53.506 61.816 -1.0441 -0.066676
0.98852 33.407 119.02 54.03 61.934 -1.0946 -0.066259
0.98835 33.446 118.78 54.58 62.037 -1.1479 -0.064183
0.98812 33.465 118.51 55.132 62.118 -1.2029 -0.060441
0.98786 33.468 118.22 55.664 62.176 -1.2582 -0.055104
0.98757 33.457 117.93 56.149 62.206 -1.3123 -0.04831
0.98727 33.437 117.67 56.566 62.21 -1.3637 -0.040258
0.98698 33.411 117.45 56.894 62.189 -1.4108 -0.031187
0.9867 33.385 117.29 57.119 62.147 -1.4523 -0.02137
0.98645 33.362 117.22 57.228 62.089 -1.487 -0.011094
0.98622 33.344 117.22 57.22 62.019 -1.514 -0.00064947
0.98603 33.334 117.3 57.097 61.945 -1.5325 0.0096838
0.98587 33.332 117.47 56.867 61.874 -1.5424 0.019645
0.98572 33.339 117.7 56.547 61.81 -1.5435 0.028999
0.98558 33.354 117.99 56.155 61.761 -1.5361 0.037546
0.98545 33.375 118.32 55.717 61.73 -1.521 0.045121
0.9853 33.4 118.67 55.26 61.721 -1.4991 0.051594
0.98514 33.428 119.02 54.811 61.735 -1.4714 0.056876
0.98495 33.456 119.37 54.399 61.772 -1.4394 0.060913
0.98474 33.484 119.68 54.05 61.831 -1.4043 0.063687
0.98451 33.512 119.96 53.788 61.91 -1.3677 0.065213
0.98427 33.539 120.19 53.631 62.004 -1.3311 0.065539
0.98403 33.566 120.38 53.596 62.109 -1.2958 0.064745
0.9838 33.596 120.53 53.69 62.221 -1.2631 0.062941
0.9836 33.629 120.63 53.917 62.333 -1.2342 0.060264
0.98344 33.669 120.7 54.273 62.442 -1.21 0.056881
0.98333 33.719 120.74 54.75 62.544 -1.1912 0.052979
0.98327 33.779 120.75 55.333 62.634 -1.1784 0.04877
0.98326 33.852 120.74 56.003 62.712 -1.1718 0.044477
0.98331 33.937 120.71 56.735 62.775 -1.1713 0.040336
0.98341 34.035 120.68 57.505 62.822 -1.1769 0.036578
0.98357 34.145 120.63 58.282 62.853 -1.1879 0.033427
0.98377 34.262 120.58 59.037 62.869 -1.2038 0.031085
0.98401 34.385 120.53 59.742 62.872 -1.2235 0.029723
0.98429 34.508 120.47 60.368 62.862 -1.2461 0.029467
0.98461 34.626 120.42 60.892 62.842 -1.2704 0.030394
0.98496 34.736 120.39 61.292 62.814 -1.2949 0.032519
0.98533 34.831 120.38 61.554 62.78 -1.3183 0.035796
0.98571 34.909 120.39 61.669 62.741 -1.3393 0.040115
0.98608 34.965 120.45 61.632 62.699 -1.3565 0.045307
0.98644 34.998 120.55 61.448 62.657 -1.3687 0.051153
0.98674 35.007 120.69 61.128 62.615 -1.375 0.057393
0.98698 34.992 120.89 60.688 62.574 -1.3746 0.063743
0.98711 34.956 121.14 60.152 62.537 -1.3671 0.069914
0.98713 34.902 121.42 59.548 62.501 -1.3523 0.075627
0.98702 34.834 121.74 58.907 62.469 -1.3304 0.080631
0.98675 34.758 122.08 58.263 62.44 -1.302 0.084721
0.98633 34.679 122.42 57.649 62.414 -1.2679 0.087746
0.98578 34.603 122.74 57.097 62.389 -1.2292 0.089621
0.98509 34.535 123.02 56.638 62.365 -1.1872 0.090329
0.98432 34.483 123.25 56.296 62.342 -1.1432 0.089918
0.98348 34.448 123.4 56.089 62.317 -1.0986 0.088494
0.98262 34.436 123.45 56.028 62.288 -1.0547 0.086208
0.98178 34.448 123.4 56.117 62.256 -1.0126 0.083244
0.98102 34.485 123.23 56.35 62.218 -0.97327 0.0798
0.98036 34.545 122.93 56.715 62.172 -0.93735 0.076069
0.97985 34.627 122.49 57.189 62.12 -0.9052 0.072226
0.9795 34.728 121.92 57.748 62.059 -0.87692 0.068412
0.97933 34.842 121.23 58.358 61.992 -0.85235 0.064723
0.97935 34.964 120.42 58.984 61.92 -0.83116 0.061208
0.97954 35.088 119.51 59.592 61.846 -0.8129 0.057865
0.97988 35.207 118.53 60.146 61.774 -0.7971 0.054648
0.98036 35.315 117.49 60.613 61.706 -0.78335 0.051478
0.98093 35.406 116.41 60.965 61.647 -0.77137 0.048251
0.98156 35.476 115.34 61.183 61.601 -0.7611 0.044857
0.98222 35.518 114.29 61.25 61.57 -0.75269 0.041197
0.98287 35.532 113.28 61.162 61.555 -0.74656 0.037195
0.9835 35.515 112.35 60.918 61.558 -0.74334 0.032814
0.98408 35.469 111.51 60.528 61.575 -0.74384 0.028065
0.98461 35.396 110.78 60.009 61.606 -0.74894 0.023013
0.98507 35.299 110.15 59.382 61.645 -0.75955 0.017774
0.98547 35.184 109.64 58.672 61.688 -0.77644 0.012515
0.98582 35.058 109.25 57.91 61.731 -0.80016 0.0074385
0.98612 34.927 108.96 57.125 61.769 -0.83098 0.0027721
0.98638 34.799 108.77 56.347 61.797 -0.86874 -0.0012533
0.98662 34.679 108.66 55.603 61.815 -0.91288 -0.0044209
0.98685 34.573 108.62 54.92 61.819 -0.96239 -0.0065487
0.98706 34.486 108.63 54.318 61.812 -1.0158 -0.0075078
0.98727 34.421 108.67 53.813 61.793 -1.0714 -0.0072375
0.98748 34.379 108.74 53.418 61.767 -1.1272 -0.0057564
