//co2 data for Study 21 _2
steady: none
chosen_param: SaO2sup, Pa_CO2, P_a, Vmca_d, TOI_d, HbT_d, CCO_d
time_step: 1.0
******
0.98428 40.461 87.083 25.354 74.027 0.031543 0.0038634
0.98357 40.5 87.264 25.93 73.896 -0.84023 0.039425
0.98288 40.53 87.432 26.501 73.769 -1.6932 0.073087
0.98226 40.541 87.594 27.051 73.652 -2.5076 0.10327
0.98172 40.525 87.756 27.566 73.549 -3.2658 0.12864
0.98128 40.474 87.927 28.033 73.465 -3.9529 0.14818
0.98094 40.385 88.117 28.439 73.401 -4.5576 0.16127
0.9807 40.257 88.334 28.774 73.357 -5.0722 0.16775
0.98057 40.089 88.586 29.028 73.333 -5.4927 0.16791
0.98052 39.887 88.879 29.198 73.327 -5.819 0.16247
0.98054 39.655 89.214 29.279 73.337 -6.0537 0.15254
0.98063 39.403 89.592 29.274 73.359 -6.2023 0.1395
0.98076 39.139 90.007 29.185 73.389 -6.272 0.12492
0.98093 38.876 90.452 29.02 73.425 -6.2714 0.11044
0.9811 38.623 90.912 28.791 73.463 -6.2096 0.097655
0.98129 38.393 91.373 28.51 73.501 -6.0956 0.087978
0.98146 38.196 91.814 28.193 73.538 -5.9384 0.082572
0.98163 38.043 92.215 27.858 73.572 -5.7463 0.082256
0.98177 37.941 92.554 27.523 73.604 -5.5267 0.087462
0.9819 37.899 92.812 27.208 73.634 -5.2868 0.098213
0.982 37.92 92.97 26.932 73.662 -5.0329 0.11413
0.98207 38.007 93.017 26.71 73.692 -4.7713 0.13449
0.98211 38.159 92.946 26.558 73.722 -4.5082 0.15824
0.98212 38.374 92.759 26.486 73.757 -4.2495 0.18415
0.98209 38.646 92.463 26.501 73.796 -4.0017 0.21083
0.98204 38.965 92.074 26.606 73.841 -3.771 0.23689
0.98196 39.319 91.614 26.798 73.893 -3.5637 0.26099
0.98185 39.694 91.11 27.071 73.95 -3.3859 0.28197
0.98171 40.074 90.588 27.412 74.012 -3.243 0.29886
0.98155 40.441 90.079 27.805 74.077 -3.1396 0.31101
0.98137 40.777 89.606 28.233 74.143 -3.0787 0.31806
0.98118 41.067 89.191 28.674 74.208 -3.0618 0.31998
0.98098 41.295 88.845 29.105 74.268 -3.0885 0.31704
0.98079 41.448 88.577 29.505 74.32 -3.1562 0.3098
0.9806 41.519 88.382 29.853 74.363 -3.2601 0.29904
0.98044 41.503 88.255 30.131 74.395 -3.3937 0.28569
0.98031 41.401 88.182 30.326 74.413 -3.5485 0.2708
0.98022 41.219 88.147 30.428 74.419 -3.715 0.25542
0.98016 40.966 88.135 30.432 74.411 -3.8827 0.24057
0.98016 40.657 88.133 30.338 74.391 -4.0412 0.22715
0.98021 40.309 88.129 30.154 74.361 -4.1804 0.21591
0.9803 39.941 88.117 29.889 74.321 -4.2916 0.2074
0.98043 39.574 88.094 29.56 74.275 -4.3674 0.20198
0.98061 39.227 88.061 29.184 74.222 -4.403 0.19976
0.9808 38.918 88.022 28.781 74.166 -4.3955 0.20067
0.98102 38.663 87.983 28.374 74.106 -4.3451 0.20445
0.98124 38.472 87.95 27.984 74.044 -4.2541 0.21069
0.98145 38.352 87.929 27.63 73.98 -4.1274 0.21887
0.98164 38.305 87.923 27.33 73.914 -3.972 0.22843
0.98182 38.328 87.936 27.097 73.847 -3.7962 0.23875
0.98195 38.414 87.966 26.94 73.778 -3.6093 0.24924
0.98206 38.551 88.011 26.864 73.708 -3.4213 0.25936
0.98212 38.726 88.066 26.869 73.638 -3.2416 0.26862
0.98213 38.926 88.125 26.951 73.569 -3.0788 0.27662
0.98211 39.135 88.179 27.101 73.503 -2.9405 0.28301
0.98204 39.339 88.219 27.306 73.441 -2.8321 0.28754
0.98193 39.529 88.237 27.551 73.386 -2.7575 0.29002
0.98177 39.693 88.224 27.82 73.339 -2.7181 0.29029
0.98157 39.828 88.176 28.096 73.302 -2.7135 0.28826
0.98134 39.93 88.09 28.362 73.278 -2.7413 0.28387
0.98107 39.999 87.969 28.602 73.266 -2.7974 0.27707
0.98077 40.037 87.819 28.805 73.27 -2.8765 0.26787
0.98046 40.051 87.651 28.958 73.287 -2.9725 0.25632
0.98014 40.045 87.479 29.057 73.319 -3.079 0.2425
0.97983 40.026 87.32 29.097 73.363 -3.1898 0.22659
0.97955 40.001 87.19 29.08 73.419 -3.2991 0.20885
0.97931 39.977 87.105 29.01 73.482 -3.402 0.18965
0.97913 39.957 87.076 28.893 73.549 -3.4952 0.16944
0.97904 39.948 87.11 28.739 73.618 -3.5764 0.1488
0.97903 39.951 87.21 28.56 73.683 -3.6449 0.1284
0.97912 39.967 87.369 28.366 73.742 -3.7015 0.10897
0.97929 39.997 87.577 28.172 73.791 -3.7481 0.091293
0.97954 40.041 87.819 27.988 73.827 -3.7877 0.076129
0.97984 40.096 88.076 27.825 73.848 -3.8241 0.0642
0.98018 40.161 88.327 27.692 73.853 -3.8612 0.056121
0.98052 40.235 88.554 27.595 73.843 -3.9029 0.052364
0.98083 40.313 88.74 27.538 73.82 -3.9529 0.053208
0.9811 40.396 88.873 27.523 73.784 -4.0137 0.058715
0.98129 40.481 88.949 27.548 73.74 -4.0869 0.068713
0.9814 40.567 88.97 27.61 73.691 -4.1729 0.082794
0.98142 40.652 88.944 27.703 73.641 -4.2704 0.10033
0.98137 40.736 88.887 27.82 73.594 -4.3768 0.12051
0.98124 40.817 88.817 27.952 73.555 -4.4882 0.14238
0.98106 40.896 88.755 28.092 73.527 -4.5995 0.16491
0.98084 40.972 88.722 28.229 73.512 -4.7049 0.18706
0.98062 41.043 88.737 28.356 73.512 -4.7981 0.20784
0.98039 41.11 88.816 28.467 73.528 -4.8727 0.22638
0.98019 41.172 88.969 28.555 73.56 -4.9229 0.24198
0.98002 41.228 89.202 28.618 73.605 -4.9438 0.25418
0.97989 41.278 89.511 28.653 73.662 -4.9314 0.26274
0.97979 41.323 89.89 28.661 73.727 -4.8838 0.2677
0.97973 41.364 90.325 28.645 73.796 -4.8003 0.26935
0.97969 41.401 90.795 28.609 73.865 -4.6824 0.26817
0.97968 41.436 91.278 28.559 73.932 -4.5331 0.26485
0.97968 41.47 91.748 28.501 73.992 -4.357 0.26017
0.97968 41.503 92.176 28.442 74.044 -4.16 0.25499
0.97968 41.536 92.538 28.389 74.086 -3.9486 0.25013
0.97967 41.567 92.808 28.348 74.117 -3.7299 0.24636
0.97965 41.593 92.97 28.323 74.138 -3.5109 0.2443
0.97962 41.612 93.01 28.316 74.151 -3.2979 0.24441
0.97958 41.616 92.926 28.329 74.156 -3.0964 0.24692
0.97953 41.6 92.726 28.36 74.159 -2.9106 0.25189
0.97947 41.555 92.423 28.404 74.16 -2.7434 0.25915
0.97941 41.474 92.044 28.456 74.162 -2.5963 0.26837
0.97935 41.349 91.618 28.508 74.169 -2.4697 0.27906
0.97929 41.175 91.18 28.553 74.182 -2.3627 0.29067
0.97925 40.95 90.766 28.582 74.201 -2.2738 0.3026
0.97922 40.673 90.407 28.588 74.226 -2.2012 0.31426
0.97921 40.35 90.13 28.563 74.258 -2.1431 0.32514
0.97924 39.991 89.95 28.505 74.295 -2.0983 0.33484
0.97929 39.608 89.877 28.412 74.334 -2.066 0.34306
0.97939 39.221 89.906 28.285 74.373 -2.0466 0.34966
0.97953 38.85 90.026 28.128 74.411 -2.0412 0.35463
0.97971 38.519 90.217 27.951 74.444 -2.0521 0.35805
0.97992 38.248 90.456 27.762 74.472 -2.0818 0.36012
0.98016 38.059 90.72 27.574 74.493 -2.1335 0.36104
0.98041 37.967 90.989 27.398 74.507 -2.21 0.36104
0.98067 37.984 91.249 27.247 74.515 -2.3136 0.36031
0.98091 38.112 91.493 27.133 74.517 -2.4454 0.35896
0.98113 38.348 91.726 27.065 74.515 -2.6053 0.357
0.9813 38.68 91.958 27.047 74.511 -2.7912 0.35435
0.98142 39.09 92.206 27.084 74.507 -2.9991 0.3508
0.98148 39.553 92.49 27.174 74.504 -3.2231 0.34609
0.98148 40.042 92.827 27.31 74.503 -3.4556 0.33988
0.98144 40.525 93.231 27.486 74.505 -3.6875 0.33182
0.98134 40.972 93.706 27.688 74.508 -3.9089 0.32159
0.98122 41.355 94.247 27.904 74.512 -4.1095 0.30896
0.98109 41.651 94.838 28.119 74.516 -4.2796 0.29378
0.98097 41.843 95.453 28.319 74.517 -4.4104 0.2761
0.98087 41.921 96.061 28.492 74.514 -4.4949 0.25611
0.98081 41.884 96.628 28.626 74.505 -4.5286 0.23422
0.98079 41.738 97.121 28.714 74.49 -4.5092 0.21099
0.98084 41.5 97.514 28.754 74.467 -4.4378 0.18714
0.98093 41.191 97.788 28.745 74.437 -4.3179 0.16353
0.98106 40.837 97.935 28.693 74.401 -4.1558 0.14107
0.98121 40.47 97.956 28.604 74.362 -3.9602 0.1207
0.98137 40.12 97.859 28.491 74.32 -3.7413 0.10328
0.98151 39.817 97.662 28.365 74.278 -3.5106 0.089619
0.9816 39.586 97.382 28.241 74.238 -3.2796 0.080327
0.98164 39.449 97.04 28.131 74.204 -3.0597 0.075832
0.98161 39.418 96.652 28.049 74.176 -2.8609 0.076337
0.98149 39.496 96.236 28.003 74.157 -2.6917 0.081804
0.98129 39.679 95.802 28.001 74.146 -2.5585 0.09196
0.98101 39.956 95.363 28.047 74.145 -2.465 0.10632
0.98067 40.307 94.929 28.14 74.152 -2.4127 0.12423
0.98027 40.708 94.51 28.277 74.167 -2.4001 0.14489
0.97984 41.134 94.116 28.452 74.187 -2.4237 0.16743
0.9794 41.559 93.761 28.657 74.209 -2.4778 0.19096
0.97896 41.958 93.456 28.881 74.231 -2.5549 0.21465
0.97856 42.314 93.215 29.115 74.25 -2.6467 0.23773
0.9782 42.612 93.046 29.349 74.261 -2.7439 0.25958
0.97789 42.846 92.955 29.576 74.264 -2.837 0.27973
0.97765 43.016 92.943 29.788 74.256 -2.9172 0.29791
0.97748 43.129 93.004 29.984 74.236 -2.9759 0.31399
0.97737 43.195 93.125 30.163 74.205 -3.006 0.32805
0.97733 43.23 93.291 30.326 74.165 -3.0013 0.34027
0.97735 43.251 93.48 30.478 74.117 -2.9576 0.35095
0.9774 43.272 93.669 30.625 74.068 -2.8722 0.36046
0.97749 43.307 93.836 30.771 74.02 -2.744 0.36919
0.9776 43.364 93.962 30.922 73.979 -2.5739 0.37752
0.97771 43.448 94.035 31.082 73.951 -2.3645 0.38575
0.97782 43.554 94.045 31.252 73.939 -2.1199 0.39416
0.97792 43.673 93.994 31.429 73.948 -1.8456 0.40289
0.978 43.788 93.885 31.609 73.979 -1.5487 0.41201
0.97808 43.877 93.727 31.783 74.032 -1.237 0.4215
0.97815 43.918 93.532 31.941 74.106 -0.91907 0.43128
0.97822 43.884 93.311 32.068 74.199 -0.60404 0.44121
0.97831 43.754 93.073 32.151 74.306 -0.30098 0.45114
0.97842 43.507 92.825 32.176 74.42 -0.018693 0.46092
0.97857 43.133 92.57 32.132 74.535 0.23469 0.47044
0.97877 42.629 92.309 32.01 74.644 0.45203 0.47961
0.97901 42.001 92.045 31.805 74.742 0.62751 0.48842
0.9793 41.27 91.779 31.516 74.821 0.75684 0.49692
0.97961 40.461 91.518 31.15 74.878 0.83748 0.50516
0.97994 39.611 91.271 30.716 74.909 0.86869 0.51327
0.98025 38.761 91.054 30.23 74.913 0.85152 0.52134
0.98053 37.957 90.886 29.711 74.89 0.78877 0.52944
0.98074 37.242 90.787 29.181 74.843 0.68476 0.5376
0.98086 36.654 90.777 28.663 74.774 0.54512 0.54575
0.98088 36.224 90.871 28.179 74.69 0.37648 0.55374
0.98076 35.974 91.077 27.75 74.595 0.18615 0.56132
0.98052 35.911 91.393 27.395 74.495 -0.018234 0.56815
0.98016 36.03 91.806 27.126 74.397 -0.22902 0.5738
0.97969 36.314 92.292 26.952 74.306 -0.43889 0.57779
0.97915 36.734 92.818 26.876 74.228 -0.6411 0.57965
0.97856 37.253 93.344 26.896 74.168 -0.8297 0.57892
0.97797 37.828 93.83 27.003 74.127 -0.99976 0.57522
0.97742 38.412 94.236 27.187 74.109 -1.1475 0.56828
0.97696 38.963 94.531 27.433 74.113 -1.2702 0.558
0.97662 39.443 94.693 27.723 74.139 -1.3666 0.54445
0.97643 39.819 94.716 28.041 74.185 -1.4366 0.52788
0.97641 40.072 94.604 28.37 74.247 -1.4812 0.50873
0.97657 40.191 94.377 28.694 74.32 -1.5029 0.48762
0.97689 40.18 94.068 28.999 74.401 -1.505 0.4653
0.97735 40.048 93.715 29.275 74.483 -1.4917 0.44261
0.97791 39.818 93.364 29.514 74.562 -1.4682 0.42045
0.97854 39.517 93.06 29.71 74.633 -1.44 0.39968
0.97919 39.175 92.844 29.862 74.69 -1.4132 0.38111
0.97981 38.824 92.752 29.967 74.731 -1.3935 0.36541
0.98036 38.494 92.808 30.028 74.752 -1.3866 0.35308
0.98081 38.212 93.023 30.045 74.753 -1.3974 0.34444
0.98113 37.997 93.396 30.022 74.733 -1.4297 0.33957
0.98131 37.864 93.911 29.96 74.692 -1.4861 0.33834
0.98135 37.817 94.538 29.863 74.634 -1.5675 0.34041
0.98126 37.855 95.235 29.733 74.559 -1.673 0.34527
0.98105 37.971 95.952 29.575 74.473 -1.8 0.35226
0.98075 38.149 96.63 29.392 74.379 -1.9436 0.36064
0.98039 38.372 97.208 29.191 74.281 -2.0977 0.36961
0.98 38.621 97.628 28.978 74.184 -2.2545 0.3784
0.97961 38.874 97.837 28.761 74.092 -2.4052 0.38632
0.97924 39.111 97.794 28.551 74.01 -2.5406 0.39277
0.97891 39.317 97.473 28.36 73.942 -2.6514 0.39728
0.97864 39.478 96.868 28.199 73.89 -2.7293 0.39958
0.97842 39.585 95.995 28.081 73.858 -2.767 0.39956
0.97826 39.635 94.891 28.018 73.848 -2.7592 0.39729
0.97815 39.628 93.615 28.018 73.86 -2.703 0.393
0.97807 39.571 92.247 28.09 73.895 -2.5977 0.38708
0.97801 39.473 90.875 28.235 73.951 -2.4458 0.38005
0.97795 39.346 89.596 28.453 74.027 -2.2523 0.37249
0.97787 39.206 88.506 28.736 74.119 -2.0244 0.36508
0.97778 39.066 87.691 29.073 74.224 -1.7715 0.35848
0.97766 38.941 87.221 29.449 74.337 -1.5045 0.35338
0.9775 38.846 87.142 29.844 74.452 -1.2347 0.35038
0.97731 38.791 87.471 30.235 74.565 -0.97351 0.35006
0.97711 38.785 88.197 30.602 74.669 -0.73158 0.35285
0.97689 38.833 89.276 30.922 74.759 -0.51791 0.35911
0.97668 38.935 90.635 31.177 74.83 -0.33942 0.36902
0.97649 39.09 92.179 31.352 74.879 -0.20046 0.38262
0.97635 39.291 93.796 31.44 74.904 -0.10259 0.39979
0.97626 39.53 95.366 31.437 74.903 -0.044605 0.42021
0.97626 39.794 96.774 31.349 74.878 -0.022677 0.44339
0.97636 40.07 97.916 31.186 74.831 -0.030821 0.46868
0.97657 40.344 98.71 30.966 74.767 -0.061455 0.49525
0.9769 40.603 99.104 30.711 74.692 -0.1061 0.52214
0.97733 40.834 99.081 30.445 74.614 -0.15614 0.54829
0.97788 41.027 98.658 30.192 74.54 -0.20356 0.57255
0.9785 41.176 97.886 29.977 74.478 -0.2416 0.59379
0.97918 41.277 96.845 29.82 74.435 -0.26531 0.61092
0.97988 41.331 95.637 29.736 74.417 -0.2719 0.62294
0.98053 41.342 94.376 29.735 74.427 -0.26088 0.62905
0.98109 41.317 93.177 29.819 74.468 -0.23397 0.62868
0.98149 41.264 92.148 29.983 74.538 -0.1949 0.62155
0.98165 41.195 91.379 30.216 74.634 -0.14886 0.60769
0.98151 41.121 90.934 30.5 74.751 -0.10204 0.58749
0.98101 41.052 90.845 30.816 74.881 -0.060898 0.56169
0.9801 40.998 91.112 31.139 75.017 -0.031596 0.53133
0.97874 40.966 91.7 31.447 75.149 -0.019388 0.49774
0.97692 40.961 92.543 31.718 75.268 -0.028173 0.46245
0.97467 40.986 93.552 31.934 75.367 -0.0602 0.42709
0.97204 41.04 94.618 32.082 75.44 -0.11596 0.39334
0.96913 41.119 95.624 32.152 75.482 -0.19425 0.36276
0.96604 41.22 96.454 32.144 75.493 -0.29246 0.33674
0.96294 41.336 97.004 32.061 75.472 -0.40697 0.31639
0.95998 41.46 97.188 31.911 75.422 -0.53362 0.30244
0.95735 41.585 96.95 31.707 75.349 -0.66831 0.29523
0.95521 41.705 96.268 31.463 75.258 -0.80744 0.29469
0.95371 41.813 95.154 31.195 75.158 -0.94841 0.30028
0.95296 41.905 93.657 30.918 75.054 -1.0899 0.31112
0.95303 41.979 91.861 30.643 74.953 -1.232 0.32597
0.95394 42.034 89.877 30.381 74.862 -1.3761 0.34337
0.95563 42.068 87.834 30.138 74.783 -1.5247 0.36173
0.95801 42.085 85.872 29.914 74.72 -1.6812 0.37943
0.96094 42.085 84.125 29.709 74.673 -1.8491 0.39493
0.96424 42.07 82.714 29.518 74.64 -2.0313 0.4069
0.96772 42.044 81.735 29.334 74.618 -2.2301 0.41427
0.97119 42.008 81.248 29.148 74.605 -2.446 0.41629
0.97446 41.962 81.274 28.955 74.595 -2.6778 0.41263
0.97739 41.909 81.794 28.748 74.585 -2.9222 0.40331
0.97986 41.846 82.746 28.524 74.571 -3.1735 0.38872
0.98181 41.772 84.038 28.282 74.549 -3.4242 0.36958
0.9832 41.685 85.552 28.027 74.517 -3.6654 0.3469
0.98406 41.581 87.156 27.763 74.473 -3.8872 0.32183
0.98443 41.457 88.718 27.5 74.419 -4.0793 0.29567
0.9844 41.31 90.116 27.25 74.355 -4.2322 0.2697
0.98404 41.138 91.248 27.023 74.282 -4.3377 0.24517
0.98347 40.94 92.044 26.831 74.204 -4.3898 0.22317
0.98277 40.716 92.464 26.684 74.123 -4.3853 0.20462
0.98203 40.468 92.505 26.589 74.045 -4.3239 0.19022
0.98132 40.202 92.196 26.549 73.973 -4.2088 0.1804
0.98068 39.923 91.594 26.563 73.91 -4.0462 0.17537
0.98015 39.642 90.78 26.626 73.86 -3.8453 0.17509
0.97974 39.367 89.845 26.729 73.826 -3.6174 0.17932
0.97945 39.11 88.888 26.86 73.81 -3.3754 0.18763
0.97928 38.882 88 27.002 73.811 -3.1327 0.19948
0.9792 38.694 87.264 27.141 73.828 -2.9024 0.21422
0.97919 38.553 86.743 27.26 73.86 -2.6963 0.23113
0.97923 38.468 86.481 27.345 73.901 -2.5241 0.24949
0.97928 38.442 86.495 27.385 73.948 -2.3929 0.26856
0.97932 38.478 86.779 27.374 73.995 -2.3064 0.28766
0.97934 38.574 87.306 27.309 74.037 -2.2654 0.30612
0.9793 38.725 88.027 27.195 74.068 -2.2672 0.32334
0.97918 38.923 88.879 27.041 74.085 -2.3061 0.33879
0.97898 39.159 89.79 26.862 74.084 -2.3745 0.352
0.97867 39.42 90.683 26.677 74.065 -2.4629 0.3626
0.97826 39.692 91.484 26.507 74.027 -2.561 0.37026
0.97774 39.962 92.128 26.376 73.973 -2.6588 0.37479
0.97712 40.216 92.56 26.305 73.905 -2.7472 0.37605
0.97641 40.442 92.744 26.314 73.828 -2.8187 0.37404
0.97564 40.631 92.665 26.419 73.747 -2.868 0.36884
0.97484 40.776 92.329 26.629 73.668 -2.8924 0.36066
0.97406 40.874 91.762 26.947 73.596 -2.8919 0.34982
0.97333 40.924 91.011 27.366 73.535 -2.8691 0.33674
0.9727 40.931 90.139 27.875 73.491 -2.8289 0.32192
0.97221 40.898 89.219 28.451 73.464 -2.7779 0.30597
0.9719 40.833 88.331 29.068 73.456 -2.7239 0.28952
0.97179 40.742 87.551 29.692 73.467 -2.675 0.27326
0.97188 40.63 86.95 30.287 73.494 -2.6391 0.25783
0.97216 40.501 86.584 30.815 73.532 -2.623 0.24387
0.97263 40.353 86.489 31.24 73.578 -2.6322 0.23195
0.97324 40.183 86.68 31.529 73.624 -2.6701 0.22252
0.97395 39.982 87.148 31.655 73.666 -2.7379 0.21593
0.97472 39.739 87.858 31.595 73.696 -2.8348 0.21237
0.9755 39.438 88.754 31.34 73.71 -2.958 0.21189
0.97625 39.065 89.766 30.885 73.703 -3.103 0.21436
0.97694 38.605 90.807 30.239 73.674 -3.2641 0.21951
0.97755 38.044 91.79 29.418 73.62 -3.4351 0.22691
0.97807 37.377 92.625 28.445 73.543 -3.6099 0.236
0.9785 36.6 93.234 27.354 73.446 -3.7828 0.24609
0.97887 35.72 93.549 26.179 73.332 -3.9494 0.25643
0.97918 34.752 93.523 24.961 73.207 -4.1068 0.26619
0.97947 33.718 93.13 23.74 73.077 -4.2537 0.27453
0.97977 32.645 92.365 22.556 72.95 -4.3908 0.2806
0.9801 31.57 91.248 21.444 72.832 -4.5206 0.28361
0.98046 30.529 89.82 20.436 72.73 -4.6469 0.28282
0.98087 29.561 88.14 19.557 72.65 -4.7747 0.27761
0.98133 28.7 86.285 18.826 72.596 -4.9097 0.26749
0.98181 27.979 84.339 18.255 72.572 -5.0575 0.25213
0.9823 27.422 82.396 17.846 72.581 -5.2233 0.23137
0.98277 27.042 80.549 17.598 72.621 -5.411 0.20528
0.98319 26.846 78.888 17.503 72.693 -5.6232 0.17411
0.98353 26.829 77.492 17.545 72.794 -5.8603 0.13835
0.98376 26.976 76.428 17.707 72.919 -6.1206 0.098699
0.98387 27.268 75.743 17.969 73.065 -6.4001 0.056071
0.98386 27.675 75.466 18.309 73.225 -6.6928 0.011552
0.98371 28.168 75.601 18.704 73.393 -6.9903 -0.033614
0.98345 28.713 76.131 19.132 73.562 -7.2829 -0.078068
0.98309 29.28 77.015 19.574 73.728 -7.5597 -0.12039
0.98265 29.839 78.195 20.01 73.882 -7.809 -0.15915
0.98217 30.367 79.595 20.424 74.022 -8.0194 -0.19297
0.98167 30.843 81.134 20.803 74.143 -8.18 -0.22059
0.9812 31.253 82.722 21.136 74.241 -8.2812 -0.24092
0.98077 31.588 84.275 21.414 74.316 -8.3153 -0.25312
0.98041 31.844 85.716 21.632 74.365 -8.2769 -0.2566
0.98013 32.018 86.984 21.787 74.39 -8.1629 -0.25113
0.97996 32.114 88.033 21.876 74.39 -7.9736 -0.23678
0.97989 32.135 88.837 21.901 74.367 -7.7117 -0.214
0.97993 32.084 89.391 21.864 74.323 -7.383 -0.18356
0.98007 31.968 89.708 21.769 74.26 -6.9958 -0.14654
0.9803 31.792 89.817 21.622 74.18 -6.5606 -0.10428
0.98061 31.561 89.756 21.429 74.085 -6.0898 -0.058332
0.98099 31.282 89.569 21.198 73.979 -5.5969 -0.010392
0.98142 30.961 89.303 20.937 73.862 -5.096 0.037797
0.98188 30.605 88.999 20.655 73.739 -4.6013 0.084501
0.98235 30.223 88.689 20.363 73.61 -4.1263 0.12809
0.98281 29.824 88.397 20.069 73.478 -3.6835 0.16708
0.98325 29.419 88.136 19.783 73.345 -3.2838 0.20024
0.98365 29.018 87.905 19.513 73.213 -2.9359 0.2266
0.98399 28.633 87.697 19.269 73.083 -2.6466 0.2455
0.98427 28.274 87.497 19.056 72.957 -2.4203 0.25663
0.98446 27.952 87.286 18.88 72.837 -2.2587 0.25998
0.98458 27.675 87.045 18.744 72.724 -2.1617 0.25588
0.9846 27.451 86.76 18.652 72.62 -2.1269 0.24493
0.98455 27.282 86.42 18.603 72.527 -2.1501 0.22798
0.98441 27.172 86.024 18.596 72.446 -2.2255 0.20606
0.9842 27.118 85.577 18.627 72.379 -2.3464 0.18035
0.98393 27.118 85.095 18.694 72.327 -2.5051 0.15207
0.98361 27.165 84.598 18.79 72.292 -2.6934 0.12247
0.98325 27.253 84.113 18.909 72.273 -2.9031 0.092717
0.98286 27.373 83.671 19.047 72.272 -3.1258 0.063896
0.98247 27.518 83.303 19.196 72.286 -3.3536 0.03692
0.98207 27.677 83.039 19.351 72.314 -3.579 0.012522
0.98169 27.844 82.902 19.506 72.355 -3.7951 -0.0087787
0.98133 28.012 82.912 19.658 72.404 -3.9958 -0.026676
0.981 28.176 83.078 19.803 72.46 -4.1758 -0.041077
0.9807 28.333 83.404 19.94 72.519 -4.3306 -0.052085
0.98043 28.478 83.88 20.066 72.577 -4.4568 -0.059972
0.98021 28.612 84.488 20.182 72.632 -4.552 -0.065145
0.98002 28.734 85.203 20.287 72.682 -4.6148 -0.068105
0.97987 28.842 85.989 20.383 72.723 -4.645 -0.069405
0.97975 28.937 86.808 20.47 72.756 -4.6438 -0.069612
0.97968 29.016 87.615 20.55 72.778 -4.6132 -0.069265
0.97964 29.078 88.367 20.622 72.791 -4.5566 -0.068848
0.97964 29.12 89.022 20.687 72.794 -4.4783 -0.068766
0.97968 29.139 89.542 20.745 72.788 -4.3836 -0.069328
0.97975 29.132 89.899 20.796 72.773 -4.2782 -0.070745
0.97984 29.096 90.073 20.837 72.75 -4.1687 -0.073132
0.97995 29.03 90.057 20.869 72.719 -4.0614 -0.076513
0.98006 28.934 89.857 20.888 72.681 -3.9624 -0.080844
0.98016 28.811 89.49 20.896 72.636 -3.8776 -0.086022
0.98022 28.667 88.984 20.889 72.584 -3.8116 -0.091911
0.98023 28.511 88.378 20.869 72.527 -3.768 -0.098353
0.98019 28.353 87.714 20.836 72.465 -3.749 -0.10519
0.98007 28.208 87.04 20.791 72.4 -3.7551 -0.11226
0.97989 28.09 86.404 20.736 72.335 -3.7853 -0.11944
0.97966 28.013 85.849 20.675 72.274 -3.8369 -0.12659
0.9794 27.988 85.415 20.612 72.221 -3.9057 -0.13361
0.97914 28.026 85.135 20.55 72.18 -3.9864 -0.14041
0.97891 28.13 85.032 20.495 72.154 -4.073 -0.14691
0.97876 28.3 85.121 20.45 72.148 -4.1588 -0.15302
0.97871 28.53 85.405 20.419 72.164 -4.2372 -0.15867
0.9788 28.807 85.877 20.405 72.203 -4.3022 -0.16379
0.97904 29.113 86.521 20.409 72.265 -4.3486 -0.1683
0.97943 29.428 87.309 20.431 72.347 -4.3725 -0.17211
0.97996 29.728 88.204 20.469 72.446 -4.3717 -0.17513
0.9806 29.99 89.161 20.522 72.557 -4.3459 -0.17728
0.98131 30.193 90.131 20.585 72.674 -4.2964 -0.17847
0.98203 30.319 91.06 20.654 72.791 -4.2265 -0.17862
0.98273 30.355 91.896 20.722 72.9 -4.141 -0.17765
0.98333 30.293 92.592 20.784 72.995 -4.0459 -0.17546
0.98379 30.135 93.109 20.834 73.072 -3.9478 -0.17199
0.98408 29.885 93.424 20.866 73.125 -3.8538 -0.16716
0.98417 29.556 93.524 20.877 73.151 -3.7704 -0.16088
0.98405 29.166 93.414 20.864 73.149 -3.7031 -0.15308
0.98373 28.737 93.115 20.824 73.118 -3.6559 -0.1437
0.98324 28.291 92.661 20.758 73.062 -3.6308 -0.13271
0.98262 27.853 92.096 20.668 72.982 -3.6277 -0.12008
0.98192 27.446 91.468 20.556 72.883 -3.6439 -0.10584
0.98122 27.092 90.828 20.427 72.769 -3.6745 -0.09008
0.98059 26.807 90.221 20.286 72.647 -3.7124 -0.07295
0.98008 26.605 89.685 20.14 72.521 -3.7491 -0.054685
0.97977 26.494 89.248 19.996 72.397 -3.775 -0.035611
0.9797 26.475 88.924 19.861 72.278 -3.7803 -0.016146
0.9799 26.546 88.716 19.74 72.17 -3.7559 0.0032032
0.98036 26.699 88.617 19.641 72.073 -3.6942 0.021854
0.98107 26.923 88.608 19.567 71.991 -3.5899 0.03917
0.98198 27.204 88.67 19.522 71.925 -3.4404 0.054489
0.983 27.524 88.778 19.509 71.875 -3.2467 0.067162
0.98404 27.866 88.911 19.529 71.841 -3.0131 0.07659
0.98497 28.213 89.052 19.582 71.823 -2.7474 0.082274
0.98567 28.549 89.192 19.665 71.82 -2.4606 0.083852
0.98601 28.86 89.327 19.775 71.831 -2.166 0.081141
0.98587 29.136 89.461 19.909 71.855 -1.8783 0.074163
0.98516 29.368 89.605 20.062 71.891 -1.6129 0.063166
0.98383 29.553 89.771 20.229 71.936 -1.3844 0.048626
0.98185 29.693 89.973 20.403 71.988 -1.2055 0.031236
0.97926 29.793 90.222 20.578 72.045 -1.0862 0.011879
0.97616 29.859 90.525 20.75 72.103 -1.0328 -0.0084193
0.97267 29.903 90.88 20.911 72.16 -1.0473 -0.02854
0.96899 29.937 91.276 21.059 72.212 -1.127 -0.047344
0.96532 29.975 91.693 21.187 72.258 -1.2651 -0.063739
0.9619 30.029 92.104 21.293 72.293 -1.4504 -0.076752
0.95897 30.11 92.473 21.373 72.318 -1.6688 -0.085598
0.95672 30.226 92.766 21.425 72.33 -1.9039 -0.089733
0.95532 30.381 92.947 21.448 72.33 -2.1381 -0.088898
0.95488 30.576 92.991 21.442 72.317 -2.3544 -0.083142
0.95543 30.806 92.88 21.405 72.293 -2.5374 -0.072823
0.95694 31.062 92.611 21.34 72.257 -2.6742 -0.05859
0.95929 31.332 92.197 21.248 72.213 -2.7559 -0.041343
0.96232 31.598 91.663 21.131 72.16 -2.7777 -0.022172
0.96584 31.845 91.048 20.991 72.101 -2.7396 -0.0022897
0.9696 32.053 90.398 20.831 72.035 -2.6461 0.017053
0.97338 32.206 89.763 20.657 71.965 -2.5061 0.03465
0.97698 32.287 89.192 20.47 71.89 -2.3315 0.049423
0.98022 32.285 88.725 20.277 71.812 -2.1371 0.06049
0.98295 32.193 88.396 20.082 71.731 -1.9388 0.067226
0.9851 32.007 88.222 19.89 71.647 -1.7525 0.069301
0.98661 31.732 88.208 19.706 71.562 -1.5932 0.066695
0.98749 31.374 88.35 19.533 71.477 -1.4734 0.059693
0.98777 30.946 88.629 19.378 71.392 -1.403 0.048858
0.9875 30.465 89.023 19.243 71.309 -1.3878 0.034982
0.98678 29.948 89.507 19.132 71.23 -1.4299 0.019022
0.98569 29.418 90.054 19.046 71.155 -1.5274 0.002026
0.98432 28.893 90.642 18.988 71.088 -1.6748 -0.014949
0.98277 28.393 91.254 18.958 71.029 -1.8634 -0.030915
0.98112 27.934 91.878 18.954 70.979 -2.0825 -0.045023
0.97946 27.532 92.507 18.975 70.94 -2.3197 -0.056625
0.97787 27.194 93.137 19.018 70.913 -2.5626 -0.065314
0.97641 26.927 93.766 19.081 70.898 -2.7991 -0.070949
0.97514 26.734 94.392 19.158 70.897 -3.0184 -0.073651
0.97413 26.611 95.007 19.246 70.909 -3.212 -0.073789
0.97341 26.554 95.605 19.34 70.934 -3.374 -0.071935
0.97301 26.556 96.172 19.435 70.972 -3.5012 -0.068811
0.97294 26.608 96.693 19.528 71.021 -3.5933 -0.065219
0.97322 26.7 97.153 19.616 71.081 -3.6527 -0.061975
0.9738 26.824 97.536 19.694 71.149 -3.684 -0.059827
0.97467 26.97 97.832 19.762 71.225 -3.6937 -0.059397
0.97578 27.132 98.036 19.817 71.307 -3.6893 -0.061116
0.97705 27.303 98.149 19.859 71.393 -3.6786 -0.06519
0.97843 27.479 98.182 19.886 71.481 -3.6693 -0.071574
0.97985 27.655 98.15 19.9 71.571 -3.6682 -0.079974
0.98122 27.829 98.078 19.9 71.661 -3.6807 -0.08986
0.9825 27.998 97.993 19.888 71.748 -3.7103 -0.10051
0.98362 28.158 97.92 19.863 71.833 -3.7588 -0.11107
0.98455 28.308 97.887 19.826 71.912 -3.826 -0.12061
0.98526 28.443 97.913 19.779 71.986 -3.9097 -0.12819
0.98573 28.561 98.008 19.721 72.051 -4.0063 -0.13297
0.98598 28.657 98.176 19.653 72.107 -4.1109 -0.13424
0.98602 28.728 98.407 19.578 72.152 -4.2179 -0.13151
0.98587 28.771 98.684 19.494 72.186 -4.3213 -0.12454
0.98557 28.783 98.98 19.406 72.207 -4.4153 -0.11337
0.98516 28.765 99.266 19.314 72.217 -4.4946 -0.098323
0.9847 28.717 99.509 19.222 72.215 -4.555 -0.079981
0.98423 28.641 99.682 19.132 72.203 -4.5931 -0.05916
0.98379 28.542 99.763 19.05 72.182 -4.607 -0.036845
0.98342 28.425 99.739 18.978 72.153 -4.5961 -0.014113
0.98315 28.297 99.607 18.921 72.119 -4.5607 0.0079392
0.983 28.164 99.376 18.883 72.082 -4.5025 0.028284
0.98296 28.033 99.063 18.868 72.044 -4.4237 0.046038
0.98304 27.909 98.692 18.877 72.007 -4.3272 0.060532
0.98319 27.798 98.288 18.912 71.975 -4.2163 0.071362
0.98339 27.702 97.878 18.973 71.948 -4.0942 0.078421
0.98358 27.622 97.485 19.056 71.929 -3.9642 0.081903
0.98369 27.557 97.128 19.16 71.918 -3.8294 0.082289
0.98367 27.505 96.817 19.276 71.918 -3.6925 0.080305
0.98344 27.463 96.555 19.398 71.929 -3.5563 0.07686
0.98296 27.425 96.34 19.518 71.95 -3.4232 0.07297
0.98219 27.389 96.164 19.625 71.982 -3.2957 0.069671
0.98111 27.35 96.019 19.71 72.023 -3.1767 0.067932
0.97974 27.308 95.894 19.765 72.071 -3.0689 0.068568
0.9781 27.262 95.782 19.779 72.125 -2.9757 0.07217
0.97628 27.217 95.678 19.749 72.181 -2.9007 0.079051
0.97437 27.177 95.58 19.671 72.239 -2.848 0.089212
0.97248 27.149 95.49 19.543 72.294 -2.8216 0.10233
0.97074 27.145 95.411 19.37 72.345 -2.8256 0.1178
0.96926 27.174 95.347 19.158 72.391 -2.8638 0.13474
0.96817 27.248 95.298 18.915 72.429 -2.9392 0.15208
0.96756 27.375 95.263 18.654 72.46 -3.0538 0.16863
0.96747 27.563 95.233 18.391 72.483 -3.2081 0.18319
0.96792 27.816 95.197 18.139 72.501 -3.4009 0.19462
0.9689 28.134 95.142 17.915 72.515 -3.6289 0.20193
0.97033 28.513 95.049 17.733 72.527 -3.8868 0.20436
0.97211 28.943 94.903 17.606 72.539 -4.1674 0.20144
0.97414 29.408 94.693 17.543 72.555 -4.4613 0.19306
0.97627 29.892 94.411 17.551 72.575 -4.7579 0.17941
0.97836 30.374 94.061 17.63 72.601 -5.0454 0.16103
0.9803 30.83 93.654 17.778 72.633 -5.3118 0.13879
0.98198 31.24 93.211 17.987 72.669 -5.5452 0.11376
0.98331 31.583 92.761 18.244 72.71 -5.7349 0.087226
0.98425 31.845 92.337 18.535 72.751 -5.8718 0.060543
0.98477 32.013 91.976 18.842 72.791 -5.9492 0.035084
0.98488 32.084 91.713 19.147 72.827 -5.9633 0.012144
0.98461 32.058 91.576 19.43 72.855 -5.9133 -0.007141
0.98402 31.944 91.587 19.675 72.875 -5.8016 -0.021853
0.98318 31.752 91.756 19.866 72.884 -5.6339 -0.031349
0.98217 31.502 92.081 19.992 72.882 -5.4186 -0.035283
0.98108 31.213 92.551 20.046 72.869 -5.1666 -0.033625
0.97998 30.906 93.14 20.026 72.846 -4.8901 -0.026645
0.97896 30.604 93.815 19.935 72.815 -4.6026 -0.01489
0.97808 30.324 94.539 19.78 72.778 -4.3174 0.00085919
0.97737 30.085 95.266 19.572 72.737 -4.0472 0.01964
0.97689 29.897 95.954 19.325 72.694 -3.8034 0.040366
0.97664 29.768 96.562 19.057 72.653 -3.5951 0.061893
0.97662 29.702 97.057 18.785 72.614 -3.4294 0.083073
0.97681 29.696 97.414 18.527 72.58 -3.3105 0.10281
0.97719 29.745 97.619 18.299 72.553 -3.2399 0.12011
0.97771 29.839 97.673 18.115 72.535 -3.2168 0.13411
0.97833 29.969 97.585 17.986 72.526 -3.2379 0.14413
0.979 30.121 97.379 17.919 72.529 -3.2985 0.14965
0.97967 30.283 97.087 17.918 72.542 -3.3927 0.15034
0.98031 30.445 96.745 17.98 72.568 -3.5138 0.14608
0.98089 30.594 96.391 18.101 72.605 -3.6554 0.13691
0.98137 30.722 96.061 18.274 72.653 -3.8112 0.12304
0.98174 30.823 95.785 18.486 72.711 -3.9761 0.10485
0.982 30.889 95.584 18.725 72.778 -4.1461 0.082839
0.98215 30.917 95.469 18.977 72.851 -4.3181 0.057631
0.98219 30.905 95.441 19.228 72.929 -4.4906 0.02994
0.98214 30.852 95.493 19.465 73.007 -4.663 0.00054965
0.98201 30.758 95.609 19.676 73.083 -4.8354 -0.029709
0.98182 30.625 95.768 19.852 73.154 -5.0085 -0.059982
0.98159 30.457 95.95 19.984 73.216 -5.183 -0.089422
0.98133 30.256 96.133 20.07 73.266 -5.3594 -0.11721
0.98107 30.029 96.298 20.108 73.303 -5.5375 -0.14259
0.98081 29.782 96.433 20.098 73.326 -5.7165 -0.16489
0.98059 29.524 96.528 20.044 73.332 -5.8946 -0.18353
0.9804 29.262 96.58 19.952 73.325 -6.0691 -0.19805
0.98026 29.007 96.588 19.83 73.304 -6.2363 -0.20817
0.98018 28.768 96.556 19.685 73.274 -6.3922 -0.2137
0.98016 28.553 96.489 19.526 73.235 -6.5319 -0.21463
0.98021 28.371 96.391 19.362 73.193 -6.6509 -0.2111
0.98033 28.227 96.268 19.201 73.15 -6.7444 -0.20335
0.9805 28.127 96.121 19.051 73.108 -6.8084 -0.19175
0.98072 28.07 95.951 18.917 73.07 -6.8395 -0.17677
0.98096 28.057 95.757 18.804 73.036 -6.8353 -0.15893
0.98121 28.083 95.538 18.716 73.008 -6.7946 -0.13882
0.98146 28.142 95.29 18.653 72.984 -6.7172 -0.11701
0.98166 28.226 95.011 18.618 72.962 -6.6041 -0.094119
0.98182 28.327 94.701 18.608 72.943 -6.4576 -0.070711
0.9819 28.435 94.36 18.621 72.923 -6.2809 -0.047346
0.9819 28.541 93.992 18.656 72.902 -6.0783 -0.024545
0.98181 28.635 93.606 18.708 72.877 -5.8549 -0.0027968
0.98164 28.711 93.212 18.773 72.847 -5.6165 0.017445
0.98139 28.764 92.827 18.847 72.811 -5.3694 0.03576
0.98108 28.789 92.471 18.925 72.77 -5.1204 0.051759
0.98074 28.786 92.165 19.005 72.723 -4.8767 0.065083
0.98041 28.757 91.933 19.08 72.672 -4.6454 0.075413
0.98011 28.703 91.799 19.147 72.615 -4.4335 0.08247
0.97988 28.63 91.783 19.203 72.556 -4.2478 0.086032
0.97975 28.545 91.9 19.244 72.495 -4.0943 0.085947
0.97975 28.455 92.155 19.268 72.433 -3.9783 0.082151
0.97987 28.368 92.542 19.274 72.372 -3.9038 0.074682
0.98012 28.291 93.043 19.259 72.313 -3.8734 0.063699
0.98048 28.233 93.627 19.225 72.256 -3.8876 0.049487
0.98094 28.2 94.253 19.171 72.203 -3.9455 0.032466
0.98145 28.197 94.87 19.099 72.153 -4.0438 0.013182
0.98199 28.226 95.427 19.012 72.107 -4.1773 -0.007704
0.98251 28.29 95.874 18.913 72.065 -4.3391 -0.029442
0.98297 28.387 96.167 18.806 72.028 -4.5206 -0.051221
0.98335 28.515 96.279 18.696 71.994 -4.7122 -0.072215
0.98363 28.668 96.194 18.587 71.963 -4.9038 -0.091621
0.9838 28.839 95.919 18.484 71.936 -5.0852 -0.10871
0.98385 29.022 95.474 18.393 71.912 -5.2473 -0.12286
0.98379 29.209 94.898 18.317 71.891 -5.382 -0.13361
0.98366 29.39 94.239 18.26 71.873 -5.4834 -0.14069
0.98346 29.559 93.552 18.225 71.857 -5.5479 -0.14403
0.98324 29.708 92.89 18.214 71.843 -5.5743 -0.14377
0.98302 29.832 92.305 18.227 71.832 -5.5645 -0.14027
0.98282 29.926 91.837 18.265 71.822 -5.5227 -0.13405
0.98266 29.988 91.512 18.326 71.815 -5.4554 -0.1258
0.98257 30.017 91.344 18.408 71.808 -5.3706 -0.11632
0.98256 30.014 91.331 18.508 71.803 -5.2777 -0.10646
0.98261 29.982 91.457 18.622 71.799 -5.186 -0.09707
0.98273 29.925 91.695 18.748 71.795 -5.1046 -0.088946
0.9829 29.848 92.011 18.88 71.79 -5.0411 -0.08278
0.98311 29.758 92.366 19.016 71.784 -5.0015 -0.079111
0.98334 29.66 92.724 19.15 71.776 -4.9896 -0.078295
0.98356 29.56 93.051 19.279 71.765 -5.0065 -0.080484
0.98375 29.465 93.323 19.401 71.752 -5.0507 -0.085617
0.9839 29.379 93.526 19.511 71.737 -5.1187 -0.093433
0.98399 29.305 93.654 19.607 71.719 -5.2046 -0.1035
0.984 29.244 93.717 19.687 71.701 -5.3017 -0.11522
0.98393 29.196 93.731 19.75 71.682 -5.4021 -0.12794
0.98378 29.159 93.721 19.792 71.666 -5.4983 -0.14093
0.98356 29.13 93.712 19.813 71.652 -5.5835 -0.15347
0.98327 29.105 93.733 19.813 71.643 -5.6524 -0.16492
0.98294 29.079 93.806 19.789 71.639 -5.7016 -0.17473
0.98257 29.049 93.945 19.741 71.642 -5.7299 -0.18249
0.9822 29.011 94.153 19.669 71.65 -5.7387 -0.18797
0.98184 28.963 94.425 19.574 71.663 -5.7314 -0.19111
0.98154 28.904 94.738 19.455 71.68 -5.7134 -0.19202
0.9813 28.838 95.065 19.314 71.699 -5.6916 -0.19095
0.98115 28.765 95.367 19.152 71.716 -5.6735 -0.1883
0.98111 28.692 95.601 18.972 71.73 -5.6666 -0.18453
0.98118 28.625 95.728 18.777 71.738 -5.6777 -0.18015
0.98136 28.569 95.708 18.572 71.737 -5.7123 -0.17566
0.98164 28.532 95.513 18.36 71.728 -5.7737 -0.1715
0.982 28.52 95.126 18.147 71.71 -5.8629 -0.16803
0.98243 28.536 94.543 17.939 71.684 -5.9781 -0.1655
0.98288 28.585 93.776 17.744 71.654 -6.1153 -0.16401
0.98333 28.667 92.853 17.567 71.622 -6.2677 -0.16355
0.98375 28.781 91.813 17.416 71.592 -6.4271 -0.16397
0.9841 28.923 90.708 17.298 71.57 -6.5837 -0.16503
0.98437 29.087 89.597 17.219 71.559 -6.7275 -0.16639
0.98455 29.268 88.54 17.184 71.564 -6.8487 -0.1677
0.98462 29.456 87.597 17.198 71.588 -6.9387 -0.1686
0.9846 29.644 86.819 17.263 71.632 -6.9906 -0.16874
0.98449 29.821 86.25 17.382 71.699 -7 -0.16784
0.98432 29.982 85.919 17.553 71.786 -6.9652 -0.16569
0.98412 30.119 85.84 17.774 71.893 -6.8876 -0.16217
0.98391 30.227 86.016 18.039 72.014 -6.7711 -0.15723
0.98371 30.303 86.432 18.343 72.146 -6.6224 -0.1509
0.98355 30.346 87.065 18.677 72.284 -6.4502 -0.14326
0.98345 30.357 87.881 19.032 72.421 -6.2643 -0.13444
0.98341 30.338 88.837 19.395 72.551 -6.0752 -0.12456
0.98343 30.293 89.89 19.757 72.67 -5.8932 -0.11374
0.98351 30.229 90.992 20.105 72.771 -5.7274 -0.10209
0.98363 30.151 92.097 20.428 72.851 -5.5854 -0.089669
0.98377 30.066 93.157 20.717 72.908 -5.4723 -0.07652
0.98392 29.984 94.132 20.963 72.939 -5.3907 -0.062657
0.98405 29.91 94.984 21.161 72.943 -5.3405 -0.048086
0.98414 29.853 95.682 21.305 72.923 -5.3192 -0.032829
0.98416 29.82 96.202 21.396 72.881 -5.3218 -0.016942
0.98411 29.816 96.529 21.434 72.82 -5.3419 -0.00054209
0.98396 29.845 96.657 21.424 72.745 -5.3717 0.016177
0.9837 29.911 96.595 21.372 72.661 -5.4033 0.032933
0.98333 30.015 96.359 21.288 72.573 -5.4291 0.049351
0.98282 30.154 95.978 21.18 72.487 -5.4426 0.06497
0.98218 30.326 95.493 21.059 72.407 -5.4389 0.079261
0.98142 30.524 94.951 20.936 72.338 -5.4153 0.091654
0.98053 30.742 94.406 20.821 72.28 -5.371 0.10157
0.97953 30.969 93.913 20.723 72.236 -5.308 0.10845
0.97845 31.196 93.525 20.649 72.205 -5.2302 0.11181
0.97732 31.413 93.285 20.602 72.184 -5.1431 0.11127
0.97618 31.611 93.228 20.586 72.17 -5.0537 0.10656
0.97507 31.782 93.371 20.599 72.16 -4.9697 0.097609
0.97404 31.919 93.714 20.639 72.15 -4.8987 0.084469
0.97314 32.021 94.238 20.701 72.135 -4.8479 0.067389
0.97243 32.086 94.909 20.777 72.113 -4.823 0.04677
0.97193 32.117 95.676 20.861 72.081 -4.8286 0.023161
0.97167 32.119 96.479 20.945 72.039 -4.8671 -0.0027753
0.97167 32.099 97.253 21.022 71.989 -4.9388 -0.030295
0.97191 32.065 97.934 21.085 71.931 -5.0422 -0.058606
0.9724 32.028 98.466 21.131 71.868 -5.1737 -0.086913
0.97308 31.994 98.802 21.156 71.805 -5.3282 -0.11445
0.97392 31.973 98.915 21.161 71.745 -5.4996 -0.14051
0.97486 31.969 98.793 21.149 71.692 -5.6812 -0.16448
0.97586 31.987 98.445 21.122 71.648 -5.8659 -0.18588
0.97685 32.027 97.897 21.087 71.616 -6.0473 -0.20433
0.97781 32.089 97.192 21.05 71.595 -6.2196 -0.21961
0.97868 32.168 96.383 21.02 71.586 -6.3784 -0.23161
0.97945 32.258 95.531 21.003 71.586 -6.5203 -0.24039
0.9801 32.355 94.699 21.004 71.592 -6.6439 -0.2461
0.98063 32.449 93.947 21.029 71.602 -6.7487 -0.24898
0.98103 32.535 93.329 21.079 71.612 -6.8357 -0.24939
0.98132 32.607 92.887 21.156 71.618 -6.907 -0.24771
0.9815 32.661 92.651 21.255 71.618 -6.9653 -0.24437
0.98161 32.693 92.636 21.374 71.609 -7.0134 -0.23981
0.98165 32.706 92.844 21.506 71.591 -7.0542 -0.23446
0.98165 32.7 93.261 21.642 71.564 -7.0902 -0.2287
0.98161 32.681 93.864 21.774 71.529 -7.1233 -0.22288
0.98156 32.655 94.617 21.893 71.488 -7.1545 -0.21729
0.98151 32.627 95.481 21.991 71.444 -7.184 -0.21216
0.98147 32.608 96.408 22.061 71.4 -7.2113 -0.20763
0.98145 32.603 97.351 22.098 71.36 -7.2355 -0.2038
0.98145 32.62 98.262 22.099 71.328 -7.2551 -0.20073
0.98148 32.664 99.096 22.063 71.306 -7.2691 -0.19842
0.98155 32.737 99.812 21.994 71.299 -7.2766 -0.19686
0.98164 32.841 100.38 21.895 71.306 -7.2776 -0.19602
0.98176 32.975 100.77 21.775 71.33 -7.2731 -0.19589
0.98191 33.134 100.98 21.641 71.369 -7.2652 -0.19648
0.98208 33.314 101 21.503 71.421 -7.2572 -0.19781
0.98225 33.509 100.85 21.373 71.483 -7.2533 -0.19993
0.98241 33.71 100.56 21.259 71.551 -7.2584 -0.20293
0.98254 33.911 100.16 21.172 71.622 -7.278 -0.2069
0.98263 34.106 99.691 21.12 71.689 -7.3169 -0.21193
0.98266 34.29 99.199 21.109 71.749 -7.3795 -0.2181
0.98259 34.458 98.728 21.143 71.797 -7.4686 -0.22543
0.98242 34.61 98.32 21.224 71.83 -7.5851 -0.23393
0.98213 34.743 98.007 21.352 71.844 -7.7278 -0.24348
0.98171 34.859 97.812 21.525 71.84 -7.8927 -0.25392
0.98115 34.957 97.745 21.738 71.816 -8.0734 -0.26498
0.98048 35.041 97.805 21.984 71.774 -8.2611 -0.27629
0.97969 35.111 97.981 22.258 71.716 -8.4449 -0.28744
0.97884 35.168 98.253 22.549 71.645 -8.6127 -0.29791
0.97794 35.214 98.592 22.851 71.564 -8.7518 -0.30718
0.97704 35.249 98.967 23.153 71.478 -8.8499 -0.3147
0.9762 35.273 99.349 23.447 71.391 -8.8959 -0.31996
0.97544 35.287 99.708 23.727 71.307 -8.8808 -0.32249
0.97482 35.29 100.02 23.985 71.23 -8.7988 -0.32191
0.97435 35.283 100.28 24.216 71.164 -8.6475 -0.31795
0.97408 35.267 100.46 24.416 71.111 -8.4286 -0.31048
0.974 35.242 100.58 24.583 71.073 -8.1478 -0.29952
0.9741 35.212 100.63 24.716 71.052 -7.8147 -0.2852
0.97439 35.176 100.64 24.816 71.047 -7.4423 -0.26782
0.97482 35.138 100.61 24.885 71.058 -7.0463 -0.2478
0.97536 35.099 100.55 24.928 71.082 -6.6441 -0.22565
0.97598 35.062 100.49 24.948 71.117 -6.2538 -0.20197
0.97663 35.028 100.41 24.951 71.16 -5.8931 -0.17739
0.97728 34.999 100.33 24.944 71.206 -5.578 -0.15257
0.9779 34.974 100.24 24.933 71.254 -5.3224 -0.12813
0.97846 34.955 100.13 24.924 71.298 -5.1364 -0.10467
0.97893 34.939 99.979 24.922 71.335 -5.0265 -0.082702
0.97932 34.927 99.787 24.931 71.364 -4.995 -0.062673
0.97961 34.917 99.54 24.956 71.381 -5.0399 -0.044928
0.97981 34.909 99.238 24.996 71.385 -5.1553 -0.02972
0.97994 34.902 98.886 25.053 71.377 -5.3319 -0.01721
0.98 34.895 98.499 25.124 71.355 -5.5574 -0.0074791
0.98001 34.887 98.099 25.207 71.322 -5.818 -0.00053696
0.97999 34.88 97.716 25.297 71.278 -6.0984 0.0036618
0.97995 34.875 97.384 25.39 71.226 -6.3836 0.0052042
0.97988 34.871 97.139 25.478 71.167 -6.6595 0.0042064
0.97981 34.872 97.01 25.557 71.104 -6.9132 0.00080426
0.97971 34.878 97.024 25.622 71.04 -7.1344 -0.0048514
0.97959 34.891 97.193 25.668 70.976 -7.3153 -0.012596
0.97943 34.914 97.518 25.693 70.916 -7.4509 -0.022246
0.97922 34.948 97.987 25.696 70.862 -7.5391 -0.033595
0.97894 34.995 98.574 25.678 70.817 -7.5806 -0.0464
0.97858 35.055 99.24 25.642 70.781 -7.5784 -0.060374
0.97813 35.13 99.939 25.594 70.758 -7.5377 -0.07518
0.9776 35.219 100.62 25.538 70.75 -7.4647 -0.090418
0.97699 35.322 101.23 25.483 70.756 -7.3669 -0.10564
0.97631 35.436 101.72 25.436 70.78 -7.2519 -0.12033
0.97559 35.56 102.07 25.404 70.82 -7.1271 -0.13395
0.97486 35.69 102.24 25.395 70.878 -6.9993 -0.14594
0.97415 35.823 102.24 25.411 70.951 -6.8744 -0.15576
0.9735 35.955 102.07 25.458 71.038 -6.7571 -0.16289
0.97296 36.083 101.76 25.535 71.138 -6.6509 -0.1669
0.97254 36.205 101.36 25.64 71.248 -6.5578 -0.16748
0.97229 36.317 100.92 25.768 71.363 -6.4789 -0.16443
0.97222 36.417 100.48 25.914 71.48 -6.4142 -0.15775
0.97234 36.504 100.11 26.067 71.595 -6.3628 -0.1476
0.97265 36.578 99.859 26.218 71.703 -6.3234 -0.13434
0.97314 36.638 99.754 26.357 71.8 -6.2945 -0.11848
0.97378 36.684 99.822 26.472 71.883 -6.2745 -0.10072
0.97452 36.716 100.07 26.555 71.947 -6.2619 -0.081887
0.97534 36.736 100.48 26.597 71.989 -6.2555 -0.062873
0.97616 36.744 101.01 26.594 72.008 -6.2545 -0.044623
0.97694 36.742 101.63 26.545 72.001 -6.2583 -0.028056
0.97762 36.729 102.27 26.449 71.969 -6.2665 -0.014022
0.97817 36.709 102.86 26.313 71.913 -6.2789 -0.0032378
0.97855 36.682 103.33 26.144 71.834 -6.2953 0.0037538
0.97873 36.649 103.61 25.953 71.736 -6.315 0.0066258
0.9787 36.614 103.66 25.754 71.624 -6.337 0.0052928
0.97846 36.576 103.41 25.561 71.502 -6.36 -7.7258e-05
0.97803 36.539 102.87 25.39 71.377 -6.3818 -0.0090659
0.97743 36.502 102.04 25.254 71.255 -6.3997 -0.021023
0.97669 36.469 100.93 25.168 71.142 -6.4106 -0.035101
0.97584 36.439 99.599 25.14 71.044 -6.4111 -0.050299
0.97491 36.414 98.113 25.178 70.966 -6.3979 -0.065526
0.97393 36.395 96.552 25.285 70.912 -6.368 -0.07966
0.97293 36.382 94.999 25.461 70.885 -6.3193 -0.09162
0.97192 36.375 93.541 25.698 70.884 -6.2508 -0.10043
0.97092 36.375 92.255 25.988 70.911 -6.1633 -0.10529
0.96993 36.381 91.205 26.316 70.96 -6.0593 -0.10563
0.96895 36.394 90.436 26.667 71.028 -5.9435 -0.10115
0.96799 36.411 89.972 27.022 71.11 -5.8229 -0.091839
0.96705 36.431 89.814 27.362 71.198 -5.7063 -0.078011
0.96615 36.453 89.94 27.667 71.286 -5.6044 -0.060279
0.96529 36.475 90.313 27.922 71.366 -5.5288 -0.039533
0.9645 36.495 90.879 28.11 71.433 -5.4917 -0.016898
0.96381 36.512 91.58 28.221 71.48 -5.5048 0.0063274
0.96325 36.523 92.352 28.249 71.504 -5.5785 0.028743
0.96285 36.528 93.136 28.192 71.503 -5.7209 0.048927
0.96264 36.526 93.88 28.053 71.477 -5.9366 0.065524
0.96263 36.518 94.544 27.842 71.428 -6.2265 0.077327
0.96285 36.505 95.097 27.57 71.358 -6.5868 0.083355
0.96328 36.489 95.527 27.254 71.272 -7.0088 0.082924
0.9639 36.473 95.832 26.913 71.177 -7.4791 0.075692
0.96469 36.46 96.023 26.567 71.078 -7.9796 0.061695
0.9656 36.454 96.121 26.235 70.983 -8.489 0.041353
0.96659 36.459 96.157 25.937 70.897 -8.9829 0.015457
0.9676 36.479 96.165 25.687 70.827 -9.4361 -0.014871
0.96859 36.515 96.181 25.499 70.776 -9.8232 -0.048233
0.96952 36.571 96.241 25.379 70.748 -10.121 -0.083036
0.97035 36.646 96.379 25.33 70.744 -10.31 -0.11758
0.97107 36.741 96.62 25.349 70.763 -10.374 -0.15016
0.97166 36.853 96.98 25.43 70.803 -10.304 -0.17915
0.97213 36.981 97.467 25.562 70.86 -10.098 -0.20314
0.97247 37.121 98.073 25.73 70.928 -9.7592 -0.22096
0.9727 37.267 98.78 25.92 71.002 -9.2994 -0.23179
0.97283 37.416 99.557 26.114 71.075 -8.7353 -0.23521
0.97286 37.563 100.36 26.3 71.14 -8.0892 -0.23116
0.97279 37.703 101.15 26.463 71.192 -7.3869 -0.22002
0.97262 37.832 101.86 26.596 71.226 -6.6562 -0.2025
0.97234 37.948 102.44 26.693 71.24 -5.9255 -0.17965
0.97195 38.048 102.85 26.754 71.232 -5.2216 -0.15274
0.97144 38.133 103.04 26.781 71.204 -4.5684 -0.12318
0.97081 38.201 103 26.784 71.157 -3.9857 -0.092457
0.97006 38.257 102.7 26.773 71.096 -3.4881 -0.062001
0.96922 38.3 102.17 26.759 71.026 -3.0848 -0.033121
0.9683 38.336 101.42 26.757 70.953 -2.7793 -0.0069219
0.96734 38.366 100.51 26.778 70.884 -2.5699 0.015752
0.96641 38.395 99.472 26.833 70.825 -2.4505 0.034351
0.96556 38.426 98.389 26.927 70.781 -2.4116 0.048631
0.96484 38.46 97.328 27.065 70.757 -2.4412 0.058647
0.9643 38.499 96.357 27.244 70.753 -2.5266 0.064714
0.96401 38.541 95.538 27.458 70.771 -2.6549 0.067361
0.96397 38.584 94.921 27.697 70.808 -2.8146 0.06727
0.9642 38.626 94.537 27.949 70.861 -2.9956 0.065202
0.96468 38.661 94.4 28.198 70.925 -3.1903 0.061932
0.96537 38.683 94.498 28.428 70.994 -3.3933 0.058184
0.9662 38.688 94.802 28.627 71.06 -3.6011 0.05458
0.9671 38.668 95.265 28.781 71.118 -3.812 0.051596
0.96797 38.62 95.826 28.884 71.162 -4.025 0.04955
0.96873 38.542 96.417 28.931 71.187 -4.2394 0.04859
0.96929 38.434 96.972 28.925 71.192 -4.454 0.048715
0.96959 38.297 97.43 28.872 71.175 -4.6664 0.049798
0.96959 38.139 97.746 28.786 71.138 -4.8726 0.051626
0.96927 37.97 97.891 28.681 71.085 -5.0671 0.053945
0.96865 37.801 97.856 28.577 71.019 -5.2424 0.056501
0.96777 37.647 97.653 28.493 70.947 -5.3901 0.059086
0.96668 37.524 97.314 28.449 70.873 -5.501 0.061564
0.96547 37.448 96.884 28.462 70.803 -5.5661 0.063894
0.96423 37.433 96.418 28.546 70.741 -5.5775 0.06614
0.96304 37.491 95.973 28.71 70.693 -5.5293 0.068456
0.96199 37.628 95.603 28.957 70.659 -5.4184 0.071079
0.96113 37.847 95.354 29.284 70.639 -5.2449 0.074286
0.96053 38.143 95.257 29.683 70.634 -5.0128 0.078368
0.9602 38.505 95.331 30.14 70.641 -4.7298 0.083586
0.96016 38.916 95.576 30.635 70.656 -4.4073 0.09013
0.96039 39.355 95.975 31.146 70.675 -4.0593 0.09809
0.96085 39.797 96.502 31.65 70.694 -3.7019 0.10743
0.96151 40.213 97.118 32.123 70.708 -3.3525 0.11795
0.9623 40.577 97.778 32.541 70.715 -3.0279 0.12934
0.96316 40.863 98.435 32.885 70.712 -2.7437 0.14113
0.96402 41.048 99.044 33.14 70.697 -2.5131 0.15272
0.96484 41.117 99.566 33.294 70.669 -2.3457 0.16345
0.96556 41.059 99.97 33.342 70.629 -2.2475 0.17261
0.96615 40.872 100.23 33.285 70.579 -2.2197 0.17948
0.96659 40.564 100.35 33.127 70.52 -2.2596 0.18338
0.96686 40.147 100.32 32.881 70.454 -2.3604 0.18375
0.96699 39.645 100.16 32.561 70.385 -2.5122 0.18012
0.96699 39.083 99.891 32.185 70.314 -2.7026 0.17223
0.96689 38.495 99.537 31.774 70.242 -2.9181 0.15997
