//co2 data for study 14
steady: none
chosen_param: SaO2sup, Pa_CO2, P_a, Vmca_d, TOI_d, HbT_d, CCO_d
time_step: 1.0
******
0.99003 42.773 78.088 32.92 68.788 0.002618 0.002592
0.98953 42.264 77.709 32.697 68.952 -0.24129 -0.030899
0.98904 41.769 77.307 32.487 69.113 -0.47719 -0.064424
0.98859 41.305 76.879 32.302 69.269 -0.69537 -0.097494
0.98819 40.887 76.426 32.152 69.418 -0.88701 -0.12957
0.98787 40.526 75.952 32.044 69.559 -1.0446 -0.16007
0.98762 40.231 75.467 31.985 69.691 -1.1626 -0.18839
0.98746 40.007 74.984 31.974 69.815 -1.2373 -0.21395
0.9874 39.853 74.523 32.012 69.931 -1.2677 -0.23619
0.98741 39.767 74.101 32.094 70.04 -1.2547 -0.25465
0.98751 39.742 73.743 32.213 70.143 -1.2019 -0.269
0.98766 39.772 73.469 32.36 70.241 -1.1146 -0.27908
0.98788 39.846 73.297 32.525 70.334 -0.99997 -0.28492
0.98812 39.955 73.245 32.697 70.421 -0.86624 -0.28679
0.98839 40.088 73.322 32.867 70.5 -0.72239 -0.2852
0.98865 40.235 73.534 33.025 70.57 -0.5775 -0.28085
0.98891 40.389 73.878 33.164 70.63 -0.44023 -0.27469
0.98913 40.541 74.346 33.278 70.678 -0.31833 -0.26777
0.98932 40.687 74.924 33.365 70.713 -0.2182 -0.26125
0.98946 40.82 75.595 33.424 70.735 -0.14457 -0.2563
0.98955 40.939 76.337 33.455 70.745 -0.10028 -0.25401
0.98959 41.041 77.126 33.463 70.743 -0.086255 -0.25533
0.98957 41.127 77.939 33.451 70.733 -0.10152 -0.26097
0.98949 41.198 78.751 33.425 70.717 -0.14341 -0.27136
0.98937 41.255 79.54 33.39 70.7 -0.20789 -0.28659
0.98921 41.3 80.286 33.352 70.685 -0.28986 -0.3064
0.98903 41.338 80.971 33.314 70.675 -0.38366 -0.33018
0.98883 41.371 81.58 33.281 70.672 -0.48346 -0.35702
0.98862 41.402 82.101 33.253 70.677 -0.58368 -0.38575
0.98841 41.435 82.523 33.231 70.693 -0.6794 -0.415
0.98822 41.472 82.84 33.214 70.716 -0.76661 -0.44336
0.98805 41.515 83.05 33.201 70.747 -0.84243 -0.4694
0.98792 41.565 83.153 33.187 70.782 -0.90519 -0.49186
0.98782 41.621 83.154 33.17 70.82 -0.95441 -0.50966
0.98776 41.682 83.06 33.147 70.857 -0.9907 -0.52204
0.98774 41.747 82.884 33.114 70.891 -1.0155 -0.5286
0.98776 41.811 82.637 33.069 70.92 -1.031 -0.52932
0.98782 41.872 82.335 33.011 70.943 -1.0395 -0.52457
0.98791 41.924 81.993 32.94 70.959 -1.0434 -0.51511
0.98802 41.965 81.624 32.857 70.969 -1.0451 -0.50197
0.98816 41.991 81.239 32.767 70.973 -1.046 -0.48645
0.98832 42 80.846 32.672 70.972 -1.0475 -0.46996
0.98848 41.989 80.45 32.576 70.968 -1.0499 -0.45395
0.98864 41.958 80.052 32.486 70.964 -1.0529 -0.4398
0.9888 41.909 79.651 32.406 70.96 -1.0558 -0.42871
0.98894 41.845 79.244 32.341 70.958 -1.0574 -0.42162
0.98906 41.768 78.828 32.293 70.96 -1.0563 -0.41914
0.98915 41.683 78.401 32.265 70.967 -1.051 -0.42153
0.9892 41.596 77.961 32.258 70.98 -1.0403 -0.42866
0.98922 41.51 77.509 32.271 70.999 -1.0236 -0.44004
0.9892 41.432 77.049 32.302 71.024 -1.0006 -0.45487
0.98915 41.364 76.585 32.348 71.053 -0.9717 -0.47207
0.98906 41.31 76.125 32.403 71.085 -0.93806 -0.49042
0.98894 41.272 75.677 32.464 71.118 -0.9013 -0.5086
0.98881 41.249 75.248 32.524 71.15 -0.86346 -0.5253
0.98866 41.242 74.846 32.581 71.178 -0.82686 -0.53935
0.9885 41.249 74.477 32.629 71.201 -0.79383 -0.54976
0.98835 41.267 74.147 32.666 71.215 -0.76649 -0.55579
0.98822 41.292 73.857 32.69 71.221 -0.74651 -0.55705
0.98812 41.321 73.612 32.701 71.216 -0.73499 -0.55345
0.98804 41.351 73.413 32.699 71.203 -0.73225 -0.54526
0.98801 41.377 73.262 32.687 71.18 -0.73784 -0.53304
0.98802 41.397 73.164 32.667 71.151 -0.75051 -0.51762
0.98807 41.409 73.124 32.641 71.117 -0.76835 -0.50004
0.98816 41.41 73.148 32.612 71.08 -0.7889 -0.48146
0.98829 41.398 73.242 32.582 71.042 -0.8094 -0.46305
0.98844 41.375 73.412 32.552 71.006 -0.82702 -0.44599
0.9886 41.339 73.662 32.523 70.973 -0.83917 -0.43128
0.98877 41.291 73.992 32.493 70.944 -0.84368 -0.41977
0.98894 41.234 74.396 32.462 70.92 -0.83907 -0.41205
0.98908 41.168 74.866 32.426 70.901 -0.82473 -0.40845
0.98921 41.096 75.383 32.382 70.887 -0.80095 -0.40902
0.9893 41.022 75.928 32.328 70.877 -0.76897 -0.41352
0.98935 40.946 76.474 32.261 70.869 -0.73089 -0.42149
0.98936 40.873 76.992 32.179 70.863 -0.68956 -0.43226
0.98934 40.805 77.454 32.079 70.855 -0.6483 -0.44503
0.98928 40.745 77.833 31.963 70.846 -0.61066 -0.45892
0.98918 40.695 78.105 31.832 70.833 -0.58015 -0.47304
0.98906 40.657 78.253 31.688 70.815 -0.55991 -0.48656
0.98893 40.633 78.268 31.535 70.792 -0.55246 -0.49878
0.98878 40.624 78.15 31.378 70.765 -0.55949 -0.50913
0.98864 40.63 77.907 31.224 70.734 -0.58169 -0.51724
0.9885 40.651 77.557 31.079 70.702 -0.61868 -0.52293
0.98837 40.686 77.124 30.949 70.669 -0.66906 -0.5262
0.98826 40.733 76.639 30.839 70.641 -0.73047 -0.52723
0.98817 40.79 76.135 30.754 70.619 -0.79978 -0.52631
0.98811 40.854 75.646 30.698 70.607 -0.87336 -0.52384
0.98807 40.922 75.203 30.671 70.608 -0.94732 -0.52025
0.98805 40.991 74.835 30.674 70.624 -1.0178 -0.51595
0.98805 41.057 74.564 30.705 70.656 -1.0813 -0.51134
0.98806 41.116 74.401 30.759 70.705 -1.1348 -0.5067
0.98808 41.166 74.355 30.831 70.77 -1.176 -0.50226
0.9881 41.204 74.423 30.913 70.848 -1.2035 -0.49816
0.98812 41.229 74.593 30.997 70.937 -1.2166 -0.49443
0.98813 41.24 74.852 31.075 71.033 -1.2157 -0.4911
0.98814 41.236 75.176 31.137 71.131 -1.2013 -0.48817
0.98814 41.219 75.541 31.175 71.226 -1.1749 -0.48569
0.98813 41.19 75.918 31.182 71.314 -1.138 -0.48378
0.98813 41.151 76.279 31.151 71.39 -1.0922 -0.48267
0.98812 41.105 76.595 31.08 71.45 -1.0388 -0.48273
0.98812 41.055 76.841 30.967 71.49 -0.97891 -0.48445
0.98814 41.003 76.995 30.811 71.508 -0.91333 -0.48844
0.98817 40.951 77.039 30.617 71.503 -0.84229 -0.49537
0.98821 40.903 76.965 30.39 71.475 -0.76573 -0.50591
0.98828 40.859 76.769 30.137 71.425 -0.68337 -0.52069
0.98837 40.82 76.459 29.868 71.355 -0.59486 -0.54013
0.98847 40.787 76.047 29.594 71.269 -0.50003 -0.56445
0.98858 40.76 75.555 29.326 71.171 -0.39908 -0.59353
0.98869 40.739 75.007 29.077 71.068 -0.29278 -0.62689
0.9888 40.724 74.429 28.858 70.964 -0.18259 -0.66362
0.98891 40.716 73.847 28.68 70.866 -0.070765 -0.70243
0.98901 40.713 73.286 28.551 70.778 0.039735 -0.74169
0.98908 40.715 72.764 28.479 70.708 0.14531 -0.77948
0.98914 40.723 72.298 28.47 70.658 0.24196 -0.81371
0.98918 40.738 71.898 28.525 70.633 0.32555 -0.84233
0.9892 40.758 71.572 28.644 70.632 0.39212 -0.86337
0.9892 40.784 71.325 28.825 70.658 0.43831 -0.87522
0.98919 40.818 71.161 29.062 70.708 0.46161 -0.8767
0.98917 40.858 71.085 29.349 70.778 0.4607 -0.86723
0.98914 40.904 71.1 29.675 70.863 0.43564 -0.84691
0.98912 40.956 71.211 30.032 70.958 0.38797 -0.81654
0.9891 41.013 71.423 30.407 71.056 0.32069 -0.77763
0.9891 41.074 71.735 30.79 71.149 0.23813 -0.73232
0.9891 41.135 72.147 31.168 71.231 0.14564 -0.68326
0.98913 41.197 72.651 31.531 71.297 0.049304 -0.63345
0.98916 41.255 73.237 31.87 71.342 -0.044577 -0.586
0.98921 41.308 73.885 32.175 71.363 -0.1299 -0.54398
0.98926 41.354 74.571 32.44 71.362 -0.20126 -0.51011
0.98931 41.39 75.268 32.66 71.339 -0.25435 -0.48665
0.98937 41.414 75.944 32.83 71.298 -0.2863 -0.47517
0.98941 41.426 76.568 32.949 71.244 -0.29592 -0.47642
0.98944 41.424 77.11 33.017 71.183 -0.28381 -0.49033
0.98945 41.407 77.548 33.034 71.121 -0.25224 -0.51595
0.98943 41.377 77.865 33.003 71.064 -0.20506 -0.55156
0.98939 41.332 78.055 32.927 71.017 -0.14731 -0.59474
0.98933 41.274 78.124 32.811 70.985 -0.084847 -0.64263
0.98925 41.205 78.084 32.66 70.97 -0.023864 -0.69206
0.98915 41.125 77.96 32.478 70.972 0.029629 -0.73985
0.98904 41.038 77.779 32.274 70.992 0.070278 -0.783
0.98893 40.945 77.573 32.052 71.025 0.093818 -0.81889
0.98883 40.849 77.372 31.819 71.069 0.097413 -0.84552
0.98873 40.752 77.204 31.583 71.119 0.079875 -0.8616
0.98866 40.657 77.085 31.349 71.17 0.041751 -0.86661
0.98861 40.567 77.027 31.124 71.216 -0.014739 -0.86083
0.98858 40.482 77.03 30.914 71.255 -0.085888 -0.8453
0.98858 40.406 77.083 30.723 71.283 -0.16681 -0.82169
0.9886 40.34 77.171 30.556 71.299 -0.25185 -0.79214
0.98864 40.284 77.269 30.418 71.301 -0.33502 -0.7591
0.98869 40.24 77.353 30.309 71.292 -0.41049 -0.72509
0.98875 40.208 77.4 30.232 71.273 -0.47302 -0.69255
0.98882 40.188 77.388 30.187 71.247 -0.51839 -0.6636
0.98888 40.181 77.304 30.173 71.218 -0.54365 -0.63996
0.98893 40.186 77.141 30.188 71.189 -0.54738 -0.62276
0.98896 40.205 76.9 30.23 71.164 -0.5297 -0.61256
0.98898 40.237 76.592 30.296 71.144 -0.49227 -0.60932
0.98898 40.283 76.232 30.382 71.134 -0.43809 -0.61243
0.98897 40.344 75.842 30.485 71.133 -0.37122 -0.62085
0.98894 40.418 75.445 30.601 71.142 -0.29646 -0.63319
0.9889 40.508 75.063 30.727 71.161 -0.21891 -0.64789
0.98885 40.611 74.718 30.861 71.188 -0.14362 -0.66337
0.98879 40.727 74.426 31 71.221 -0.075178 -0.67817
0.98874 40.854 74.197 31.143 71.258 -0.017366 -0.69106
0.98868 40.988 74.033 31.289 71.295 0.027066 -0.70117
0.98863 41.127 73.933 31.436 71.329 0.056576 -0.70802
0.98859 41.267 73.887 31.583 71.359 0.070886 -0.71153
0.98857 41.401 73.884 31.728 71.381 0.070935 -0.71204
0.98856 41.525 73.908 31.87 71.395 0.058738 -0.71017
0.98856 41.633 73.944 32.004 71.4 0.037171 -0.70679
0.98858 41.721 73.982 32.129 71.395 0.0096905 -0.7029
0.98862 41.785 74.011 32.239 71.383 -0.019972 -0.6995
0.98866 41.822 74.028 32.329 71.364 -0.048122 -0.69749
0.98871 41.831 74.031 32.394 71.341 -0.071393 -0.69758
0.98876 41.812 74.026 32.427 71.315 -0.086995 -0.70023
0.98881 41.767 74.017 32.425 71.29 -0.092907 -0.70555
0.98885 41.699 74.013 32.383 71.267 -0.087988 -0.7134
0.98888 41.613 74.02 32.297 71.247 -0.072022 -0.72329
0.98889 41.515 74.043 32.168 71.232 -0.045685 -0.73453
0.98889 41.41 74.085 31.995 71.223 -0.01045 -0.74624
0.98886 41.304 74.143 31.783 71.219 0.031561 -0.75747
0.98881 41.203 74.213 31.537 71.22 0.077763 -0.76728
0.98875 41.111 74.286 31.266 71.225 0.1253 -0.77479
0.98868 41.033 74.35 30.981 71.234 0.17127 -0.77932
0.9886 40.97 74.393 30.692 71.245 0.21285 -0.78038
0.98851 40.923 74.401 30.413 71.257 0.24753 -0.77775
0.98843 40.892 74.365 30.157 71.271 0.27319 -0.77144
0.98836 40.875 74.274 29.937 71.285 0.28816 -0.76173
0.98829 40.871 74.124 29.766 71.299 0.29133 -0.74909
0.98825 40.876 73.915 29.652 71.314 0.28209 -0.73418
0.98823 40.886 73.65 29.603 71.328 0.26037 -0.71773
0.98822 40.9 73.338 29.623 71.342 0.22655 -0.70054
0.98824 40.913 72.991 29.715 71.355 0.18146 -0.6834
0.98828 40.924 72.62 29.875 71.369 0.12631 -0.66703
0.98833 40.932 72.241 30.098 71.381 0.062621 -0.65205
0.9884 40.935 71.866 30.376 71.393 -0.0077943 -0.63899
0.98848 40.934 71.506 30.699 71.403 -0.082879 -0.62821
0.98856 40.929 71.17 31.054 71.412 -0.16038 -0.61999
0.98864 40.92 70.867 31.427 71.418 -0.23787 -0.61445
0.98871 40.908 70.599 31.803 71.421 -0.31282 -0.61165
0.98877 40.895 70.37 32.167 71.421 -0.38265 -0.61155
0.98881 40.881 70.181 32.508 71.417 -0.44479 -0.61406
0.98884 40.866 70.034 32.812 71.411 -0.49681 -0.61905
0.98885 40.851 69.927 33.071 71.4 -0.53648 -0.62636
0.98884 40.835 69.861 33.275 71.385 -0.56195 -0.6358
0.98882 40.819 69.835 33.421 71.367 -0.57184 -0.64713
0.98879 40.8 69.85 33.507 71.344 -0.5654 -0.6601
0.98875 40.779 69.902 33.534 71.318 -0.5426 -0.67437
0.98871 40.755 69.991 33.504 71.287 -0.5042 -0.68955
0.98868 40.727 70.112 33.423 71.252 -0.45186 -0.70519
0.98866 40.696 70.263 33.3 71.212 -0.38807 -0.72075
0.98865 40.661 70.439 33.143 71.17 -0.31613 -0.73562
0.98865 40.623 70.637 32.961 71.123 -0.24003 -0.74915
0.98866 40.583 70.856 32.767 71.075 -0.16426 -0.76067
0.98867 40.541 71.096 32.569 71.025 -0.093595 -0.76951
0.98869 40.5 71.359 32.378 70.975 -0.032844 -0.77508
0.9887 40.459 71.649 32.204 70.926 0.01346 -0.77688
0.98871 40.42 71.971 32.054 70.881 0.04133 -0.77457
0.98871 40.384 72.328 31.933 70.842 0.047606 -0.76799
0.98871 40.351 72.725 31.848 70.81 0.030183 -0.75721
0.98869 40.321 73.162 31.8 70.788 -0.011808 -0.74253
0.98868 40.295 73.64 31.791 70.777 -0.077901 -0.72451
0.98866 40.273 74.155 31.819 70.781 -0.16627 -0.70391
0.98865 40.257 74.7 31.882 70.801 -0.27381 -0.6817
0.98865 40.246 75.269 31.976 70.836 -0.39626 -0.65897
0.98866 40.244 75.852 32.094 70.888 -0.52847 -0.6369
0.98869 40.25 76.441 32.232 70.956 -0.66464 -0.61666
0.98873 40.268 77.029 32.38 71.038 -0.79872 -0.59938
0.98879 40.297 77.609 32.532 71.132 -0.92471 -0.58603
0.98886 40.341 78.178 32.68 71.235 -1.037 -0.57738
0.98894 40.397 78.731 32.816 71.342 -1.1309 -0.57397
0.98903 40.468 79.266 32.933 71.451 -1.2024 -0.57605
0.98912 40.55 79.78 33.026 71.555 -1.249 -0.58359
0.98921 40.641 80.269 33.089 71.652 -1.2694 -0.59626
0.9893 40.736 80.728 33.12 71.735 -1.2636 -0.61351
0.98937 40.832 81.149 33.116 71.803 -1.2331 -0.63458
0.98943 40.922 81.524 33.078 71.851 -1.1803 -0.65856
0.98946 41 81.845 33.007 71.878 -1.1088 -0.68446
0.98948 41.061 82.103 32.907 71.882 -1.0226 -0.7113
0.98946 41.101 82.29 32.783 71.865 -0.92626 -0.73815
0.98942 41.117 82.405 32.639 71.826 -0.82437 -0.76418
0.98935 41.109 82.449 32.482 71.77 -0.72126 -0.78874
0.98925 41.078 82.43 32.32 71.698 -0.62082 -0.81132
0.98913 41.029 82.358 32.159 71.616 -0.52625 -0.83161
0.98899 40.968 82.252 32.007 71.528 -0.43999 -0.84945
0.98883 40.903 82.131 31.87 71.438 -0.36364 -0.86483
0.98867 40.844 82.015 31.754 71.351 -0.298 -0.87781
0.98851 40.8 81.924 31.663 71.27 -0.24319 -0.88848
0.98836 40.78 81.873 31.601 71.198 -0.19876 -0.89696
0.98822 40.791 81.868 31.57 71.139 -0.16395 -0.90328
0.9881 40.839 81.911 31.57 71.093 -0.13782 -0.90739
0.988 40.927 81.992 31.602 71.062 -0.11953 -0.90914
0.98792 41.052 82.096 31.662 71.047 -0.10842 -0.90828
0.98786 41.213 82.2 31.749 71.048 -0.10419 -0.90447
0.98781 41.401 82.279 31.857 71.064 -0.1069 -0.89732
0.98777 41.607 82.309 31.981 71.094 -0.11699 -0.88646
0.98774 41.821 82.271 32.116 71.138 -0.13515 -0.87155
0.9877 42.029 82.152 32.254 71.193 -0.16219 -0.85243
0.98766 42.221 81.948 32.39 71.258 -0.1988 -0.8291
0.98762 42.385 81.665 32.516 71.329 -0.24538 -0.80179
0.98758 42.512 81.32 32.626 71.404 -0.30174 -0.77104
0.98755 42.595 80.936 32.716 71.476 -0.36698 -0.73765
0.98754 42.63 80.541 32.78 71.543 -0.43931 -0.70269
0.98755 42.615 80.167 32.814 71.599 -0.51596 -0.66746
0.98759 42.553 79.841 32.817 71.64 -0.59326 -0.63346
0.98767 42.446 79.585 32.789 71.663 -0.66677 -0.60225
0.98779 42.302 79.416 32.73 71.666 -0.73147 -0.57542
0.98794 42.128 79.342 32.642 71.648 -0.78214 -0.55441
0.98813 41.935 79.359 32.529 71.609 -0.81374 -0.5405
0.98834 41.731 79.459 32.395 71.553 -0.82186 -0.53463
0.98856 41.526 79.625 32.247 71.482 -0.80317 -0.53738
0.98878 41.331 79.836 32.087 71.402 -0.75588 -0.54888
0.98898 41.154 80.067 31.923 71.318 -0.68009 -0.5688
0.98915 41.002 80.294 31.758 71.235 -0.57803 -0.59632
0.98929 40.881 80.495 31.596 71.158 -0.45425 -0.63018
0.98939 40.796 80.65 31.439 71.092 -0.31551 -0.66874
0.98944 40.748 80.743 31.289 71.04 -0.17065 -0.71006
0.98945 40.738 80.765 31.146 71.004 -0.030153 -0.752
0.98941 40.762 80.71 31.009 70.986 0.094368 -0.79233
0.98935 40.818 80.58 30.879 70.985 0.19087 -0.82889
0.98925 40.897 80.38 30.755 71 0.24765 -0.85969
0.98914 40.994 80.122 30.637 71.029 0.25418 -0.88304
0.98903 41.098 79.821 30.528 71.07 0.20194 -0.89765
0.98891 41.2 79.496 30.43 71.12 0.085156 -0.90272
0.9888 41.29 79.166 30.35 71.175 -0.098558 -0.89798
0.98869 41.361 78.854 30.295 71.232 -0.34778 -0.88372
0.9886 41.405 78.578 30.277 71.289 -0.65706 -0.86076
0.98852 41.418 78.357 30.306 71.344 -1.017 -0.83044
0.98844 41.398 78.204 30.396 71.394 -1.4145 -0.79447
0.98836 41.349 78.131 30.558 71.439 -1.8335 -0.75493
0.98829 41.274 78.141 30.804 71.479 -2.2557 -0.71406
0.9882 41.183 78.238 31.142 71.514 -2.6616 -0.67414
0.9881 41.087 78.417 31.576 71.546 -3.0317 -0.63741
0.98798 40.999 78.673 32.106 71.574 -3.3476 -0.60585
0.98784 40.933 78.996 32.725 71.602 -3.5932 -0.58116
0.98768 40.902 79.374 33.418 71.63 -3.7559 -0.56457
0.9875 40.916 79.791 34.164 71.658 -3.8271 -0.55688
0.9873 40.981 80.233 34.937 71.689 -3.803 -0.55834
0.98708 41.099 80.678 35.702 71.72 -3.6847 -0.56872
0.98685 41.264 81.106 36.424 71.751 -3.4783 -0.5873
0.98661 41.463 81.494 37.061 71.78 -3.1943 -0.61298
0.98638 41.676 81.816 37.574 71.806 -2.847 -0.64436
0.98616 41.877 82.046 37.927 71.825 -2.4537 -0.67982
0.98597 42.035 82.159 38.085 71.835 -2.0331 -0.71768
0.98581 42.114 82.131 38.024 71.833 -1.6048 -0.75627
0.98571 42.08 81.941 37.727 71.817 -1.1874 -0.79406
0.98566 41.9 81.572 37.187 71.786 -0.79779 -0.82972
0.98568 41.547 81.016 36.409 71.738 -0.45022 -0.86219
0.98578 41.003 80.271 35.41 71.673 -0.15528 -0.89073
0.98596 40.261 79.343 34.217 71.592 0.080302 -0.91488
0.9862 39.325 78.248 32.866 71.497 0.2539 -0.93449
0.98652 38.214 77.012 31.401 71.39 0.36683 -0.94963
0.98688 36.957 75.666 29.872 71.276 0.42399 -0.9606
0.98728 35.597 74.251 28.332 71.159 0.43318 -0.96778
0.9877 34.183 72.811 26.83 71.043 0.40431 -0.97165
0.98811 32.769 71.394 25.417 70.935 0.34854 -0.97266
0.98849 31.41 70.047 24.136 70.84 0.27734 -0.97124
0.98884 30.158 68.814 23.021 70.762 0.20163 -0.9677
0.98913 29.057 67.736 22.099 70.705 0.13095 -0.96226
0.98935 28.14 66.846 21.387 70.674 0.072946 -0.95502
0.98952 27.43 66.167 20.889 70.67 0.032833 -0.94597
0.98962 26.934 65.715 20.6 70.694 0.01325 -0.93503
0.98966 26.648 65.495 20.508 70.745 0.014218 -0.92206
0.98965 26.555 65.503 20.59 70.821 0.033337 -0.90689
0.98961 26.628 65.726 20.818 70.917 0.066139 -0.88937
0.98955 26.835 66.143 21.159 71.03 0.10658 -0.8694
0.98947 27.137 66.727 21.58 71.152 0.14761 -0.84692
0.9894 27.496 67.449 22.046 71.279 0.18179 -0.82197
0.98933 27.876 68.275 22.524 71.402 0.2019 -0.79471
0.98928 28.245 69.17 22.985 71.517 0.20149 -0.76533
0.98925 28.575 70.1 23.403 71.618 0.17535 -0.73418
0.98923 28.849 71.034 23.759 71.7 0.11985 -0.70162
0.98923 29.055 71.941 24.038 71.761 0.03316 -0.66813
0.98924 29.19 72.797 24.232 71.798 -0.084659 -0.63421
0.98924 29.256 73.579 24.339 71.811 -0.23173 -0.60039
0.98925 29.26 74.272 24.36 71.801 -0.40452 -0.56723
0.98925 29.214 74.863 24.301 71.77 -0.59814 -0.53528
0.98924 29.133 75.347 24.172 71.72 -0.80667 -0.50509
0.98921 29.028 75.721 23.984 71.655 -1.0236 -0.47716
0.98918 28.914 75.988 23.752 71.579 -1.242 -0.45195
0.98913 28.802 76.152 23.49 71.494 -1.4554 -0.42986
0.98909 28.701 76.224 23.211 71.405 -1.6575 -0.41121
0.98904 28.615 76.212 22.929 71.316 -1.8429 -0.39623
0.989 28.548 76.129 22.656 71.229 -2.0072 -0.38504
0.98897 28.5 75.987 22.403 71.146 -2.1468 -0.37763
0.98895 28.469 75.799 22.177 71.071 -2.2595 -0.37387
0.98895 28.451 75.576 21.987 71.004 -2.3439 -0.37351
0.98897 28.441 75.332 21.836 70.946 -2.3998 -0.37614
0.98901 28.434 75.077 21.727 70.899 -2.4275 -0.38126
0.98907 28.427 74.822 21.661 70.861 -2.4281 -0.38826
0.98914 28.415 74.575 21.636 70.833 -2.4034 -0.39646
0.98922 28.395 74.347 21.65 70.814 -2.3553 -0.40514
0.9893 28.366 74.144 21.698 70.801 -2.286 -0.41357
0.98938 28.327 73.972 21.775 70.794 -2.1977 -0.42106
0.98945 28.28 73.836 21.874 70.791 -2.0929 -0.427
0.98951 28.225 73.74 21.988 70.789 -1.974 -0.43087
0.98955 28.167 73.685 22.11 70.788 -1.8433 -0.43231
0.98958 28.107 73.671 22.232 70.785 -1.7032 -0.43111
0.98959 28.05 73.698 22.348 70.778 -1.5561 -0.42723
0.98958 27.999 73.764 22.45 70.767 -1.4045 -0.42079
0.98955 27.958 73.865 22.534 70.751 -1.2509 -0.41207
0.98951 27.928 73.998 22.596 70.728 -1.0978 -0.4015
0.98947 27.915 74.157 22.633 70.699 -0.94789 -0.38957
0.98941 27.918 74.336 22.643 70.665 -0.80355 -0.37689
0.98935 27.94 74.53 22.629 70.625 -0.66723 -0.36406
0.98929 27.981 74.73 22.59 70.582 -0.54112 -0.35169
0.98924 28.042 74.932 22.53 70.537 -0.42718 -0.34034
0.98919 28.122 75.127 22.454 70.491 -0.32699 -0.3305
0.98916 28.218 75.312 22.364 70.445 -0.24171 -0.32257
0.98914 28.328 75.482 22.267 70.402 -0.17202 -0.31686
0.98913 28.448 75.635 22.165 70.362 -0.11812 -0.31355
0.98914 28.572 75.772 22.064 70.326 -0.079711 -0.31274
0.98917 28.694 75.895 21.965 70.292 -0.056012 -0.31444
0.98921 28.807 76.006 21.872 70.261 -0.045848 -0.3186
0.98927 28.902 76.11 21.785 70.231 -0.047714 -0.32508
0.98934 28.972 76.21 21.705 70.2 -0.059882 -0.33374
0.98942 29.007 76.308 21.631 70.168 -0.080503 -0.3444
0.98951 29.002 76.405 21.561 70.133 -0.10772 -0.35685
0.9896 28.95 76.501 21.495 70.095 -0.13978 -0.37088
0.98969 28.849 76.595 21.432 70.054 -0.17512 -0.38626
0.98977 28.696 76.684 21.37 70.009 -0.21242 -0.40275
0.98985 28.495 76.766 21.31 69.963 -0.25069 -0.42007
0.98991 28.253 76.84 21.253 69.916 -0.28928 -0.43793
0.98995 27.978 76.905 21.2 69.872 -0.32782 -0.45599
0.98996 27.685 76.962 21.155 69.833 -0.36628 -0.47388
0.98995 27.391 77.011 21.122 69.801 -0.40482 -0.49119
0.98992 27.114 77.055 21.104 69.779 -0.44379 -0.50751
0.98985 26.877 77.094 21.105 69.769 -0.4836 -0.52241
0.98975 26.698 77.132 21.129 69.774 -0.52465 -0.5355
0.98963 26.597 77.171 21.178 69.795 -0.56723 -0.54642
0.98949 26.59 77.217 21.255 69.831 -0.61146 -0.5549
0.98932 26.686 77.275 21.358 69.883 -0.65723 -0.56077
0.98916 26.89 77.352 21.484 69.949 -0.70418 -0.56396
0.98899 27.199 77.457 21.629 70.027 -0.75166 -0.56453
0.98882 27.601 77.602 21.787 70.114 -0.79881 -0.56268
0.98868 28.078 77.797 21.948 70.203 -0.84458 -0.55871
0.98857 28.604 78.053 22.102 70.291 -0.88781 -0.55302
0.98849 29.149 78.379 22.241 70.373 -0.92733 -0.54606
0.98844 29.678 78.778 22.352 70.441 -0.96209 -0.53833
0.98844 30.159 79.251 22.428 70.492 -0.99125 -0.53027
0.98848 30.559 79.789 22.46 70.52 -1.0143 -0.52232
0.98856 30.853 80.379 22.444 70.523 -1.0311 -0.51478
0.98867 31.02 80.997 22.378 70.499 -1.042 -0.50787
0.98881 31.049 81.615 22.262 70.449 -1.0479 -0.50166
0.98896 30.939 82.201 22.101 70.375 -1.0498 -0.4961
0.98912 30.699 82.721 21.903 70.28 -1.0496 -0.49103
0.98928 30.344 83.141 21.678 70.17 -1.0491 -0.4862
0.98942 29.9 83.435 21.44 70.051 -1.0503 -0.48132
0.98955 29.398 83.585 21.203 69.929 -1.0552 -0.47609
0.98967 28.871 83.583 20.981 69.812 -1.0655 -0.47026
0.98975 28.353 83.433 20.788 69.707 -1.0828 -0.46367
0.98982 27.876 83.155 20.637 69.618 -1.1076 -0.45629
0.98987 27.467 82.773 20.538 69.551 -1.1401 -0.44823
0.98989 27.147 82.326 20.497 69.508 -1.1796 -0.43974
0.9899 26.93 81.853 20.518 69.492 -1.2246 -0.43123
0.98989 26.822 81.393 20.599 69.503 -1.2728 -0.42323
0.98988 26.821 80.985 20.738 69.54 -1.3211 -0.41633
0.98985 26.917 80.659 20.925 69.599 -1.366 -0.41115
0.98981 27.097 80.436 21.149 69.678 -1.4038 -0.40827
0.98977 27.341 80.328 21.398 69.772 -1.4306 -0.40818
0.98972 27.628 80.336 21.657 69.874 -1.4429 -0.41123
0.98966 27.936 80.454 21.911 69.98 -1.4376 -0.41758
0.98959 28.245 80.665 22.145 70.082 -1.4127 -0.42716
0.98953 28.535 80.949 22.348 70.175 -1.367 -0.43969
0.98945 28.79 81.282 22.508 70.252 -1.301 -0.45467
0.98938 28.998 81.639 22.618 70.309 -1.2161 -0.47142
0.98931 29.152 81.997 22.674 70.34 -1.1154 -0.48912
0.98924 29.247 82.333 22.675 70.343 -1.0032 -0.50686
0.98917 29.284 82.631 22.623 70.317 -0.88501 -0.52375
0.98911 29.266 82.878 22.525 70.26 -0.76692 -0.53892
0.98906 29.199 83.068 22.389 70.176 -0.65557 -0.55162
0.98902 29.093 83.199 22.226 70.067 -0.55755 -0.56129
0.98898 28.956 83.277 22.046 69.938 -0.47895 -0.56757
0.98895 28.801 83.308 21.862 69.795 -0.42491 -0.57034
0.98893 28.636 83.307 21.687 69.645 -0.39915 -0.56974
0.98892 28.474 83.287 21.53 69.495 -0.40369 -0.56612
0.98891 28.324 83.262 21.401 69.354 -0.43857 -0.56004
0.9889 28.195 83.247 21.307 69.227 -0.50176 -0.55224
0.9889 28.094 83.252 21.254 69.122 -0.58923 -0.54354
0.98889 28.026 83.284 21.242 69.044 -0.69518 -0.53485
0.98889 27.997 83.347 21.273 68.995 -0.81237 -0.52706
0.98888 28.006 83.442 21.343 68.977 -0.9327 -0.52101
0.98888 28.055 83.565 21.448 68.99 -1.0478 -0.51743
0.98888 28.139 83.708 21.583 69.032 -1.1495 -0.51692
0.98887 28.255 83.862 21.739 69.099 -1.2311 -0.51992
0.98887 28.395 84.016 21.911 69.186 -1.2872 -0.52666
0.98888 28.554 84.159 22.089 69.287 -1.3149 -0.53719
0.98888 28.721 84.279 22.266 69.395 -1.3137 -0.55138
0.9889 28.889 84.366 22.437 69.505 -1.2862 -0.56891
0.98892 29.049 84.411 22.595 69.609 -1.2375 -0.58928
0.98894 29.195 84.409 22.735 69.703 -1.1755 -0.61188
0.98897 29.32 84.355 22.855 69.78 -1.1101 -0.63595
0.989 29.422 84.252 22.953 69.837 -1.0525 -0.66064
0.98903 29.497 84.103 23.026 69.872 -1.0147 -0.68506
0.98906 29.548 83.916 23.076 69.883 -1.0082 -0.70824
0.98908 29.574 83.701 23.103 69.87 -1.0434 -0.72927
0.98909 29.58 83.471 23.108 69.834 -1.1286 -0.74722
0.9891 29.57 83.241 23.094 69.779 -1.269 -0.76128
0.98909 29.548 83.025 23.061 69.708 -1.4664 -0.77073
0.98908 29.52 82.838 23.012 69.625 -1.7189 -0.77501
0.98906 29.488 82.693 22.949 69.537 -2.0203 -0.77375
0.98903 29.456 82.603 22.873 69.447 -2.3609 -0.76679
0.989 29.425 82.577 22.787 69.363 -2.7278 -0.7542
0.98897 29.396 82.622 22.691 69.287 -3.1052 -0.7363
0.98894 29.368 82.742 22.588 69.225 -3.4761 -0.71365
0.98893 29.338 82.934 22.479 69.179 -3.8229 -0.68703
0.98892 29.305 83.194 22.365 69.151 -4.1285 -0.65741
0.98893 29.266 83.509 22.248 69.14 -4.3778 -0.62589
0.98895 29.217 83.866 22.129 69.146 -4.5585 -0.59368
0.98899 29.157 84.245 22.011 69.166 -4.6621 -0.56198
0.98903 29.085 84.626 21.894 69.196 -4.6845 -0.53195
0.98909 29 84.99 21.782 69.232 -4.6262 -0.50463
0.98916 28.904 85.318 21.676 69.268 -4.4927 -0.48089
0.98923 28.8 85.596 21.578 69.302 -4.2939 -0.46135
0.9893 28.69 85.815 21.491 69.327 -4.0438 -0.44636
0.98937 28.578 85.971 21.417 69.341 -3.7594 -0.43599
0.98943 28.471 86.066 21.356 69.341 -3.4601 -0.43001
0.98948 28.374 86.107 21.312 69.327 -3.166 -0.42792
0.98952 28.291 86.104 21.285 69.298 -2.8972 -0.42898
0.98953 28.228 86.069 21.277 69.257 -2.6723 -0.43227
0.98953 28.19 86.014 21.288 69.205 -2.5075 -0.43674
0.98951 28.18 85.952 21.319 69.147 -2.4155 -0.44131
0.98946 28.202 85.893 21.368 69.087 -2.4049 -0.44491
0.98939 28.256 85.843 21.436 69.028 -2.4796 -0.44658
0.9893 28.345 85.806 21.52 68.976 -2.6386 -0.44555
0.9892 28.467 85.784 21.619 68.932 -2.8762 -0.44124
0.98908 28.619 85.772 21.729 68.9 -3.1822 -0.43337
0.98896 28.798 85.765 21.847 68.881 -3.5426 -0.42194
0.98883 28.998 85.755 21.968 68.876 -3.9402 -0.40725
0.9887 29.214 85.733 22.089 68.882 -4.3557 -0.38987
0.98858 29.437 85.688 22.205 68.899 -4.7688 -0.37064
0.98847 29.66 85.612 22.311 68.924 -5.1591 -0.35058
0.98838 29.873 85.498 22.403 68.952 -5.5074 -0.33087
0.98831 30.069 85.343 22.476 68.982 -5.7965 -0.31273
0.98827 30.239 85.148 22.528 69.01 -6.0124 -0.29738
0.98824 30.377 84.917 22.556 69.032 -6.1447 -0.28595
0.98824 30.477 84.659 22.558 69.049 -6.1875 -0.27942
0.98826 30.536 84.386 22.535 69.057 -6.1393 -0.27852
0.98829 30.553 84.112 22.488 69.058 -6.0034 -0.28374
0.98835 30.527 83.855 22.42 69.052 -5.7873 -0.29524
0.98842 30.462 83.63 22.333 69.04 -5.5028 -0.31288
0.9885 30.362 83.45 22.233 69.023 -5.1649 -0.33622
0.9886 30.234 83.328 22.125 69.004 -4.791 -0.36451
0.9887 30.086 83.27 22.014 68.984 -4.4004 -0.39676
0.9888 29.926 83.278 21.906 68.965 -4.0127 -0.43178
0.98891 29.762 83.352 21.807 68.949 -3.647 -0.46827
0.98901 29.605 83.485 21.722 68.936 -3.3209 -0.50482
0.9891 29.462 83.669 21.656 68.928 -3.0498 -0.54008
0.98917 29.341 83.891 21.612 68.923 -2.8456 -0.57272
0.98922 29.249 84.142 21.593 68.922 -2.7168 -0.60158
0.98924 29.19 84.41 21.6 68.924 -2.6675 -0.62568
0.98923 29.168 84.686 21.633 68.928 -2.6979 -0.64425
0.98917 29.184 84.961 21.692 68.933 -2.804 -0.65681
0.98908 29.237 85.232 21.776 68.938 -2.9782 -0.66314
0.98894 29.325 85.495 21.882 68.94 -3.2095 -0.6633
0.98877 29.443 85.749 22.006 68.939 -3.4847 -0.65764
0.98858 29.585 85.993 22.146 68.934 -3.7888 -0.64675
0.98836 29.742 86.226 22.296 68.925 -4.106 -0.63145
0.98814 29.908 86.45 22.455 68.911 -4.4204 -0.61278
0.98792 30.074 86.664 22.616 68.892 -4.7174 -0.59191
0.98772 30.232 86.868 22.776 68.871 -4.9835 -0.5701
0.98754 30.374 87.063 22.931 68.848 -5.2078 -0.5487
0.98739 30.497 87.249 23.077 68.826 -5.3818 -0.52902
0.98728 30.597 87.428 23.211 68.806 -5.4999 -0.51234
0.98721 30.672 87.598 23.33 68.79 -5.5597 -0.4998
0.98718 30.723 87.758 23.43 68.782 -5.5614 -0.4924
0.98718 30.754 87.907 23.51 68.781 -5.5078 -0.49091
0.98721 30.768 88.039 23.567 68.789 -5.4043 -0.49587
0.98726 30.771 88.151 23.601 68.807 -5.2576 -0.50751
0.98734 30.767 88.235 23.61 68.832 -5.076 -0.52579
0.98744 30.761 88.285 23.596 68.863 -4.8682 -0.55034
0.98755 30.756 88.295 23.558 68.899 -4.6433 -0.58052
0.98768 30.755 88.261 23.5 68.936 -4.4099 -0.61539
0.98782 30.759 88.18 23.422 68.972 -4.1757 -0.65378
0.98797 30.766 88.054 23.33 69.005 -3.9475 -0.69434
0.98813 30.774 87.883 23.226 69.033 -3.7308 -0.73559
0.9883 30.781 87.674 23.115 69.053 -3.5295 -0.776
0.98848 30.781 87.43 23.002 69.066 -3.3463 -0.81405
0.98865 30.773 87.159 22.893 69.07 -3.1824 -0.84832
0.98882 30.751 86.867 22.791 69.066 -3.0381 -0.87756
0.98898 30.715 86.56 22.702 69.055 -2.9125 -0.90074
0.98912 30.663 86.244 22.63 69.038 -2.8045 -0.91711
0.98924 30.597 85.922 22.577 69.017 -2.7122 -0.92624
0.98934 30.517 85.601 22.547 68.992 -2.6341 -0.92804
0.98941 30.428 85.286 22.539 68.964 -2.5684 -0.92276
0.98946 30.333 84.986 22.555 68.935 -2.5141 -0.91097
0.98948 30.238 84.709 22.593 68.905 -2.4702 -0.8935
0.98947 30.148 84.464 22.652 68.873 -2.4365 -0.87145
0.98945 30.068 84.262 22.73 68.841 -2.4132 -0.84605
0.9894 30.004 84.11 22.823 68.807 -2.4009 -0.81866
0.98934 29.961 84.014 22.928 68.772 -2.4005 -0.79061
0.98927 29.94 83.972 23.042 68.737 -2.413 -0.76321
0.98919 29.946 83.979 23.163 68.701 -2.4393 -0.73759
0.98909 29.98 84.022 23.288 68.667 -2.48 -0.71468
0.98899 30.042 84.081 23.415 68.637 -2.5355 -0.69518
0.98888 30.131 84.132 23.541 68.611 -2.6056 -0.67947
0.98876 30.246 84.151 23.667 68.594 -2.6895 -0.66761
0.98863 30.386 84.113 23.79 68.588 -2.7857 -0.65938
0.9885 30.548 83.999 23.91 68.594 -2.8925 -0.65425
0.98836 30.729 83.8 24.023 68.613 -3.0073 -0.65147
0.98823 30.925 83.514 24.129 68.646 -3.1276 -0.65008
0.9881 31.132 83.152 24.224 68.693 -3.2506 -0.64904
0.98798 31.347 82.734 24.304 68.749 -3.3734 -0.64724
0.98788 31.561 82.287 24.363 68.812 -3.4938 -0.64365
0.9878 31.768 81.844 24.396 68.876 -3.6098 -0.63734
0.98775 31.959 81.434 24.395 68.937 -3.72 -0.62763
0.98773 32.123 81.085 24.356 68.987 -3.824 -0.61405
0.98776 32.247 80.813 24.271 69.022 -3.9219 -0.59647
0.98782 32.32 80.627 24.135 69.037 -4.0149 -0.57508
0.98792 32.328 80.52 23.945 69.028 -4.1046 -0.55039
0.98805 32.26 80.477 23.701 68.993 -4.1934 -0.52321
0.98822 32.107 80.47 23.403 68.932 -4.284 -0.49461
0.9884 31.863 80.468 23.056 68.848 -4.3793 -0.46582
0.9886 31.529 80.433 22.667 68.744 -4.482 -0.43819
0.98881 31.108 80.331 22.248 68.627 -4.5947 -0.41307
0.989 30.613 80.131 21.811 68.504 -4.7194 -0.39171
0.98918 30.059 79.811 21.373 68.384 -4.8571 -0.37519
0.98934 29.471 79.359 20.95 68.276 -5.0081 -0.36431
0.98946 28.873 78.777 20.559 68.189 -5.1719 -0.35954
0.98956 28.293 78.078 20.217 68.132 -5.3465 -0.36099
0.98962 27.761 77.287 19.94 68.112 -5.5294 -0.36838
0.98965 27.301 76.442 19.739 68.133 -5.7169 -0.38107
0.98966 26.933 75.584 19.624 68.197 -5.9045 -0.39812
0.98963 26.673 74.763 19.601 68.305 -6.0873 -0.41831
0.98959 26.526 74.027 19.669 68.453 -6.2602 -0.4403
0.98954 26.492 73.42 19.825 68.636 -6.4177 -0.46269
0.98947 26.561 72.978 20.061 68.846 -6.5549 -0.48412
0.98941 26.719 72.731 20.366 69.073 -6.667 -0.50345
0.98934 26.945 72.692 20.723 69.307 -6.7502 -0.51975
0.98927 27.218 72.866 21.116 69.536 -6.8017 -0.53245
0.98921 27.513 73.247 21.525 69.749 -6.8195 -0.54134
0.98916 27.811 73.816 21.933 69.938 -6.8032 -0.5466
0.98912 28.092 74.552 22.32 70.092 -6.7536 -0.54877
0.98908 28.343 75.426 22.671 70.205 -6.6728 -0.54869
0.98904 28.558 76.407 22.972 70.272 -6.5642 -0.54743
0.98902 28.733 77.467 23.212 70.292 -6.4322 -0.54619
0.98899 28.871 78.576 23.384 70.264 -6.2822 -0.54615
0.98897 28.98 79.708 23.485 70.19 -6.1202 -0.54841
0.98896 29.069 80.837 23.514 70.075 -5.9523 -0.55387
0.98895 29.151 81.943 23.474 69.925 -5.785 -0.56312
0.98895 29.235 83.005 23.37 69.749 -5.6238 -0.57638
0.98895 29.331 84.005 23.211 69.553 -5.4738 -0.59352
0.98896 29.444 84.928 23.005 69.348 -5.3388 -0.61402
0.98897 29.577 85.762 22.763 69.142 -5.2214 -0.63703
0.989 29.726 86.496 22.495 68.944 -5.1225 -0.66144
0.98902 29.885 87.125 22.212 68.761 -5.0414 -0.68598
0.98906 30.044 87.648 21.924 68.599 -4.9757 -0.70931
0.9891 30.19 88.066 21.64 68.465 -4.9217 -0.73016
0.98913 30.309 88.388 21.37 68.359 -4.8744 -0.74743
0.98916 30.388 88.625 21.121 68.286 -4.8277 -0.76026
0.98918 30.415 88.792 20.903 68.244 -4.7754 -0.76813
0.98918 30.384 88.903 20.721 68.232 -4.7111 -0.7709
0.98916 30.29 88.975 20.582 68.247 -4.6289 -0.76877
0.98911 30.135 89.023 20.493 68.288 -4.5241 -0.76233
0.98904 29.927 89.058 20.459 68.348 -4.3933 -0.75243
0.98894 29.679 89.089 20.483 68.424 -4.2348 -0.74013
0.98881 29.406 89.123 20.571 68.512 -4.0491 -0.72661
0.98866 29.128 89.159 20.724 68.606 -3.8385 -0.71305
0.98849 28.865 89.198 20.943 68.704 -3.6076 -0.70057
0.98832 28.639 89.233 21.227 68.802 -3.3625 -0.69006
0.98814 28.469 89.261 21.574 68.897 -3.1109 -0.6822
0.98797 28.368 89.274 21.978 68.987 -2.8614 -0.67737
0.98781 28.349 89.268 22.432 69.071 -2.6229 -0.67565
0.98769 28.418 89.237 22.928 69.147 -2.4043 -0.67683
0.9876 28.574 89.181 23.454 69.215 -2.2138 -0.68045
0.98754 28.812 89.099 23.997 69.274 -2.058 -0.6859
0.98753 29.124 88.997 24.544 69.324 -1.9421 -0.69245
0.98756 29.495 88.88 25.082 69.365 -1.8692 -0.69935
0.98763 29.909 88.757 25.596 69.399 -1.8399 -0.70593
0.98773 30.349 88.64 26.074 69.424 -1.853 -0.71164
0.98784 30.796 88.538 26.506 69.443 -1.9048 -0.71613
0.98797 31.232 88.46 26.881 69.455 -1.9899 -0.71925
0.9881 31.643 88.414 27.194 69.461 -2.1015 -0.7211
0.98822 32.016 88.402 27.442 69.462 -2.2318 -0.72196
0.98833 32.342 88.424 27.624 69.458 -2.3726 -0.72227
0.9884 32.615 88.475 27.743 69.451 -2.5157 -0.72258
0.98844 32.833 88.546 27.805 69.441 -2.6538 -0.72347
0.98844 32.996 88.628 27.818 69.428 -2.7803 -0.72551
0.98841 33.109 88.71 27.791 69.413 -2.8903 -0.72914
0.98833 33.176 88.785 27.737 69.396 -2.9803 -0.73466
0.98822 33.203 88.846 27.666 69.376 -3.0487 -0.74218
0.98809 33.197 88.893 27.591 69.355 -3.0955 -0.75157
0.98793 33.166 88.929 27.523 69.331 -3.1221 -0.76254
0.98776 33.116 88.959 27.472 69.304 -3.1315 -0.77459
0.98759 33.054 88.993 27.444 69.275 -3.1272 -0.78708
0.98742 32.985 89.039 27.448 69.242 -3.1136 -0.79929
0.98726 32.915 89.104 27.485 69.206 -3.0952 -0.81048
0.98712 32.851 89.191 27.557 69.167 -3.0763 -0.81996
0.98699 32.798 89.299 27.663 69.125 -3.0606 -0.82714
0.98689 32.761 89.418 27.801 69.08 -3.0513 -0.8316
0.98681 32.748 89.535 27.965 69.033 -3.0504 -0.83312
0.98674 32.763 89.631 28.152 68.986 -3.0592 -0.83168
0.98668 32.814 89.685 28.354 68.939 -3.0777 -0.82751
0.98663 32.906 89.676 28.566 68.893 -3.1051 -0.821
0.98658 33.043 89.584 28.782 68.85 -3.14 -0.81274
0.98651 33.23 89.397 29 68.81 -3.1803 -0.8034
0.98644 33.469 89.106 29.215 68.774 -3.2237 -0.79373
0.98634 33.758 88.71 29.427 68.742 -3.2678 -0.78445
0.98623 34.094 88.217 29.635 68.716 -3.3102 -0.77623
0.9861 34.472 87.641 29.84 68.694 -3.3492 -0.76959
0.98594 34.883 87.002 30.046 68.678 -3.3835 -0.76489
0.98576 35.315 86.324 30.256 68.665 -3.4121 -0.76231
0.98556 35.754 85.634 30.473 68.657 -3.4351 -0.7618
0.98534 36.185 84.962 30.7 68.651 -3.4529 -0.76313
0.9851 36.59 84.339 30.941 68.649 -3.4666 -0.76589
0.98484 36.955 83.793 31.196 68.647 -3.4775 -0.76953
0.98456 37.262 83.355 31.465 68.646 -3.4874 -0.77342
0.98426 37.5 83.05 31.746 68.645 -3.4978 -0.77692
0.98395 37.656 82.903 32.036 68.642 -3.5105 -0.77942
0.98362 37.722 82.93 32.328 68.637 -3.5268 -0.7804
0.9833 37.696 83.144 32.614 68.63 -3.5476 -0.77947
0.98297 37.578 83.546 32.887 68.621 -3.5735 -0.77643
0.98266 37.371 84.127 33.137 68.609 -3.6045 -0.77125
0.98236 37.086 84.868 33.356 68.595 -3.6403 -0.76411
0.98207 36.735 85.737 33.537 68.58 -3.68 -0.75534
0.9818 36.336 86.693 33.673 68.565 -3.7225 -0.74541
0.98155 35.91 87.689 33.76 68.551 -3.7665 -0.73489
0.98131 35.476 88.671 33.799 68.54 -3.8107 -0.72438
0.98107 35.06 89.587 33.792 68.533 -3.8538 -0.71445
0.98084 34.682 90.387 33.743 68.531 -3.8948 -0.7056
0.98061 34.364 91.033 33.662 68.536 -3.933 -0.6982
0.98038 34.122 91.493 33.558 68.549 -3.9681 -0.69243
0.98015 33.968 91.754 33.446 68.569 -4 -0.68831
0.97992 33.911 91.813 33.337 68.596 -4.0293 -0.68566
0.97971 33.952 91.683 33.245 68.63 -4.0565 -0.68409
0.9795 34.089 91.387 33.182 68.668 -4.0827 -0.68309
0.97931 34.311 90.96 33.158 68.708 -4.1086 -0.68204
0.97913 34.607 90.44 33.181 68.749 -4.1353 -0.68025
0.97895 34.96 89.869 33.255 68.787 -4.1633 -0.67707
0.97875 35.352 89.288 33.38 68.819 -4.1932 -0.6719
0.97852 35.762 88.734 33.554 68.843 -4.2249 -0.66429
0.97822 36.173 88.239 33.771 68.856 -4.2581 -0.65399
0.97782 36.568 87.827 34.021 68.856 -4.292 -0.64097
0.97727 36.933 87.512 34.295 68.84 -4.3254 -0.62544
0.97653 37.259 87.301 34.58 68.808 -4.357 -0.60785
0.97555 37.538 87.191 34.865 68.757 -4.3852 -0.58888
0.9743 37.767 87.172 35.14 68.687 -4.4086 -0.56941
0.97273 37.944 87.229 35.397 68.596 -4.4261 -0.55041
0.97079 38.071 87.34 35.63 68.485 -4.4366 -0.53294
0.96846 38.149 87.484 35.837 68.354 -4.4398 -0.51801
0.96571 38.179 87.639 36.018 68.204 -4.4359 -0.50656
0.96252 38.161 87.784 36.177 68.037 -4.4259 -0.49934
0.95888 38.094 87.905 36.321 67.854 -4.4111 -0.49686
0.95482 37.976 87.994 36.457 67.658 -4.3936 -0.49936
0.95036 37.802 88.047 36.596 67.452 -4.3756 -0.50678
0.94555 37.568 88.069 36.746 67.241 -4.3596 -0.51875
0.94048 37.27 88.069 36.917 67.027 -4.3481 -0.5346
0.93524 36.906 88.061 37.113 66.816 -4.3432 -0.55346
0.92997 36.476 88.059 37.34 66.611 -4.3466 -0.57426
0.92479 35.986 88.077 37.598 66.418 -4.3589 -0.59584
0.91986 35.446 88.126 37.885 66.239 -4.3803 -0.61703
0.91533 34.873 88.214 38.195 66.08 -4.4098 -0.63676
0.91134 34.288 88.339 38.522 65.941 -4.4453 -0.65407
0.90799 33.719 88.497 38.854 65.826 -4.4842 -0.66827
0.90536 33.197 88.674 39.182 65.735 -4.523 -0.6789
0.90347 32.754 88.855 39.496 65.668 -4.558 -0.6858
0.90231 32.421 89.017 39.786 65.623 -4.5852 -0.68912
0.90179 32.227 89.138 40.044 65.598 -4.601 -0.68925
0.90176 32.194 89.199 40.267 65.587 -4.6021 -0.68681
0.90205 32.334 89.182 40.454 65.587 -4.5863 -0.68258
0.90243 32.651 89.077 40.607 65.592 -4.5525 -0.67741
0.9027 33.135 88.883 40.73 65.595 -4.5007 -0.67216
0.90265 33.766 88.609 40.834 65.59 -4.4322 -0.66761
0.9021 34.515 88.273 40.928 65.572 -4.3497 -0.66439
0.90096 35.345 87.902 41.025 65.537 -4.2571 -0.66292
0.8992 36.215 87.53 41.135 65.482 -4.1591 -0.66341
0.89688 37.084 87.194 41.27 65.408 -4.0611 -0.6658
0.89415 37.914 86.931 41.438 65.318 -3.9688 -0.66982
0.89124 38.672 86.774 41.644 65.216 -3.8878 -0.67498
0.88846 39.333 86.749 41.891 65.11 -3.8233 -0.68064
0.88613 39.88 86.871 42.176 65.01 -3.7796 -0.68609
0.88461 40.306 87.146 42.492 64.927 -3.7599 -0.69059
0.8842 40.611 87.567 42.829 64.87 -3.7664 -0.69348
0.88516 40.803 88.116 43.173 64.849 -3.7995 -0.69421
0.88768 40.897 88.766 43.508 64.873 -3.8584 -0.69244
0.89181 40.909 89.483 43.817 64.946 -3.9407 -0.68806
0.89751 40.861 90.228 44.081 65.07 -4.0428 -0.68122
0.90461 40.773 90.962 44.284 65.244 -4.16 -0.67232
0.91283 40.665 91.647 44.413 65.461 -4.2867 -0.662
0.92181 40.557 92.25 44.455 65.713 -4.417 -0.6511
0.93113 40.464 92.743 44.405 65.989 -4.5444 -0.64058
0.94035 40.4 93.107 44.261 66.277 -4.6628 -0.6315
0.94905 40.375 93.328 44.025 66.564 -4.7663 -0.62488
0.95687 40.396 93.402 43.706 66.837 -4.8498 -0.62167
0.96351 40.467 93.333 43.316 67.085 -4.909 -0.62265
0.96878 40.587 93.13 42.872 67.301 -4.9406 -0.6284
0.9726 40.753 92.806 42.394 67.477 -4.9426 -0.63921
0.97498 40.959 92.381 41.903 67.612 -4.9144 -0.65507
0.97605 41.197 91.874 41.422 67.705 -4.8565 -0.67568
0.97597 41.454 91.307 40.972 67.758 -4.7708 -0.70043
0.97499 41.719 90.703 40.572 67.777 -4.6602 -0.72844
0.97337 41.978 90.082 40.241 67.768 -4.5291 -0.75863
0.97136 42.216 89.464 39.992 67.738 -4.3823 -0.78974
0.96919 42.422 88.863 39.832 67.694 -4.2256 -0.8204
0.96706 42.584 88.294 39.768 67.642 -4.0654 -0.84925
0.96511 42.694 87.767 39.797 67.589 -3.9078 -0.87497
0.96344 42.745 87.29 39.914 67.539 -3.7595 -0.89633
0.9621 42.735 86.867 40.108 67.496 -3.6262 -0.91232
0.96111 42.667 86.502 40.367 67.463 -3.5135 -0.92212
0.96045 42.546 86.196 40.674 67.44 -3.426 -0.92521
0.96006 42.381 85.95 41.009 67.428 -3.3672 -0.92134
0.95992 42.182 85.764 41.354 67.426 -3.3393 -0.91057
0.95997 41.963 85.637 41.69 67.436 -3.3434 -0.89325
0.96016 41.737 85.567 42 67.455 -3.3791 -0.87002
0.96048 41.519 85.551 42.269 67.484 -3.4445 -0.84176
0.96088 41.319 85.584 42.485 67.521 -3.5366 -0.80953
0.96136 41.149 85.661 42.639 67.565 -3.6512 -0.77457
0.9619 41.015 85.773 42.73 67.616 -3.7831 -0.73819
0.9625 40.923 85.91 42.755 67.671 -3.9265 -0.70171
0.96315 40.873 86.059 42.721 67.728 -4.0749 -0.66644
0.96383 40.864 86.208 42.635 67.784 -4.2219 -0.63354
0.96452 40.892 86.344 42.509 67.837 -4.3612 -0.60405
0.96518 40.952 86.453 42.356 67.882 -4.4869 -0.57876
0.96579 41.037 86.525 42.19 67.917 -4.5936 -0.55824
0.96631 41.139 86.552 42.027 67.939 -4.6769 -0.54279
0.9667 41.253 86.529 41.88 67.946 -4.7332 -0.53241
0.96693 41.372 86.454 41.761 67.938 -4.7602 -0.52688
0.96699 41.49 86.332 41.681 67.915 -4.7564 -0.52572
0.96685 41.604 86.167 41.645 67.88 -4.7215 -0.52827
0.96654 41.71 85.968 41.656 67.835 -4.6564 -0.53376
0.96605 41.807 85.746 41.713 67.785 -4.5625 -0.5413
0.96544 41.895 85.513 41.812 67.733 -4.4424 -0.55004
0.96472 41.973 85.279 41.943 67.683 -4.2989 -0.55914
0.96395 42.042 85.055 42.097 67.641 -4.1357 -0.56788
0.96317 42.104 84.848 42.261 67.608 -3.9568 -0.5757
0.96244 42.159 84.663 42.422 67.587 -3.7661 -0.58218
0.9618 42.209 84.502 42.567 67.58 -3.5681 -0.5871
0.96127 42.255 84.363 42.685 67.586 -3.3671 -0.5904
0.9609 42.299 84.242 42.768 67.604 -3.1673 -0.59218
0.96071 42.342 84.133 42.808 67.631 -2.9728 -0.59265
0.96071 42.383 84.03 42.805 67.666 -2.7876 -0.59209
0.9609 42.423 83.924 42.76 67.706 -2.6152 -0.59084
0.96129 42.463 83.811 42.677 67.748 -2.4588 -0.5892
0.96186 42.5 83.687 42.565 67.789 -2.3211 -0.58744
0.96261 42.535 83.55 42.436 67.828 -2.2042 -0.58576
0.96351 42.565 83.402 42.3 67.864 -2.1095 -0.58431
0.96454 42.59 83.247 42.171 67.895 -2.0376 -0.58314
0.96567 42.605 83.092 42.061 67.924 -1.9883 -0.58226
0.96689 42.61 82.942 41.978 67.951 -1.9603 -0.58167
0.96817 42.602 82.809 41.93 67.977 -1.9515 -0.58134
0.96949 42.578 82.699 41.92 68.004 -1.959 -0.58131
0.97083 42.537 82.623 41.946 68.035 -1.9791 -0.58165
0.97217 42.477 82.587 42.003 68.071 -2.0074 -0.58251
0.9735 42.397 82.597 42.081 68.113 -2.0392 -0.5841
0.97481 42.298 82.655 42.167 68.162 -2.0696 -0.58671
0.97609 42.181 82.759 42.246 68.218 -2.0942 -0.59063
0.97732 42.048 82.907 42.301 68.279 -2.1086 -0.59614
0.97849 41.903 83.089 42.314 68.346 -2.1095 -0.60346
0.97958 41.75 83.293 42.269 68.415 -2.0945 -0.61269
0.98059 41.595 83.507 42.154 68.484 -2.0624 -0.62376
0.98148 41.443 83.716 41.958 68.552 -2.0134 -0.63643
0.98226 41.299 83.905 41.677 68.617 -1.9487 -0.65024
0.98291 41.169 84.062 41.31 68.677 -1.8712 -0.66454
0.98343 41.058 84.176 40.863 68.731 -1.7845 -0.6785
0.98382 40.969 84.24 40.345 68.779 -1.6933 -0.69118
0.9841 40.905 84.252 39.772 68.822 -1.6025 -0.7016
0.98428 40.867 84.211 39.162 68.861 -1.5173 -0.70881
0.98439 40.854 84.121 38.536 68.897 -1.4426 -0.71196
0.98444 40.865 83.988 37.916 68.933 -1.3829 -0.7104
0.98447 40.898 83.82 37.324 68.97 -1.3415 -0.70375
0.98449 40.948 83.626 36.781 69.01 -1.3208 -0.69193
0.98452 41.013 83.417 36.305 69.056 -1.322 -0.67518
0.98458 41.087 83.205 35.909 69.108 -1.3449 -0.65405
0.98467 41.167 83.002 35.603 69.166 -1.3881 -0.62938
0.98478 41.248 82.822 35.394 69.23 -1.4492 -0.6022
0.98489 41.327 82.677 35.28 69.298 -1.5251 -0.57371
0.98499 41.402 82.582 35.258 69.369 -1.6117 -0.54512
0.98505 41.471 82.548 35.32 69.439 -1.7051 -0.51764
0.98504 41.532 82.583 35.455 69.507 -1.801 -0.49231
