//co2 data for Study 15 _2
steady: none
chosen_param: SaO2sup, Pa_CO2, P_a, Vmca_d, TOI_d, HbT_d, CCO_d
time_step: 1.0
******
0.97356 42.701 109 35.543 79.158 -0.0030067 -0.001434
0.975 42.766 109 35.998 78.94 -0.01085 0.00080452
0.9764 42.831 108.99 36.456 78.724 -0.018035 0.003224
0.97774 42.892 108.96 36.911 78.515 -0.023859 0.0057585
0.97899 42.947 108.89 37.356 78.316 -0.027675 0.0083128
0.98014 42.993 108.78 37.785 78.131 -0.028944 0.010762
0.98116 43.03 108.61 38.19 77.961 -0.027285 0.012954
0.98206 43.057 108.37 38.562 77.808 -0.022514 0.014721
0.98283 43.074 108.07 38.893 77.675 -0.014673 0.015887
0.98347 43.082 107.69 39.173 77.561 -0.0040517 0.016281
0.98399 43.08 107.24 39.396 77.468 0.0088152 0.015759
0.9844 43.072 106.73 39.553 77.396 0.023167 0.014213
0.98471 43.058 106.18 39.639 77.347 0.038052 0.011591
0.98494 43.041 105.61 39.652 77.319 0.052388 0.007906
0.9851 43.022 105.04 39.59 77.314 0.065029 0.0032416
0.9852 43.005 104.5 39.455 77.331 0.074857 -0.0022454
0.98526 42.992 104.01 39.254 77.369 0.080867 -0.0083323
0.98529 42.985 103.61 38.994 77.428 0.082264 -0.014744
0.9853 42.988 103.3 38.689 77.506 0.078552 -0.021172
0.98528 43.001 103.1 38.351 77.6 0.069603 -0.027301
0.98525 43.028 103.03 37.999 77.706 0.05572 -0.032835
0.98521 43.069 103.07 37.649 77.822 0.037666 -0.037527
0.98516 43.125 103.23 37.319 77.943 0.01667 -0.041211
0.98511 43.194 103.49 37.026 78.066 -0.0055979 -0.043824
0.98505 43.274 103.84 36.783 78.186 -0.027076 -0.045425
0.985 43.362 104.26 36.603 78.302 -0.045394 -0.046207
0.98494 43.453 104.72 36.491 78.409 -0.057973 -0.0465
0.98489 43.542 105.22 36.452 78.507 -0.062148 -0.046758
0.98485 43.622 105.73 36.484 78.595 -0.055299 -0.047544
0.98481 43.689 106.22 36.579 78.673 -0.034987 -0.049498
0.98477 43.737 106.69 36.728 78.741 0.00090996 -0.053299
0.98472 43.761 107.12 36.917 78.801 0.054071 -0.059622
0.98467 43.758 107.49 37.13 78.852 0.12562 -0.06909
0.9846 43.726 107.78 37.35 78.896 0.21604 -0.082226
0.98451 43.666 107.98 37.56 78.933 0.32509 -0.099405
0.9844 43.58 108.09 37.745 78.961 0.45178 -0.12081
0.98428 43.47 108.08 37.891 78.978 0.59435 -0.14642
0.98414 43.342 107.94 37.988 78.983 0.75029 -0.17596
0.98399 43.203 107.69 38.031 78.972 0.91639 -0.20891
0.98385 43.058 107.31 38.018 78.943 1.0888 -0.24452
0.98373 42.916 106.81 37.949 78.894 1.2633 -0.28181
0.98365 42.784 106.22 37.831 78.822 1.4351 -0.31964
0.98361 42.666 105.55 37.672 78.727 1.5993 -0.35673
0.98363 42.568 104.83 37.482 78.611 1.7512 -0.39173
0.98372 42.493 104.09 37.271 78.476 1.886 -0.4233
0.98389 42.443 103.37 37.052 78.326 1.9994 -0.45014
0.98411 42.417 102.71 36.833 78.168 2.088 -0.47114
0.9844 42.415 102.11 36.625 78.007 2.1488 -0.48537
0.98472 42.432 101.63 36.434 77.852 2.18 -0.49215
0.98507 42.466 101.26 36.264 77.709 2.181 -0.49113
0.98541 42.511 101.01 36.118 77.587 2.1522 -0.4823
0.98573 42.562 100.9 35.997 77.491 2.0953 -0.46595
0.98599 42.615 100.91 35.898 77.427 2.0133 -0.44274
0.98618 42.666 101.04 35.821 77.397 1.9101 -0.41361
0.98629 42.712 101.27 35.762 77.403 1.7904 -0.37975
0.9863 42.749 101.58 35.72 77.445 1.6598 -0.34251
0.98623 42.776 101.94 35.693 77.519 1.5241 -0.30337
0.98608 42.793 102.35 35.682 77.62 1.3891 -0.26382
0.98586 42.799 102.78 35.686 77.743 1.2606 -0.2253
0.98561 42.797 103.21 35.708 77.881 1.1436 -0.1891
0.98533 42.786 103.63 35.752 78.024 1.0424 -0.15633
0.98507 42.769 104.02 35.822 78.166 0.96003 -0.12781
0.98483 42.749 104.37 35.921 78.298 0.89862 -0.10412
0.98465 42.727 104.67 36.053 78.413 0.85879 -0.085492
0.98453 42.705 104.93 36.22 78.507 0.83993 -0.071893
0.98448 42.686 105.12 36.424 78.576 0.84027 -0.063008
0.98451 42.671 105.26 36.662 78.618 0.85698 -0.0583
0.98461 42.661 105.33 36.931 78.634 0.88647 -0.057056
0.98477 42.658 105.36 37.224 78.626 0.92463 -0.058454
0.98497 42.661 105.34 37.53 78.599 0.96715 -0.061623
0.98522 42.672 105.27 37.839 78.56 1.0098 -0.065713
0.98548 42.689 105.18 38.137 78.514 1.0488 -0.069945
0.98576 42.712 105.06 38.409 78.47 1.0809 -0.073661
0.98603 42.741 104.92 38.641 78.435 1.1038 -0.076355
0.98629 42.772 104.78 38.818 78.416 1.1161 -0.077695
0.98652 42.806 104.65 38.928 78.418 1.1172 -0.077524
0.98674 42.84 104.52 38.961 78.443 1.1078 -0.075855
0.98693 42.872 104.4 38.91 78.493 1.0891 -0.072848
0.98709 42.9 104.31 38.773 78.567 1.0632 -0.068781
0.98723 42.922 104.23 38.55 78.661 1.0327 -0.064016
0.98736 42.937 104.18 38.248 78.768 1.0004 -0.058962
0.98746 42.942 104.14 37.875 78.883 0.96901 -0.054037
0.98755 42.939 104.12 37.446 78.998 0.94118 -0.049633
0.98763 42.925 104.11 36.977 79.105 0.91909 -0.046088
0.98769 42.902 104.11 36.487 79.196 0.90434 -0.043669
0.98773 42.869 104.12 35.995 79.266 0.89783 -0.042547
0.98776 42.827 104.12 35.523 79.311 0.89975 -0.042803
0.98775 42.778 104.11 35.088 79.328 0.90955 -0.04442
0.98773 42.722 104.09 34.708 79.318 0.92601 -0.047295
0.98767 42.663 104.05 34.397 79.281 0.94737 -0.051248
0.98757 42.6 103.99 34.165 79.223 0.97148 -0.056043
0.98744 42.537 103.92 34.018 79.149 0.99594 -0.061402
0.98728 42.473 103.83 33.958 79.065 1.0184 -0.067028
0.98708 42.411 103.74 33.98 78.978 1.0365 -0.072621
0.98685 42.351 103.64 34.078 78.897 1.0484 -0.077901
0.98659 42.295 103.55 34.241 78.825 1.0526 -0.082618
0.98631 42.242 103.47 34.455 78.77 1.0482 -0.086565
0.98603 42.193 103.42 34.704 78.734 1.035 -0.089592
0.98574 42.149 103.41 34.972 78.719 1.0133 -0.091605
0.98547 42.108 103.44 35.241 78.724 0.98409 -0.092571
0.9852 42.071 103.53 35.496 78.748 0.94893 -0.092518
0.98496 42.038 103.68 35.723 78.786 0.90967 -0.091529
0.98475 42.009 103.9 35.912 78.834 0.86851 -0.089734
0.98457 41.984 104.17 36.054 78.886 0.82774 -0.087302
0.98443 41.962 104.5 36.146 78.936 0.78958 -0.084431
0.98433 41.944 104.86 36.187 78.978 0.75608 -0.081332
0.98426 41.929 105.25 36.179 79.009 0.72895 -0.078223
0.98424 41.919 105.63 36.126 79.025 0.70945 -0.07531
0.98424 41.913 106 36.038 79.023 0.69833 -0.072778
0.98428 41.91 106.31 35.922 79.004 0.6958 -0.070778
0.98433 41.912 106.56 35.789 78.968 0.7015 -0.069422
0.9844 41.918 106.71 35.648 78.919 0.71458 -0.068772
0.98447 41.927 106.77 35.51 78.86 0.73374 -0.068839
0.98453 41.941 106.71 35.382 78.796 0.75734 -0.069583
0.98458 41.957 106.55 35.27 78.732 0.78353 -0.070912
0.98461 41.977 106.3 35.181 78.674 0.81034 -0.072694
0.98463 42 105.95 35.115 78.624 0.83586 -0.074765
0.98464 42.025 105.54 35.074 78.587 0.85832 -0.076941
0.98464 42.053 105.08 35.057 78.566 0.87624 -0.079035
0.98465 42.081 104.59 35.06 78.561 0.88847 -0.080873
0.98468 42.111 104.09 35.08 78.573 0.89429 -0.082311
0.98474 42.14 103.58 35.112 78.6 0.89345 -0.083251
0.98485 42.168 103.09 35.151 78.641 0.88615 -0.083648
0.98501 42.194 102.62 35.193 78.693 0.87305 -0.083526
0.98523 42.216 102.17 35.233 78.754 0.85517 -0.082976
0.98549 42.233 101.75 35.268 78.822 0.83389 -0.082153
0.98581 42.244 101.35 35.297 78.894 0.81079 -0.081267
0.98616 42.249 100.99 35.318 78.967 0.78759 -0.080569
0.98652 42.246 100.65 35.332 79.041 0.76601 -0.080326
0.98688 42.237 100.36 35.341 79.112 0.74767 -0.080801
0.9872 42.223 100.1 35.348 79.182 0.73398 -0.082222
0.98748 42.205 99.894 35.356 79.246 0.72604 -0.084759
0.9877 42.185 99.734 35.37 79.306 0.7246 -0.088501
0.98783 42.168 99.627 35.394 79.359 0.72995 -0.093434
0.98786 42.155 99.574 35.431 79.405 0.74196 -0.099435
0.9878 42.152 99.576 35.485 79.441 0.76007 -0.10627
0.98765 42.159 99.631 35.559 79.466 0.78332 -0.11359
0.98741 42.18 99.735 35.652 79.48 0.81042 -0.12096
0.98711 42.216 99.882 35.764 79.481 0.83989 -0.12791
0.98677 42.267 100.06 35.893 79.469 0.8701 -0.1339
0.9864 42.331 100.27 36.034 79.442 0.89944 -0.13843
0.98604 42.406 100.5 36.181 79.403 0.92641 -0.14104
0.98571 42.487 100.73 36.327 79.35 0.94977 -0.14135
0.98544 42.57 100.97 36.464 79.285 0.96857 -0.13911
0.98524 42.649 101.2 36.582 79.21 0.98229 -0.13422
0.98513 42.718 101.42 36.673 79.127 0.99081 -0.12672
0.98512 42.774 101.62 36.727 79.04 0.99448 -0.11685
0.9852 42.81 101.8 36.738 78.949 0.99402 -0.10497
0.98537 42.826 101.97 36.699 78.86 0.9905 -0.091596
0.98561 42.821 102.11 36.606 78.775 0.98527 -0.077339
0.98591 42.794 102.24 36.457 78.698 0.97978 -0.062878
0.98625 42.75 102.34 36.254 78.632 0.97555 -0.048906
0.9866 42.693 102.43 36 78.582 0.97399 -0.036094
0.98694 42.627 102.5 35.7 78.549 0.97632 -0.025037
0.98724 42.561 102.58 35.364 78.536 0.98347 -0.016221
0.98749 42.499 102.65 35.002 78.546 0.99601 -0.0099858
0.98766 42.448 102.74 34.626 78.579 1.0141 -0.0065105
0.98775 42.413 102.84 34.247 78.636 1.0376 -0.0057995
0.98776 42.396 102.97 33.88 78.715 1.0659 -0.0076875
0.98768 42.4 103.13 33.536 78.813 1.0979 -0.011854
0.98752 42.423 103.31 33.228 78.927 1.1326 -0.017848
0.98729 42.463 103.53 32.966 79.05 1.1684 -0.025123
0.98701 42.516 103.76 32.759 79.178 1.204 -0.033076
0.98668 42.576 104 32.614 79.302 1.2377 -0.041086
0.98633 42.637 104.23 32.534 79.415 1.2683 -0.048562
0.98596 42.692 104.44 32.521 79.511 1.2943 -0.054974
0.98561 42.738 104.61 32.575 79.583 1.3149 -0.059895
0.98527 42.768 104.72 32.692 79.625 1.3293 -0.063016
0.98495 42.779 104.75 32.866 79.635 1.3371 -0.064169
0.98468 42.771 104.71 33.088 79.611 1.3381 -0.063334
0.98445 42.744 104.59 33.348 79.553 1.3327 -0.060631
0.98427 42.699 104.38 33.634 79.466 1.3214 -0.056308
0.98414 42.639 104.1 33.932 79.353 1.305 -0.050726
0.98406 42.569 103.75 34.228 79.222 1.2847 -0.044323
0.98404 42.494 103.36 34.505 79.08 1.2617 -0.037589
0.98406 42.417 102.94 34.751 78.937 1.2376 -0.031028
0.98413 42.344 102.52 34.95 78.799 1.2138 -0.025121
0.98424 42.278 102.11 35.09 78.676 1.192 -0.020296
0.98439 42.221 101.73 35.16 78.573 1.1734 -0.016896
0.98457 42.176 101.4 35.153 78.495 1.1597 -0.015151
0.98476 42.143 101.13 35.065 78.446 1.1517 -0.015167
0.98497 42.121 100.93 34.894 78.427 1.1506 -0.016913
0.98517 42.109 100.79 34.644 78.437 1.1569 -0.020219
0.98536 42.105 100.72 34.321 78.474 1.1708 -0.02479
0.98552 42.106 100.72 33.937 78.534 1.1923 -0.030221
0.98565 42.112 100.76 33.505 78.613 1.2209 -0.036026
0.98575 42.118 100.85 33.042 78.705 1.2559 -0.041669
0.9858 42.123 100.97 32.566 78.804 1.2964 -0.04661
0.98581 42.125 101.11 32.095 78.905 1.3412 -0.05034
0.98579 42.125 101.26 31.647 79.002 1.3891 -0.05243
0.98573 42.122 101.41 31.239 79.09 1.439 -0.052567
0.98566 42.116 101.56 30.884 79.164 1.4898 -0.050591
0.98558 42.108 101.71 30.593 79.223 1.5408 -0.04652
0.9855 42.1 101.84 30.372 79.263 1.5918 -0.040565
0.98543 42.094 101.96 30.222 79.283 1.6429 -0.033132
0.98539 42.09 102.08 30.141 79.285 1.6946 -0.024809
0.98536 42.089 102.2 30.122 79.269 1.7481 -0.016343
0.98537 42.093 102.33 30.155 79.239 1.805 -0.0085991
0.9854 42.102 102.46 30.229 79.197 1.867 -0.00251
0.98546 42.115 102.61 30.33 79.148 1.9362 0.00098186
0.98555 42.131 102.78 30.445 79.095 2.0148 0.00098814
0.98565 42.15 102.95 30.564 79.044 2.1047 -0.0032621
0.98576 42.169 103.13 30.679 78.999 2.2073 -0.012363
0.98588 42.186 103.31 30.785 78.963 2.3236 -0.026678
0.986 42.201 103.48 30.882 78.939 2.4537 -0.046307
0.9861 42.211 103.62 30.974 78.929 2.597 -0.071055
0.98619 42.216 103.71 31.07 78.932 2.7517 -0.10043
0.98625 42.214 103.75 31.181 78.949 2.915 -0.13367
0.98629 42.205 103.72 31.321 78.978 3.0833 -0.16974
0.98631 42.19 103.63 31.507 79.016 3.2522 -0.2074
0.9863 42.17 103.45 31.753 79.06 3.4164 -0.2453
0.98627 42.146 103.19 32.071 79.107 3.5707 -0.28197
0.98623 42.121 102.86 32.472 79.154 3.7094 -0.31599
0.98618 42.097 102.46 32.958 79.199 3.8272 -0.34599
0.98613 42.076 102.01 33.53 79.241 3.9194 -0.37077
0.98609 42.06 101.52 34.179 79.278 3.9822 -0.38935
0.98606 42.05 101.02 34.89 79.311 4.0128 -0.401
0.98606 42.05 100.53 35.645 79.341 4.0096 -0.40532
0.98609 42.057 100.08 36.418 79.369 3.9728 -0.40222
0.98615 42.073 99.685 37.181 79.396 3.9036 -0.39191
0.98624 42.097 99.387 37.904 79.423 3.8047 -0.37494
0.98634 42.126 99.205 38.557 79.451 3.6802 -0.3521
0.98646 42.16 99.159 39.112 79.478 3.535 -0.3244
0.98658 42.194 99.261 39.547 79.505 3.3748 -0.293
0.98668 42.228 99.515 39.844 79.529 3.2056 -0.25918
0.98676 42.258 99.911 39.993 79.547 3.0333 -0.22422
0.98681 42.283 100.43 39.99 79.558 2.8638 -0.18937
0.98681 42.302 101.05 39.842 79.557 2.702 -0.15579
0.98676 42.313 101.71 39.563 79.544 2.5521 -0.12449
0.98667 42.317 102.39 39.171 79.517 2.4171 -0.096279
0.98655 42.314 103.02 38.694 79.476 2.2987 -0.071784
0.9864 42.305 103.56 38.161 79.422 2.1977 -0.051392
0.98624 42.291 103.96 37.603 79.357 2.1133 -0.035277
0.98608 42.272 104.18 37.052 79.285 2.0439 -0.023405
0.98594 42.251 104.2 36.537 79.211 1.9872 -0.015565
0.98583 42.23 104.02 36.082 79.14 1.9402 -0.011393
0.98575 42.208 103.63 35.707 79.075 1.8997 -0.01042
0.98572 42.189 103.07 35.425 79.023 1.8625 -0.012102
0.98573 42.172 102.36 35.242 78.986 1.8259 -0.015867
0.98578 42.158 101.57 35.156 78.966 1.7873 -0.021147
0.98586 42.148 100.74 35.16 78.964 1.7452 -0.027411
0.98595 42.143 99.925 35.241 78.977 1.6987 -0.034186
0.98605 42.142 99.187 35.383 79.003 1.6477 -0.04108
0.98615 42.145 98.57 35.565 79.036 1.5928 -0.047787
0.98624 42.15 98.108 35.769 79.073 1.5352 -0.054087
0.9863 42.159 97.818 35.974 79.106 1.4766 -0.059844
0.98633 42.168 97.705 36.166 79.132 1.419 -0.064998
0.98634 42.179 97.756 36.33 79.146 1.3642 -0.069544
0.98633 42.188 97.946 36.457 79.145 1.3141 -0.073523
0.98629 42.197 98.238 36.545 79.128 1.2701 -0.077003
0.98624 42.204 98.589 36.592 79.096 1.2333 -0.080065
0.98618 42.209 98.954 36.604 79.053 1.204 -0.082791
0.98611 42.211 99.29 36.589 79.002 1.1822 -0.085257
0.98605 42.21 99.56 36.556 78.95 1.1672 -0.087525
0.98599 42.207 99.734 36.516 78.901 1.1579 -0.089643
0.98594 42.201 99.793 36.481 78.863 1.153 -0.091651
0.98591 42.193 99.727 36.461 78.84 1.1507 -0.09358
0.98589 42.183 99.538 36.463 78.838 1.1496 -0.095463
0.98589 42.172 99.233 36.492 78.859 1.1481 -0.09734
0.98591 42.16 98.827 36.551 78.904 1.145 -0.099265
0.98594 42.148 98.339 36.639 78.972 1.1396 -0.10131
0.98599 42.135 97.79 36.753 79.063 1.1315 -0.10355
0.98605 42.122 97.202 36.885 79.172 1.1206 -0.10611
0.98612 42.11 96.597 37.029 79.295 1.1075 -0.10909
0.98619 42.099 95.996 37.177 79.425 1.0931 -0.11261
0.98625 42.089 95.42 37.318 79.556 1.0784 -0.11677
0.98631 42.082 94.885 37.444 79.683 1.0648 -0.12165
0.98636 42.078 94.409 37.549 79.8 1.0535 -0.1273
0.98638 42.08 94.006 37.627 79.899 1.0458 -0.1337
0.9864 42.088 93.691 37.673 79.978 1.0427 -0.14078
0.98639 42.104 93.475 37.685 80.033 1.0449 -0.14841
0.98638 42.129 93.367 37.663 80.06 1.0529 -0.15637
0.98636 42.165 93.373 37.609 80.059 1.0667 -0.1644
0.98634 42.21 93.496 37.524 80.029 1.086 -0.17216
0.98633 42.266 93.734 37.412 79.973 1.1102 -0.17928
0.98635 42.33 94.078 37.278 79.893 1.1386 -0.18539
0.98638 42.4 94.519 37.126 79.793 1.17 -0.19009
0.98645 42.473 95.037 36.961 79.678 1.2034 -0.19304
0.98654 42.544 95.612 36.789 79.553 1.2378 -0.19394
0.98666 42.609 96.218 36.614 79.423 1.272 -0.19257
0.9868 42.664 96.83 36.44 79.295 1.3053 -0.18883
0.98694 42.705 97.422 36.272 79.175 1.3371 -0.18272
0.98708 42.728 97.97 36.115 79.065 1.3669 -0.17435
0.98719 42.731 98.457 35.971 78.971 1.3946 -0.16399
0.98726 42.714 98.872 35.844 78.895 1.4202 -0.15198
0.98728 42.675 99.212 35.738 78.838 1.4439 -0.13879
0.98723 42.618 99.482 35.653 78.8 1.4662 -0.12496
0.98711 42.545 99.694 35.591 78.781 1.4875 -0.11106
0.98691 42.461 99.867 35.554 78.777 1.508 -0.097692
0.98664 42.37 100.02 35.54 78.788 1.5283 -0.085444
0.98631 42.278 100.18 35.548 78.809 1.5484 -0.074847
0.98592 42.189 100.35 35.577 78.837 1.5685 -0.06636
0.9855 42.108 100.54 35.624 78.87 1.5886 -0.060342
0.98507 42.038 100.76 35.685 78.904 1.6082 -0.057033
0.98466 41.982 101 35.758 78.938 1.6269 -0.056549
0.98429 41.941 101.24 35.838 78.97 1.6441 -0.058874
0.98398 41.916 101.45 35.922 78.999 1.6592 -0.063869
0.98376 41.904 101.6 36.006 79.025 1.6712 -0.071283
0.98363 41.904 101.68 36.088 79.049 1.6796 -0.08077
0.98361 41.914 101.65 36.165 79.071 1.6836 -0.091915
0.98369 41.93 101.5 36.235 79.092 1.6825 -0.10426
0.98387 41.949 101.23 36.295 79.113 1.6761 -0.11731
0.98414 41.969 100.84 36.343 79.135 1.664 -0.1306
0.98447 41.988 100.35 36.378 79.156 1.6462 -0.14368
0.98486 42.004 99.779 36.395 79.177 1.6228 -0.15615
0.98526 42.016 99.161 36.391 79.198 1.5942 -0.16768
0.98565 42.024 98.527 36.362 79.218 1.5609 -0.178
0.98603 42.028 97.91 36.302 79.236 1.5235 -0.18694
0.98635 42.029 97.34 36.207 79.251 1.4827 -0.19438
0.98661 42.028 96.844 36.069 79.264 1.4394 -0.20029
0.98681 42.025 96.439 35.883 79.273 1.3944 -0.2047
0.98693 42.021 96.138 35.646 79.28 1.3484 -0.20767
0.98698 42.014 95.943 35.354 79.285 1.3024 -0.20932
0.98697 42.006 95.849 35.007 79.288 1.257 -0.20976
0.98692 41.993 95.844 34.608 79.291 1.2129 -0.20912
0.98684 41.976 95.908 34.163 79.295 1.1709 -0.20753
0.98674 41.952 96.017 33.685 79.299 1.1315 -0.20509
0.98664 41.919 96.143 33.186 79.304 1.0954 -0.20187
0.98655 41.875 96.258 32.687 79.311 1.0632 -0.19794
0.98648 41.821 96.335 32.209 79.319 1.0356 -0.19331
0.98643 41.756 96.355 31.776 79.328 1.0132 -0.188
0.98638 41.681 96.305 31.414 79.335 0.99654 -0.18199
0.98634 41.598 96.184 31.148 79.341 0.98637 -0.17526
0.98629 41.513 96.004 30.999 79.344 0.98322 -0.1678
0.9862 41.429 95.789 30.988 79.341 0.9876 -0.1596
0.98606 41.354 95.577 31.126 79.332 0.99982 -0.15066
0.98586 41.294 95.415 31.42 79.316 1.02 -0.14102
0.98557 41.257 95.355 31.87 79.292 1.0481 -0.13075
0.9852 41.251 95.453 32.463 79.258 1.0836 -0.11996
0.98474 41.281 95.756 33.183 79.217 1.1256 -0.10879
0.98419 41.351 96.302 34.001 79.168 1.1728 -0.097424
0.98358 41.461 97.11 34.884 79.112 1.2237 -0.086076
0.98292 41.61 98.178 35.792 79.052 1.276 -0.074999
0.98223 41.789 99.478 36.681 78.988 1.3273 -0.06447
0.98155 41.987 100.96 37.507 78.923 1.3747 -0.054786
0.98091 42.188 102.54 38.225 78.856 1.4152 -0.046253
0.98033 42.372 104.12 38.797 78.79 1.4459 -0.03918
0.97985 42.516 105.6 39.186 78.724 1.4635 -0.033864
0.97949 42.596 106.86 39.368 78.657 1.4654 -0.030584
0.97926 42.585 107.79 39.324 78.588 1.449 -0.029586
0.97918 42.463 108.28 39.047 78.517 1.4125 -0.031069
0.97924 42.211 108.27 38.543 78.441 1.3546 -0.035183
0.97944 41.816 107.68 37.825 78.359 1.2748 -0.042006
0.97977 41.277 106.52 36.917 78.273 1.1737 -0.051545
0.9802 40.597 104.78 35.853 78.183 1.0524 -0.063723
0.98072 39.794 102.52 34.671 78.09 0.91324 -0.078374
0.98129 38.891 99.811 33.414 77.999 0.75927 -0.095246
0.98189 37.923 96.763 32.126 77.912 0.59435 -0.114
0.98247 36.927 93.5 30.852 77.835 0.42297 -0.1342
0.98302 35.947 90.162 29.633 77.771 0.25009 -0.15536
0.98348 35.024 86.892 28.504 77.725 0.080941 -0.17694
0.98385 34.195 83.829 27.494 77.7 -0.079196 -0.19833
0.98409 33.491 81.1 26.624 77.696 -0.22523 -0.21895
0.9842 32.934 78.812 25.907 77.713 -0.35249 -0.2382
0.98415 32.532 77.048 25.346 77.749 -0.45693 -0.25554
0.98395 32.285 75.858 24.935 77.801 -0.53535 -0.27049
0.98362 32.18 75.265 24.664 77.861 -0.58553 -0.28265
0.98318 32.194 75.258 24.513 77.925 -0.60635 -0.29176
0.98264 32.297 75.797 24.461 77.984 -0.59784 -0.29767
0.98206 32.456 76.818 24.48 78.033 -0.56122 -0.30038
0.98147 32.634 78.233 24.544 78.064 -0.49877 -0.30005
0.98092 32.798 79.944 24.627 78.073 -0.41376 -0.29695
0.98046 32.917 81.842 24.706 78.056 -0.31029 -0.29149
0.98011 32.966 83.816 24.76 78.012 -0.193 -0.28419
0.97992 32.929 85.764 24.773 77.94 -0.066925 -0.27563
0.97991 32.797 87.593 24.733 77.844 0.062848 -0.26643
0.98009 32.57 89.225 24.637 77.728 0.1914 -0.25723
0.98045 32.255 90.601 24.481 77.596 0.31423 -0.24861
0.98098 31.865 91.685 24.271 77.454 0.42749 -0.24109
0.98165 31.421 92.46 24.015 77.311 0.52812 -0.2351
0.98244 30.944 92.93 23.723 77.172 0.614 -0.23094
0.98328 30.459 93.117 23.408 77.044 0.68398 -0.22878
0.98413 29.989 93.057 23.085 76.933 0.73789 -0.22863
0.98495 29.556 92.799 22.767 76.841 0.77651 -0.23039
0.98569 29.179 92.396 22.467 76.773 0.8014 -0.23383
0.98631 28.872 91.907 22.197 76.73 0.81481 -0.23862
0.98678 28.645 91.387 21.966 76.711 0.81945 -0.24438
0.98708 28.502 90.889 21.78 76.715 0.81835 -0.25067
0.98722 28.443 90.455 21.643 76.74 0.8146 -0.25707
0.98719 28.462 90.12 21.557 76.782 0.81121 -0.26319
0.98702 28.551 89.907 21.519 76.837 0.8109 -0.2687
0.98674 28.698 89.828 21.526 76.902 0.81599 -0.27336
0.98638 28.889 89.883 21.572 76.973 0.82827 -0.27701
0.98598 29.111 90.063 21.649 77.046 0.84892 -0.27961
0.98559 29.348 90.349 21.752 77.118 0.87851 -0.28121
0.98524 29.587 90.72 21.87 77.186 0.91698 -0.28193
0.98496 29.815 91.148 21.997 77.248 0.96366 -0.28196
0.98477 30.024 91.607 22.124 77.304 1.0174 -0.28153
0.98469 30.205 92.072 22.247 77.352 1.0765 -0.28089
0.98471 30.355 92.521 22.36 77.392 1.139 -0.28024
0.98483 30.472 92.938 22.46 77.425 1.2027 -0.27977
0.98502 30.558 93.313 22.544 77.45 1.2653 -0.27959
0.98524 30.617 93.64 22.611 77.468 1.3245 -0.27975
0.98546 30.655 93.922 22.662 77.481 1.3781 -0.28022
0.98563 30.678 94.164 22.699 77.489 1.4241 -0.28089
0.98573 30.696 94.377 22.722 77.492 1.4609 -0.28161
0.9857 30.715 94.573 22.736 77.492 1.4871 -0.28216
0.98553 30.743 94.763 22.742 77.488 1.5018 -0.28231
0.9852 30.786 94.961 22.744 77.481 1.5046 -0.28185
0.98469 30.846 95.176 22.745 77.469 1.4954 -0.28059
0.98402 30.925 95.413 22.748 77.453 1.4747 -0.27838
0.98322 31.021 95.675 22.753 77.431 1.4433 -0.27516
0.98231 31.131 95.959 22.763 77.403 1.4024 -0.27094
0.98134 31.247 96.258 22.778 77.367 1.3533 -0.26581
0.98036 31.363 96.56 22.799 77.323 1.2978 -0.25998
0.97945 31.47 96.851 22.825 77.27 1.2377 -0.25367
0.97865 31.559 97.117 22.856 77.208 1.1748 -0.24722
0.97802 31.622 97.342 22.889 77.138 1.1108 -0.24095
0.97761 31.652 97.514 22.924 77.059 1.0476 -0.23521
0.97744 31.644 97.623 22.96 76.974 0.98669 -0.23034
0.97753 31.595 97.666 22.993 76.884 0.92939 -0.22661
0.97787 31.504 97.645 23.023 76.793 0.87681 -0.22426
0.97844 31.375 97.567 23.049 76.702 0.82977 -0.22343
0.97921 31.209 97.443 23.068 76.615 0.78882 -0.22417
0.98012 31.014 97.291 23.081 76.533 0.75419 -0.22645
0.98112 30.798 97.128 23.086 76.461 0.7259 -0.23015
0.98215 30.567 96.972 23.085 76.399 0.70367 -0.23507
0.98314 30.331 96.839 23.078 76.35 0.68704 -0.24097
0.98406 30.098 96.742 23.066 76.313 0.6754 -0.24754
0.98486 29.874 96.688 23.051 76.29 0.66799 -0.25449
0.98552 29.667 96.678 23.036 76.278 0.664 -0.26152
0.98602 29.482 96.705 23.023 76.276 0.6626 -0.26836
0.98637 29.323 96.76 23.014 76.284 0.66298 -0.27478
0.98657 29.193 96.827 23.014 76.297 0.66442 -0.28063
0.98664 29.095 96.889 23.025 76.315 0.66633 -0.28581
0.98662 29.028 96.927 23.048 76.334 0.66825 -0.29031
0.98653 28.995 96.926 23.087 76.354 0.66992 -0.29417
0.98641 28.993 96.873 23.143 76.371 0.67125 -0.2975
0.98628 29.022 96.761 23.217 76.386 0.67235 -0.30044
0.98617 29.081 96.591 23.308 76.397 0.67349 -0.30318
0.9861 29.165 96.367 23.415 76.405 0.67509 -0.30589
0.98608 29.272 96.102 23.536 76.41 0.67767 -0.30877
0.98612 29.398 95.813 23.668 76.413 0.68182 -0.31195
0.98622 29.539 95.521 23.808 76.415 0.68811 -0.31553
0.98637 29.688 95.25 23.951 76.417 0.69708 -0.31958
0.98655 29.841 95.022 24.092 76.419 0.70913 -0.32409
0.98675 29.992 94.861 24.226 76.422 0.72453 -0.32899
0.98695 30.138 94.785 24.348 76.427 0.74334 -0.33415
0.98714 30.274 94.808 24.455 76.433 0.76541 -0.33942
0.9873 30.397 94.94 24.542 76.439 0.79036 -0.34458
0.98742 30.505 95.182 24.606 76.447 0.81762 -0.34942
0.98748 30.596 95.53 24.647 76.455 0.84639 -0.35371
0.98747 30.672 95.974 24.663 76.463 0.87577 -0.35727
0.9874 30.731 96.496 24.656 76.471 0.90477 -0.3599
0.98726 30.776 97.077 24.628 76.479 0.93237 -0.3615
0.98706 30.808 97.692 24.582 76.488 0.95759 -0.36199
0.98681 30.828 98.316 24.523 76.498 0.97957 -0.36136
0.98652 30.839 98.923 24.457 76.51 0.99764 -0.35967
0.9862 30.841 99.49 24.388 76.523 1.0113 -0.35704
0.98588 30.837 99.996 24.324 76.54 1.0203 -0.35364
0.98557 30.826 100.43 24.269 76.559 1.0247 -0.34966
0.98528 30.809 100.77 24.228 76.581 1.0246 -0.34534
0.98504 30.787 101.02 24.207 76.605 1.0206 -0.34093
0.98487 30.761 101.18 24.209 76.632 1.0131 -0.33664
0.98477 30.732 101.25 24.236 76.66 1.0029 -0.33271
0.98474 30.701 101.25 24.288 76.689 0.99069 -0.32928
0.98479 30.669 101.19 24.366 76.718 0.97706 -0.32651
0.98492 30.638 101.07 24.469 76.745 0.96255 -0.32445
0.9851 30.61 100.93 24.593 76.772 0.94754 -0.32312
0.98531 30.588 100.77 24.735 76.796 0.93217 -0.32249
0.98555 30.572 100.61 24.892 76.819 0.91638 -0.32245
0.98577 30.566 100.44 25.059 76.84 0.89987 -0.3229
0.98595 30.569 100.29 25.231 76.86 0.88214 -0.32365
0.98607 30.583 100.15 25.404 76.88 0.86255 -0.32453
0.98611 30.607 100.02 25.573 76.899 0.84034 -0.32538
0.98606 30.643 99.891 25.734 76.919 0.81474 -0.32602
0.9859 30.688 99.765 25.883 76.938 0.78504 -0.32632
0.98564 30.742 99.634 26.018 76.958 0.75063 -0.32618
0.98529 30.803 99.491 26.135 76.975 0.71113 -0.32555
0.98488 30.869 99.329 26.231 76.99 0.66642 -0.32442
0.98442 30.936 99.145 26.306 77 0.61667 -0.32285
0.98394 31.004 98.937 26.358 77.004 0.56237 -0.32092
0.98349 31.069 98.707 26.385 76.999 0.50431 -0.31876
0.98308 31.129 98.46 26.388 76.984 0.44357 -0.31653
0.98276 31.181 98.201 26.366 76.958 0.38146 -0.3144
0.98254 31.225 97.941 26.32 76.92 0.31943 -0.31254
0.98244 31.257 97.69 26.251 76.87 0.25902 -0.31111
0.98247 31.278 97.461 26.162 76.811 0.20174 -0.31022
0.98263 31.287 97.262 26.055 76.745 0.14899 -0.30996
0.9829 31.284 97.104 25.936 76.675 0.10197 -0.31038
0.98327 31.269 96.992 25.808 76.605 0.061637 -0.31146
0.98372 31.246 96.93 25.679 76.54 0.028601 -0.31313
0.98422 31.215 96.92 25.554 76.485 0.0031396 -0.31528
0.98472 31.18 96.958 25.442 76.442 -0.014835 -0.31776
0.98521 31.145 97.039 25.349 76.416 -0.025749 -0.32037
0.98564 31.112 97.158 25.283 76.408 -0.030339 -0.32291
0.98599 31.087 97.307 25.25 76.417 -0.029587 -0.32518
0.98623 31.072 97.477 25.257 76.442 -0.024658 -0.32698
0.98636 31.072 97.664 25.306 76.48 -0.01682 -0.32812
0.98636 31.089 97.86 25.399 76.527 -0.007362 -0.32849
0.98625 31.124 98.06 25.536 76.578 0.0024786 -0.32799
0.98602 31.178 98.26 25.712 76.629 0.011588 -0.32657
0.98572 31.249 98.457 25.923 76.674 0.019029 -0.32426
0.98535 31.333 98.647 26.16 76.71 0.024085 -0.32112
0.98497 31.428 98.827 26.412 76.735 0.026276 -0.31726
0.9846 31.526 98.992 26.666 76.748 0.02537 -0.31283
0.98427 31.62 99.139 26.91 76.749 0.021363 -0.30803
0.98403 31.702 99.265 27.128 76.739 0.014459 -0.30305
0.98388 31.765 99.366 27.309 76.719 0.0050249 -0.29811
0.98385 31.801 99.441 27.439 76.692 -0.0064538 -0.29343
0.98394 31.803 99.491 27.508 76.659 -0.019424 -0.28919
0.98415 31.765 99.518 27.51 76.622 -0.033317 -0.2856
0.98446 31.685 99.527 27.439 76.582 -0.047593 -0.2828
0.98485 31.561 99.524 27.295 76.54 -0.061778 -0.28093
0.9853 31.394 99.517 27.081 76.493 -0.075494 -0.28007
0.98578 31.188 99.513 26.803 76.442 -0.088471 -0.28031
0.98625 30.951 99.52 26.472 76.386 -0.10055 -0.28165
0.98668 30.691 99.544 26.101 76.324 -0.11168 -0.28411
0.98705 30.417 99.585 25.703 76.255 -0.12187 -0.28766
0.98735 30.143 99.644 25.295 76.179 -0.13121 -0.29223
0.98755 29.879 99.714 24.895 76.099 -0.13979 -0.29775
0.98765 29.638 99.787 24.518 76.014 -0.14767 -0.30411
0.98765 29.429 99.849 24.18 75.93 -0.1549 -0.3112
0.98757 29.261 99.886 23.893 75.85 -0.16141 -0.31887
0.98742 29.142 99.882 23.669 75.778 -0.16709 -0.32697
0.98723 29.073 99.821 23.515 75.72 -0.17172 -0.33535
0.987 29.057 99.692 23.436 75.68 -0.175 -0.34381
0.98678 29.092 99.485 23.431 75.663 -0.17659 -0.35217
0.98658 29.172 99.198 23.498 75.671 -0.17614 -0.36025
0.98642 29.291 98.833 23.631 75.707 -0.17332 -0.36784
0.98631 29.441 98.401 23.822 75.769 -0.16787 -0.37476
0.98627 29.612 97.916 24.06 75.857 -0.15968 -0.3808
0.9863 29.795 97.402 24.332 75.965 -0.14879 -0.3858
0.98639 29.979 96.884 24.626 76.088 -0.13546 -0.38959
0.98653 30.156 96.39 24.928 76.219 -0.12013 -0.39205
0.98669 30.319 95.951 25.225 76.348 -0.10351 -0.39307
0.98687 30.46 95.595 25.506 76.469 -0.086483 -0.39259
0.98704 30.577 95.346 25.759 76.573 -0.07009 -0.3906
0.98718 30.666 95.223 25.976 76.652 -0.055499 -0.38712
0.98726 30.727 95.235 26.151 76.703 -0.043915 -0.38227
0.98728 30.761 95.387 26.279 76.722 -0.036513 -0.37618
0.98723 30.772 95.669 26.358 76.708 -0.034358 -0.36905
0.9871 30.762 96.066 26.388 76.662 -0.038331 -0.36113
0.9869 30.736 96.553 26.371 76.588 -0.049066 -0.35271
0.98665 30.699 97.099 26.312 76.492 -0.066899 -0.3441
0.98635 30.656 97.668 26.214 76.378 -0.091837 -0.33562
0.98603 30.61 98.225 26.085 76.256 -0.12355 -0.32758
0.98571 30.566 98.732 25.932 76.132 -0.16139 -0.32027
0.98541 30.527 99.155 25.761 76.014 -0.20443 -0.31392
0.98516 30.495 99.468 25.58 75.909 -0.25149 -0.30873
0.98496 30.471 99.648 25.398 75.821 -0.30125 -0.3048
0.98484 30.458 99.682 25.219 75.756 -0.3523 -0.30216
0.9848 30.454 99.567 25.052 75.716 -0.40323 -0.30074
0.98483 30.461 99.31 24.901 75.702 -0.45268 -0.30042
0.98494 30.475 98.927 24.77 75.715 -0.49942 -0.30099
0.9851 30.498 98.442 24.665 75.753 -0.54241 -0.3022
0.9853 30.526 97.886 24.586 75.812 -0.5808 -0.30375
0.98552 30.558 97.297 24.535 75.89 -0.61392 -0.30536
0.98575 30.592 96.713 24.512 75.983 -0.64133 -0.30677
0.98597 30.627 96.169 24.516 76.084 -0.66271 -0.30775
0.98616 30.661 95.699 24.546 76.189 -0.67787 -0.30818
0.98633 30.692 95.329 24.597 76.293 -0.68668 -0.30802
0.98646 30.719 95.077 24.666 76.391 -0.689 -0.30734
0.98656 30.741 94.952 24.749 76.48 -0.68468 -0.30633
0.98663 30.757 94.953 24.841 76.554 -0.67347 -0.3053
0.98667 30.767 95.071 24.937 76.613 -0.65506 -0.30465
0.98669 30.771 95.291 25.032 76.653 -0.62904 -0.30486
0.98669 30.769 95.588 25.122 76.674 -0.59497 -0.30644
0.98669 30.762 95.938 25.203 76.677 -0.55241 -0.30994
0.9867 30.751 96.312 25.273 76.662 -0.50095 -0.31585
0.98671 30.737 96.685 25.33 76.632 -0.44038 -0.3246
0.98673 30.723 97.031 25.374 76.588 -0.37066 -0.33653
0.98677 30.71 97.327 25.406 76.535 -0.29206 -0.35182
0.98683 30.699 97.559 25.428 76.476 -0.20521 -0.3705
0.98691 30.692 97.715 25.442 76.414 -0.11115 -0.39244
0.98701 30.691 97.79 25.453 76.352 -0.011284 -0.4173
0.98712 30.695 97.787 25.467 76.293 0.092556 -0.44464
0.98724 30.706 97.713 25.486 76.24 0.19822 -0.47382
0.98737 30.723 97.582 25.517 76.193 0.30332 -0.50413
0.9875 30.745 97.409 25.563 76.154 0.4053 -0.53478
0.98761 30.77 97.212 25.628 76.123 0.50163 -0.56495
0.98771 30.797 97.009 25.713 76.1 0.58988 -0.59386
0.98777 30.824 96.816 25.821 76.085 0.66793 -0.62077
0.98779 30.849 96.646 25.951 76.076 0.73407 -0.64506
0.98776 30.871 96.507 26.1 76.074 0.78709 -0.66622
0.98768 30.89 96.402 26.266 76.076 0.82643 -0.68393
0.98753 30.905 96.33 26.445 76.083 0.85216 -0.698
0.98734 30.919 96.286 26.631 76.094 0.86505 -0.70845
0.9871 30.934 96.261 26.818 76.11 0.86647 -0.71543
0.98682 30.954 96.246 27.002 76.129 0.85837 -0.71925
0.98653 30.982 96.232 27.177 76.152 0.84314 -0.72033
0.98623 31.022 96.209 27.337 76.179 0.82344 -0.71919
0.98595 31.08 96.175 27.479 76.211 0.80207 -0.71639
0.9857 31.157 96.127 27.6 76.248 0.78178 -0.71251
0.9855 31.257 96.069 27.698 76.289 0.76507 -0.70813
0.98536 31.379 96.009 27.773 76.335 0.75404 -0.70377
0.98527 31.523 95.96 27.825 76.385 0.75023 -0.69987
0.98524 31.685 95.936 27.856 76.437 0.75451 -0.69678
0.98525 31.858 95.954 27.869 76.49 0.767 -0.69474
0.9853 32.035 96.029 27.865 76.541 0.78705 -0.69386
0.98537 32.206 96.173 27.848 76.587 0.81321 -0.69414
0.98544 32.361 96.396 27.819 76.625 0.84334 -0.69543
0.9855 32.488 96.698 27.781 76.651 0.87469 -0.69747
0.98553 32.578 97.072 27.734 76.662 0.90404 -0.69991
0.98552 32.62 97.504 27.678 76.656 0.92791 -0.70229
0.98548 32.606 97.969 27.611 76.629 0.9427 -0.70411
0.98539 32.532 98.437 27.533 76.581 0.94496 -0.70482
0.98527 32.394 98.872 27.439 76.51 0.93158 -0.70384
0.98512 32.195 99.237 27.328 76.418 0.89997 -0.70063
0.98497 31.938 99.494 27.196 76.307 0.84826 -0.6947
0.98481 31.632 99.61 27.042 76.179 0.77541 -0.68561
0.98468 31.288 99.559 26.863 76.04 0.68133 -0.67307
0.98458 30.92 99.325 26.659 75.894 0.56688 -0.65689
0.98453 30.544 98.907 26.433 75.748 0.43388 -0.63702
0.98453 30.175 98.311 26.188 75.607 0.28505 -0.61361
0.98459 29.831 97.562 25.929 75.478 0.12384 -0.58695
0.98471 29.525 96.692 25.664 75.366 -0.045706 -0.5575
0.98487 29.271 95.743 25.402 75.274 -0.21916 -0.52586
0.98508 29.076 94.761 25.152 75.206 -0.39195 -0.49276
0.9853 28.947 93.797 24.927 75.163 -0.55958 -0.45904
0.98554 28.884 92.896 24.736 75.146 -0.71787 -0.42555
0.98578 28.885 92.098 24.59 75.151 -0.86314 -0.39321
0.986 28.943 91.437 24.497 75.177 -0.99243 -0.36287
0.98619 29.05 90.933 24.464 75.218 -1.1036 -0.33531
0.98635 29.193 90.597 24.494 75.269 -1.1953 -0.31122
0.98647 29.359 90.431 24.588 75.324 -1.2671 -0.2911
0.98657 29.538 90.426 24.743 75.377 -1.3197 -0.27531
0.98663 29.715 90.565 24.952 75.422 -1.3541 -0.26401
0.98668 29.88 90.828 25.207 75.455 -1.3724 -0.25714
0.9867 30.026 91.19 25.495 75.473 -1.3768 -0.25447
0.98672 30.145 91.628 25.803 75.474 -1.3702 -0.25561
0.98672 30.233 92.117 26.116 75.458 -1.3553 -0.25997
0.98672 30.291 92.635 26.42 75.429 -1.3349 -0.2669
0.98671 30.317 93.165 26.699 75.389 -1.3115 -0.27564
0.98668 30.317 93.689 26.943 75.344 -1.2876 -0.28541
0.98664 30.293 94.196 27.141 75.299 -1.2648 -0.29542
0.98658 30.252 94.679 27.286 75.261 -1.2446 -0.30494
0.98648 30.199 95.134 27.376 75.233 -1.228 -0.31335
0.98636 30.142 95.56 27.411 75.222 -1.2155 -0.32011
0.98622 30.084 95.962 27.394 75.229 -1.2071 -0.32484
0.98605 30.033 96.346 27.332 75.256 -1.2027 -0.32732
0.98587 29.993 96.72 27.234 75.304 -1.2018 -0.32749
0.98569 29.967 97.092 27.11 75.37 -1.2039 -0.32544
0.98553 29.957 97.47 26.971 75.452 -1.2081 -0.32144
0.98539 29.967 97.857 26.828 75.544 -1.2138 -0.31585
0.98529 29.995 98.252 26.691 75.643 -1.2203 -0.30915
0.98523 30.041 98.649 26.569 75.741 -1.2271 -0.30189
0.98522 30.103 99.033 26.467 75.834 -1.2337 -0.29466
0.98526 30.178 99.385 26.39 75.917 -1.2396 -0.28804
0.98533 30.262 99.68 26.34 75.984 -1.2445 -0.28257
0.98544 30.35 99.892 26.317 76.032 -1.2483 -0.27872
0.98556 30.439 99.994 26.317 76.057 -1.2509 -0.27685
0.98567 30.523 99.963 26.339 76.058 -1.252 -0.2772
0.98578 30.598 99.782 26.378 76.035 -1.2519 -0.27988
0.98585 30.661 99.443 26.429 75.988 -1.2503 -0.28484
0.98589 30.709 98.95 26.489 75.918 -1.2475 -0.29189
0.98589 30.742 98.314 26.555 75.83 -1.2436 -0.30071
0.98585 30.759 97.558 26.625 75.727 -1.2388 -0.31086
0.98578 30.762 96.711 26.698 75.613 -1.2333 -0.32181
0.98567 30.755 95.81 26.775 75.495 -1.2274 -0.333
0.98554 30.743 94.892 26.858 75.377 -1.2215 -0.34382
0.98539 30.729 93.996 26.948 75.267 -1.2162 -0.35372
0.98524 30.72 93.156 27.049 75.171 -1.2118 -0.36217
0.98508 30.72 92.402 27.162 75.092 -1.2088 -0.36874
0.98493 30.734 91.759 27.288 75.037 -1.2077 -0.37314
0.98479 30.766 91.245 27.428 75.009 -1.2089 -0.37518
0.98466 30.819 90.872 27.58 75.008 -1.2127 -0.37484
0.98454 30.891 90.645 27.74 75.036 -1.2193 -0.37224
0.98443 30.982 90.564 27.905 75.09 -1.2289 -0.36763
0.98434 31.09 90.625 28.066 75.167 -1.2414 -0.3614
0.98425 31.207 90.82 28.216 75.26 -1.2565 -0.35401
0.98419 31.329 91.137 28.347 75.363 -1.2741 -0.34602
0.98415 31.446 91.561 28.449 75.468 -1.2937 -0.338
0.98414 31.55 92.072 28.515 75.566 -1.3149 -0.33051
0.98417 31.633 92.648 28.538 75.648 -1.3372 -0.32409
0.98424 31.686 93.261 28.511 75.706 -1.3602 -0.31918
0.98435 31.703 93.883 28.432 75.734 -1.3835 -0.31614
0.98452 31.679 94.481 28.301 75.727 -1.4068 -0.3152
0.98475 31.61 95.023 28.119 75.683 -1.4299 -0.31647
0.98504 31.498 95.476 27.891 75.602 -1.4528 -0.31989
0.98538 31.345 95.811 27.624 75.489 -1.4754 -0.32531
0.98576 31.158 96.005 27.326 75.347 -1.4978 -0.33242
0.98618 30.946 96.041 27.008 75.187 -1.5201 -0.34084
0.98662 30.72 95.911 26.681 75.016 -1.5424 -0.35009
0.98706 30.493 95.618 26.357 74.845 -1.5647 -0.35967
0.98748 30.277 95.172 26.047 74.686 -1.5869 -0.36905
0.98788 30.085 94.596 25.761 74.547 -1.6089 -0.37773
0.98821 29.928 93.916 25.509 74.437 -1.6301 -0.38526
0.98847 29.814 93.169 25.298 74.364 -1.65 -0.39126
0.98864 29.75 92.39 25.135 74.331 -1.6679 -0.39545
0.98871 29.738 91.62 25.025 74.34 -1.6827 -0.39768
0.98865 29.777 90.896 24.97 74.39 -1.6934 -0.3979
0.98848 29.863 90.254 24.973 74.477 -1.699 -0.39619
0.98818 29.989 89.725 25.033 74.596 -1.6985 -0.39273
0.98776 30.145 89.334 25.149 74.737 -1.6911 -0.3878
0.98723 30.322 89.104 25.32 74.893 -1.6763 -0.38173
0.98662 30.507 89.049 25.541 75.053 -1.6538 -0.37494
0.98594 30.69 89.178 25.809 75.208 -1.6239 -0.36781
0.98523 30.86 89.494 26.118 75.349 -1.5874 -0.36074
0.98451 31.008 89.994 26.462 75.469 -1.5453 -0.3541
0.98383 31.128 90.669 26.833 75.563 -1.4995 -0.34818
0.98321 31.217 91.504 27.224 75.627 -1.4518 -0.3432
0.98269 31.272 92.477 27.625 75.66 -1.4048 -0.33928
0.98229 31.296 93.56 28.027 75.666 -1.3608 -0.33648
0.98203 31.292 94.717 28.421 75.647 -1.3223 -0.33474
0.98194 31.267 95.909 28.796 75.611 -1.2916 -0.33396
0.98202 31.228 97.087 29.144 75.565 -1.2706 -0.33393
0.98225 31.182 98.201 29.457 75.519 -1.2607 -0.33446
0.98263 31.14 99.197 29.727 75.482 -1.2626 -0.33528
0.98313 31.108 100.02 29.949 75.463 -1.2762 -0.33618
0.98372 31.096 100.63 30.121 75.469 -1.3008 -0.33693
0.98437 31.108 100.98 30.243 75.507 -1.3348 -0.33736
0.98503 31.15 101.03 30.316 75.58 -1.376 -0.33734
0.98568 31.224 100.77 30.344 75.687 -1.4215 -0.33681
0.98628 31.329 100.21 30.335 75.825 -1.4684 -0.33576
0.9868 31.466 99.349 30.296 75.99 -1.5134 -0.33421
0.98724 31.629 98.234 30.236 76.172 -1.5532 -0.33226
0.98756 31.813 96.911 30.165 76.363 -1.5852 -0.33001
0.98779 32.013 95.446 30.092 76.55 -1.6071 -0.32757
0.98791 32.221 93.909 30.025 76.723 -1.6173 -0.32506
0.98793 32.43 92.378 29.972 76.872 -1.615 -0.32257
0.98789 32.633 90.924 29.935 76.99 -1.6005 -0.32016
0.98778 32.826 89.612 29.919 77.071 -1.5747 -0.31785
0.98764 33.004 88.495 29.923 77.114 -1.5393 -0.31561
0.98748 33.164 87.61 29.945 77.118 -1.4969 -0.31338
0.98733 33.306 86.976 29.981 77.089 -1.4502 -0.31108
0.98719 33.43 86.596 30.025 77.032 -1.4023 -0.30859
0.98708 33.538 86.457 30.071 76.957 -1.3563 -0.30581
0.98701 33.632 86.532 30.113 76.873 -1.3149 -0.30265
0.98698 33.717 86.787 30.145 76.791 -1.2805 -0.29903
0.98699 33.794 87.181 30.164 76.72 -1.2548 -0.29495
0.98703 33.868 87.672 30.167 76.666 -1.2387 -0.29046
0.98709 33.941 88.222 30.153 76.637 -1.2326 -0.28565
0.98716 34.016 88.798 30.126 76.634 -1.2358 -0.28071
0.98723 34.095 89.373 30.088 76.657 -1.2471 -0.27583
0.98727 34.177 89.929 30.048 76.703 -1.2646 -0.27129
0.98727 34.265 90.458 30.013 76.768 -1.2864 -0.26737
0.98723 34.356 90.957 29.992 76.844 -1.31 -0.26433
0.98714 34.45 91.43 29.994 76.924 -1.3332 -0.26242
0.98699 34.544 91.885 30.028 77.001 -1.354 -0.26183
0.98678 34.636 92.334 30.101 77.066 -1.3707 -0.26268
0.98653 34.724 92.787 30.218 77.114 -1.3822 -0.26498
0.98623 34.806 93.253 30.381 77.141 -1.3882 -0.26866
0.9859 34.878 93.741 30.589 77.144 -1.3887 -0.27353
0.98557 34.94 94.255 30.839 77.125 -1.3846 -0.27931
0.98524 34.991 94.794 31.123 77.086 -1.3771 -0.28562
0.98493 35.03 95.355 31.431 77.031 -1.368 -0.29205
0.98467 35.059 95.93 31.752 76.968 -1.3592 -0.29814
0.98445 35.078 96.508 32.072 76.903 -1.3525 -0.30343
0.9843 35.09 97.075 32.376 76.845 -1.3499 -0.3075
0.98421 35.096 97.615 32.653 76.8 -1.3526 -0.30998
0.98419 35.1 98.113 32.888 76.776 -1.3618 -0.31063
0.98422 35.102 98.554 33.072 76.776 -1.378 -0.30928
0.98431 35.106 98.922 33.199 76.804 -1.4009 -0.30593
0.98444 35.112 99.206 33.263 76.86 -1.4299 -0.30068
0.98459 35.122 99.4 33.265 76.942 -1.4637 -0.29377
0.98475 35.135 99.499 33.208 77.048 -1.5004 -0.28556
0.98491 35.152 99.505 33.099 77.171 -1.538 -0.27648
0.98506 35.173 99.425 32.946 77.305 -1.5741 -0.26703
0.98519 35.197 99.27 32.763 77.443 -1.6066 -0.25774
0.9853 35.223 99.053 32.561 77.577 -1.6332 -0.24914
0.98537 35.25 98.794 32.355 77.699 -1.6521 -0.24169
0.98542 35.277 98.509 32.159 77.804 -1.6619 -0.2358
0.98543 35.304 98.22 31.986 77.886 -1.6616 -0.2318
0.98543 35.33 97.945 31.845 77.941 -1.6509 -0.22989
0.9854 35.353 97.7 31.746 77.968 -1.63 -0.23015
0.98536 35.374 97.499 31.696 77.965 -1.5996 -0.23255
0.98532 35.393 97.353 31.696 77.935 -1.561 -0.23694
0.98527 35.41 97.268 31.747 77.881 -1.5158 -0.24307
0.98522 35.424 97.246 31.847 77.807 -1.4658 -0.25061
0.98517 35.437 97.288 31.99 77.718 -1.4132 -0.25915
0.98512 35.45 97.387 32.17 77.622 -1.3601 -0.26826
0.98507 35.464 97.536 32.379 77.523 -1.3084 -0.27746
0.98502 35.48 97.726 32.605 77.43 -1.26 -0.28629
0.98498 35.499 97.945 32.841 77.348 -1.2166 -0.29432
0.98493 35.524 98.183 33.074 77.282 -1.1796 -0.30115
0.98489 35.556 98.428 33.297 77.237 -1.1498 -0.30644
0.98485 35.596 98.67 33.501 77.216 -1.1279 -0.30989
0.98482 35.644 98.901 33.678 77.219 -1.1144 -0.3113
0.9848 35.701 99.112 33.822 77.247 -1.1092 -0.31056
0.98479 35.767 99.301 33.929 77.297 -1.112 -0.30761
0.9848 35.841 99.466 33.998 77.366 -1.1224 -0.30251
0.98483 35.921 99.606 34.027 77.449 -1.1396 -0.2954
0.98489 36.005 99.726 34.017 77.542 -1.1627 -0.28647
0.98499 36.091 99.829 33.973 77.636 -1.1906 -0.27604
0.98512 36.177 99.922 33.897 77.728 -1.2223 -0.26447
0.98528 36.261 100.01 33.795 77.81 -1.2564 -0.25217
0.98547 36.341 100.1 33.674 77.879 -1.2915 -0.23962
0.98569 36.416 100.19 33.542 77.93 -1.3263 -0.2273
0.98593 36.486 100.29 33.405 77.961 -1.3593 -0.2157
0.98617 36.55 100.38 33.27 77.973 -1.3893 -0.2053
0.98641 36.61 100.47 33.146 77.964 -1.4148 -0.19655
0.98663 36.666 100.54 33.037 77.939 -1.4347 -0.18982
0.98683 36.72 100.58 32.948 77.901 -1.448 -0.18539
0.98698 36.773 100.58 32.884 77.853 -1.4538 -0.18347
0.98708 36.825 100.53 32.845 77.802 -1.4516 -0.18413
0.98712 36.878 100.42 32.831 77.752 -1.4411 -0.18733
0.9871 36.931 100.25 32.841 77.709 -1.4225 -0.19292
0.98702 36.983 100.01 32.872 77.676 -1.396 -0.2006
0.98689 37.034 99.712 32.919 77.657 -1.3626 -0.21
0.98672 37.082 99.375 32.977 77.654 -1.3234 -0.22067
0.98652 37.125 99.014 33.04 77.67 -1.2796 -0.23208
0.98631 37.164 98.65 33.102 77.703 -1.2329 -0.24368
0.9861 37.196 98.306 33.157 77.754 -1.1851 -0.25495
0.98592 37.221 98.005 33.202 77.822 -1.1379 -0.26538
0.98577 37.239 97.769 33.231 77.904 -1.0931 -0.27452
0.98568 37.251 97.612 33.243 77.998 -1.0523 -0.28205
0.98564 37.258 97.545 33.238 78.102 -1.017 -0.28773
0.98565 37.262 97.572 33.216 78.211 -0.98835 -0.29145
0.98571 37.264 97.688 33.179 78.321 -0.96709 -0.29326
0.98581 37.267 97.883 33.132 78.427 -0.95368 -0.2933
0.98593 37.273 98.139 33.079 78.524 -0.94819 -0.29185
0.98605 37.284 98.436 33.026 78.607 -0.9503 -0.28927
0.98616 37.303 98.75 32.979 78.669 -0.95936 -0.286
0.98623 37.332 99.058 32.944 78.705 -0.97443 -0.28249
0.98626 37.372 99.335 32.927 78.709 -0.99435 -0.27922
0.98622 37.423 99.563 32.932 78.68 -1.0178 -0.27662
0.98613 37.487 99.728 32.964 78.614 -1.0434 -0.27504
0.98597 37.563 99.819 33.027 78.512 -1.0696 -0.27477
0.98576 37.65 99.833 33.121 78.377 -1.0952 -0.27596
0.9855 37.746 99.772 33.247 78.213 -1.1189 -0.27865
0.98521 37.848 99.643 33.405 78.028 -1.1395 -0.28276
0.98491 37.953 99.457 33.593 77.831 -1.1562 -0.28809
0.98461 38.058 99.228 33.807 77.631 -1.1681 -0.29434
0.98433 38.159 98.974 34.043 77.44 -1.1748 -0.30114
0.98408 38.253 98.71 34.295 77.268 -1.1759 -0.30807
0.98387 38.337 98.454 34.558 77.124 -1.1712 -0.31471
0.98372 38.409 98.221 34.825 77.016 -1.1607 -0.32064
0.98362 38.467 98.023 35.09 76.95 -1.1447 -0.32551
0.98358 38.512 97.87 35.347 76.929 -1.1235 -0.32903
0.98359 38.545 97.766 35.588 76.952 -1.0976 -0.33102
0.98366 38.566 97.714 35.809 77.017 -1.0675 -0.33142
0.98377 38.579 97.716 36.006 77.12 -1.034 -0.33024
0.98392 38.588 97.769 36.173 77.254 -0.99809 -0.32762
0.98408 38.594 97.871 36.309 77.41 -0.9606 -0.3238
0.98425 38.602 98.018 36.412 77.581 -0.92263 -0.31906
0.98442 38.613 98.208 36.483 77.758 -0.88531 -0.31373
0.98458 38.631 98.437 36.522 77.933 -0.84978 -0.30817
0.98471 38.657 98.702 36.532 78.1 -0.81716 -0.30271
0.98482 38.691 98.999 36.516 78.252 -0.7885 -0.29764
0.98489 38.733 99.322 36.478 78.386 -0.7647 -0.29318
0.98494 38.78 99.664 36.422 78.499 -0.74649 -0.2895
0.98496 38.832 100.01 36.353 78.591 -0.73436 -0.28665
0.98496 38.886 100.35 36.274 78.663 -0.72852 -0.28463
0.98494 38.938 100.67 36.189 78.716 -0.72885 -0.28332
0.98492 38.988 100.95 36.101 78.754 -0.73498 -0.28258
0.98488 39.033 101.15 36.012 78.781 -0.74623 -0.28216
0.98485 39.071 101.26 35.924 78.802 -0.7617 -0.28184
0.98482 39.101 101.26 35.837 78.82 -0.78033 -0.28134
0.98479 39.124 101.12 35.749 78.841 -0.80097 -0.28043
0.98476 39.141 100.84 35.659 78.866 -0.82251 -0.27889
0.98474 39.152 100.41 35.564 78.897 -0.84393 -0.27656
0.98471 39.159 99.846 35.462 78.934 -0.86443 -0.27335
0.98468 39.164 99.159 35.349 78.977 -0.88347 -0.26922
0.98464 39.168 98.385 35.222 79.024 -0.90081 -0.26421
0.98461 39.172 97.567 35.079 79.07 -0.91651 -0.25842
0.98457 39.177 96.754 34.917 79.112 -0.93095 -0.25204
0.98454 39.182 95.995 34.738 79.147 -0.9447 -0.24528
0.98451 39.189 95.34 34.54 79.17 -0.95848 -0.2384
0.9845 39.195 94.831 34.327 79.179 -0.97304 -0.23169
0.98451 39.201 94.495 34.104 79.171 -0.98903 -0.22544
0.98454 39.203 94.349 33.877 79.146 -1.0069 -0.21994
0.9846 39.202 94.389 33.655 79.106 -1.0267 -0.21545
0.98468 39.198 94.598 33.448 79.051 -1.0484 -0.21221
0.98478 39.189 94.94 33.267 78.985 -1.0712 -0.2104
0.98491 39.178 95.37 33.126 78.912 -1.0941 -0.21015
0.98505 39.166 95.833 33.036 78.836 -1.1157 -0.21152
0.98519 39.156 96.272 33.011 78.763 -1.1347 -0.21451
0.98531 39.151 96.633 33.06 78.697 -1.1492 -0.21907
0.98542 39.154 96.869 33.193 78.641 -1.1577 -0.22504
0.98548 39.171 96.946 33.413 78.599 -1.1591 -0.23223
0.98551 39.203 96.848 33.722 78.573 -1.1522 -0.2404
0.98549 39.254 96.573 34.117 78.563 -1.1369 -0.24925
0.98543 39.326 96.142 34.59 78.568 -1.1133 -0.25847
0.98533 39.418 95.59 35.127 78.587 -1.0822 -0.26772
0.9852 39.528 94.965 35.711 78.616 -1.0452 -0.27667
0.98507 39.654 94.325 36.321 78.652 -1.0042 -0.28501
0.98493 39.791 93.73 36.932 78.691 -0.96165 -0.29246
0.98482 39.934 93.238 37.518 78.729 -0.92009 -0.29877
0.98475 40.075 92.899 38.053 78.763 -0.88207 -0.30377
0.98473 40.209 92.746 38.511 78.79 -0.84991 -0.30733
0.98477 40.33 92.797 38.871 78.81 -0.82549 -0.30937
0.98487 40.432 93.051 39.115 78.82 -0.81008 -0.3099
0.98504 40.511 93.483 39.231 78.823 -0.80423 -0.30895
0.98525 40.564 94.054 39.213 78.82 -0.80769 -0.3066
0.98551 40.592 94.709 39.062 78.813 -0.8194 -0.30297
0.98578 40.593 95.381 38.788 78.806 -0.83759 -0.2982
0.98606 40.571 96.003 38.406 78.802 -0.85992 -0.29241
0.98633 40.529 96.508 37.938 78.804 -0.88364 -0.28576
0.98656 40.471 96.841 37.411 78.814 -0.90579 -0.27838
0.98676 40.403 96.958 36.853 78.836 -0.9235 -0.2704
0.9869 40.329 96.838 36.296 78.87 -0.93415 -0.26192
0.98699 40.255 96.477 35.771 78.916 -0.93565 -0.25306
0.98703 40.186 95.895 35.305 78.973 -0.92651 -0.24391
0.987 40.126 95.129 34.923 79.041 -0.90603 -0.23457
0.98693 40.079 94.234 34.643 79.117 -0.87429 -0.22518
0.98682 40.047 93.274 34.477 79.198 -0.83214 -0.21585
0.98668 40.033 92.32 34.432 79.282 -0.78112 -0.20674
0.98651 40.039 91.44 34.506 79.365 -0.72328 -0.19802
0.98633 40.064 90.697 34.69 79.446 -0.66103 -0.18986
0.98616 40.11 90.142 34.97 79.521 -0.59688 -0.18247
0.98599 40.176 89.811 35.329 79.588 -0.53328 -0.17602
0.98585 40.261 89.722 35.744 79.647 -0.47233 -0.17068
0.98572 40.363 89.874 36.193 79.695 -0.41566 -0.16659
0.98563 40.481 90.251 36.651 79.734 -0.36429 -0.16383
0.98557 40.612 90.818 37.097 79.762 -0.31851 -0.16243
0.98553 40.751 91.532 37.511 79.781 -0.27793 -0.16233
0.98551 40.896 92.338 37.878 79.791 -0.24144 -0.1634
0.98551 41.04 93.181 38.185 79.794 -0.20739 -0.16545
0.9855 41.18 94.004 38.427 79.789 -0.1737 -0.16821
0.98549 41.308 94.757 38.599 79.779 -0.13806 -0.17135
0.98546 41.42 95.399 38.703 79.763 -0.098132 -0.17452
0.98539 41.511 95.899 38.743 79.742 -0.05175 -0.17735
0.98529 41.577 96.24 38.728 79.716 0.0028724 -0.1795
0.98515 41.613 96.417 38.664 79.685 0.066985 -0.18066
0.98497 41.62 96.442 38.562 79.65 0.14118 -0.18057
0.98476 41.596 96.334 38.43 79.609 0.22532 -0.17909
0.98452 41.545 96.126 38.276 79.562 0.31853 -0.17614
0.98427 41.469 95.853 38.105 79.51 0.41923 -0.17176
0.98402 41.374 95.556 37.922 79.452 0.52525 -0.16609
0.98379 41.267 95.276 37.727 79.39 0.63394 -0.15933
0.98358 41.153 95.048 37.522 79.325 0.74239 -0.15179
0.98342 41.041 94.903 37.304 79.257 0.84759 -0.1438
0.98331 40.936 94.863 37.07 79.189 0.94664 -0.13572
0.98325 40.843 94.938 36.817 79.122 1.037 -0.12789
0.98326 40.768 95.131 36.544 79.059 1.1164 -0.12065
0.98332 40.711 95.434 36.246 79.002 1.1835 -0.11428
0.98344 40.675 95.832 35.925 78.952 1.2374 -0.10897
0.98361 40.657 96.302 35.582 78.912 1.2781 -0.10487
0.98382 40.657 96.82 35.219 78.882 1.3062 -0.10206
0.98406 40.67 97.359 34.843 78.865 1.323 -0.10054
0.98432 40.694 97.893 34.461 78.861 1.3305 -0.10025
0.98459 40.724 98.4 34.082 78.871 1.3309 -0.10112
0.98485 40.757 98.86 33.714 78.895 1.3268 -0.10306
0.9851 40.788 99.26 33.369 78.934 1.3207 -0.10595
0.98532 40.815 99.592 33.057 78.987 1.3151 -0.10974
0.9855 40.835 99.853 32.786 79.053 1.3121 -0.11436
0.98565 40.848 100.04 32.564 79.132 1.3132 -0.11981
0.98576 40.852 100.17 32.396 79.222 1.3195 -0.12611
0.98583 40.848 100.25 32.286 79.32 1.3314 -0.13331
0.98587 40.837 100.29 32.235 79.423 1.3486 -0.14147
0.98587 40.819 100.3 32.24 79.527 1.3702 -0.15066
0.98585 40.798 100.29 32.297 79.627 1.3945 -0.1609
0.98582 40.775 100.29 32.399 79.718 1.4198 -0.17218
0.98578 40.751 100.29 32.537 79.794 1.4438 -0.18443
0.98576 40.729 100.32 32.701 79.852 1.4645 -0.19749
0.98576 40.711 100.37 32.879 79.887 1.4796 -0.21112
0.98579 40.697 100.44 33.059 79.895 1.4877 -0.22498
0.98587 40.69 100.54 33.23 79.876 1.4876 -0.23867
0.986 40.689 100.64 33.379 79.83 1.4788 -0.25169
0.98617 40.697 100.75 33.499 79.76 1.4617 -0.26354
0.9864 40.712 100.84 33.58 79.669 1.4373 -0.27367
0.98665 40.736 100.9 33.618 79.563 1.4076 -0.28155
0.98691 40.77 100.9 33.611 79.45 1.375 -0.28671
0.98715 40.814 100.84 33.56 79.336 1.3423 -0.28876
0.98733 40.867 100.7 33.47 79.231 1.3129 -0.28743
0.98741 40.932 100.47 33.35 79.14 1.2898 -0.28256
0.98735 41.008 100.15 33.211 79.07 1.2759 -0.27418
0.98712 41.095 99.746 33.067 79.025 1.2736 -0.26244
0.98667 41.193 99.282 32.937 79.008 1.2846 -0.24769
0.98599 41.303 98.778 32.839 79.018 1.3094 -0.2304
0.98506 41.422 98.268 32.793 79.052 1.3478 -0.21116
0.98389 41.549 97.791 32.818 79.107 1.3983 -0.1907
0.98252 41.682 97.392 32.933 79.176 1.4585 -0.16976
0.98097 41.817 97.115 33.151 79.252 1.5248 -0.14915
0.9793 41.953 97.003 33.485 79.326 1.5933 -0.12965
0.97758 42.085 97.095 33.94 79.391 1.6593 -0.11199
0.97589 42.209 97.42 34.519 79.439 1.7181 -0.096813
0.9743 42.323 97.993 35.215 79.467 1.7652 -0.084636
0.97288 42.423 98.816 36.016 79.469 1.7964 -0.075843
0.97169 42.506 99.874 36.906 79.444 1.8085 -0.070654
0.97077 42.572 101.13 37.861 79.393 1.7991 -0.069126
0.97016 42.621 102.54 38.853 79.318 1.7671 -0.071148
0.96985 42.652 104.03 39.852 79.223 1.7124 -0.076455
0.96982 42.668 105.53 40.826 79.114 1.6365 -0.084643
0.97003 42.671 106.94 41.744 78.997 1.5417 -0.095194
0.97041 42.666 108.18 42.575 78.877 1.4315 -0.10751
0.97091 42.657 109.17 43.294 78.761 1.3097 -0.12092
0.97145 42.648 109.84 43.882 78.654 1.1809 -0.13477
0.97196 42.644 110.14 44.325 78.559 1.0496 -0.14839
0.97239 42.647 110.04 44.616 78.48 0.92018 -0.16117
0.97269 42.66 109.53 44.759 78.418 0.79637 -0.17258
0.97284 42.686 108.65 44.761 78.374 0.68131 -0.1822
0.97281 42.725 107.45 44.639 78.344 0.57725 -0.18973
0.97264 42.777 106.01 44.414 78.326 0.48549 -0.19504
0.97232 42.841 104.42 44.111 78.316 0.40642 -0.19812
0.9719 42.915 102.78 43.759 78.308 0.33954 -0.19916
0.97141 42.996 101.22 43.385 78.298 0.28369 -0.19847
0.97089 43.083 99.828 43.017 78.28 0.23721 -0.19654
0.97038 43.17 98.702 42.676 78.248 0.19814 -0.19397
0.96992 43.256 97.912 42.383 78.199 0.16451 -0.19147
0.96954 43.337 97.504 42.149 78.131 0.13453 -0.18981
0.96925 43.409 97.496 41.983 78.041 0.10678 -0.1898
0.96908 43.469 97.877 41.884 77.931 0.080317 -0.19227
