//co2 data for Study 16 _2
steady: none
chosen_param: SaO2sup, Pa_CO2, P_a, Vmca_d, TOI_d, HbT_d, CCO_d
time_step: 1.0
******
0.97934 37.503 73.085 54.045 59.144 0.0095469 -0.00061662
0.97939 37.939 73.412 53.83 59.4 -0.053029 0.018182
0.97946 38.357 73.726 53.635 59.645 -0.11564 0.036636
0.97955 38.739 74.026 53.481 59.871 -0.17706 0.054164
0.97963 39.074 74.313 53.386 60.069 -0.23597 0.070208
0.97968 39.35 74.591 53.367 60.236 -0.29105 0.08426
0.97969 39.564 74.864 53.434 60.367 -0.34098 0.095887
0.97962 39.713 75.136 53.591 60.463 -0.38448 0.10476
0.97947 39.801 75.412 53.836 60.525 -0.4204 0.11067
0.97921 39.836 75.696 54.163 60.556 -0.44774 0.11356
0.97884 39.827 75.991 54.557 60.562 -0.46577 0.11349
0.97835 39.786 76.297 55.001 60.549 -0.474 0.1107
0.97776 39.725 76.611 55.475 60.524 -0.47236 0.10555
0.97709 39.657 76.928 55.954 60.494 -0.46113 0.098533
0.97636 39.592 77.236 56.415 60.463 -0.44103 0.090227
0.97561 39.54 77.523 56.835 60.437 -0.41319 0.081285
0.97489 39.507 77.772 57.193 60.418 -0.37913 0.072384
0.97424 39.499 77.964 57.474 60.409 -0.3407 0.064183
0.97369 39.516 78.078 57.665 60.408 -0.30004 0.057279
0.97329 39.558 78.097 57.76 60.417 -0.25939 0.052172
0.97307 39.62 78.002 57.757 60.431 -0.22105 0.049223
0.97303 39.699 77.781 57.661 60.448 -0.1872 0.048629
0.97318 39.786 77.428 57.481 60.465 -0.15977 0.050408
0.9735 39.874 76.941 57.23 60.48 -0.14032 0.054392
0.97397 39.957 76.329 56.925 60.489 -0.12994 0.060236
0.97456 40.025 75.61 56.584 60.49 -0.12914 0.067444
0.97522 40.073 74.806 56.226 60.483 -0.13785 0.075398
0.97592 40.096 73.949 55.87 60.466 -0.15535 0.083401
0.97662 40.09 73.071 55.533 60.441 -0.1804 0.090735
0.97729 40.053 72.21 55.228 60.409 -0.21122 0.096702
0.97791 39.987 71.401 54.967 60.37 -0.2457 0.10069
0.97847 39.893 70.675 54.757 60.326 -0.2815 0.10219
0.97896 39.776 70.059 54.603 60.279 -0.31627 0.1009
0.97939 39.643 69.575 54.504 60.23 -0.34777 0.096653
0.97978 39.501 69.234 54.458 60.18 -0.37413 0.089524
0.98014 39.357 69.041 54.458 60.13 -0.39394 0.079772
0.98049 39.221 68.993 54.499 60.079 -0.4064 0.067839
0.98084 39.101 69.082 54.57 60.03 -0.4114 0.054321
0.98119 39.004 69.291 54.664 59.981 -0.40954 0.039924
0.98155 38.936 69.603 54.77 59.933 -0.40211 0.025421
0.98191 38.903 69.995 54.881 59.888 -0.39097 0.011588
0.98224 38.907 70.447 54.99 59.847 -0.37844 -0.00083429
0.98252 38.948 70.937 55.091 59.81 -0.3671 -0.011201
0.98273 39.025 71.447 55.179 59.78 -0.35955 -0.018998
0.98284 39.133 71.962 55.251 59.759 -0.35824 -0.023874
0.98282 39.266 72.471 55.305 59.748 -0.3652 -0.025656
0.98267 39.416 72.966 55.338 59.748 -0.38185 -0.024362
0.98236 39.572 73.444 55.352 59.761 -0.40886 -0.020185
0.98192 39.724 73.906 55.345 59.786 -0.44607 -0.013478
0.98136 39.861 74.353 55.316 59.823 -0.49238 -0.0047274
0.9807 39.972 74.789 55.267 59.87 -0.54588 0.0054899
0.97999 40.049 75.217 55.197 59.926 -0.60387 0.016541
0.97924 40.086 75.637 55.105 59.986 -0.6631 0.02778
0.97851 40.078 76.049 54.993 60.05 -0.71991 0.038588
0.97783 40.025 76.449 54.86 60.112 -0.77055 0.048407
0.97723 39.928 76.831 54.707 60.17 -0.81137 0.056766
0.97673 39.794 77.187 54.536 60.222 -0.83915 0.063308
0.97634 39.631 77.51 54.349 60.266 -0.85127 0.067794
0.97606 39.447 77.794 54.147 60.3 -0.84595 0.070113
0.97588 39.255 78.033 53.932 60.324 -0.82231 0.070273
0.97579 39.064 78.227 53.709 60.338 -0.78052 0.068397
0.97575 38.884 78.377 53.478 60.343 -0.72174 0.064699
0.97575 38.723 78.488 53.243 60.339 -0.64806 0.059471
0.97575 38.589 78.565 53.006 60.326 -0.56238 0.053063
0.97573 38.483 78.614 52.768 60.305 -0.46822 0.045854
0.97568 38.408 78.638 52.529 60.276 -0.36954 0.038238
0.97557 38.362 78.639 52.29 60.239 -0.27045 0.0306
0.97542 38.342 78.613 52.051 60.194 -0.17506 0.023304
0.97521 38.343 78.554 51.812 60.14 -0.087204 0.016673
0.97498 38.361 78.451 51.573 60.077 -0.010285 0.010982
0.97473 38.388 78.292 51.335 60.007 0.052878 0.0064464
0.97449 38.421 78.067 51.099 59.93 0.10016 0.0032196
0.97428 38.453 77.768 50.868 59.849 0.13021 0.001387
0.97411 38.481 77.394 50.647 59.766 0.14243 0.00096685
0.97402 38.503 76.948 50.441 59.685 0.13701 0.0019121
0.97401 38.515 76.446 50.257 59.61 0.11483 0.0041143
0.97408 38.518 75.909 50.103 59.544 0.077425 0.0074103
0.97423 38.51 75.369 49.986 59.492 0.026861 0.01159
0.97447 38.493 74.859 49.913 59.457 -0.034372 0.01641
0.97477 38.468 74.417 49.893 59.443 -0.10348 0.021599
0.97513 38.438 74.081 49.928 59.451 -0.17747 0.02688
0.97554 38.405 73.881 50.023 59.483 -0.2533 0.031979
0.97599 38.374 73.84 50.177 59.537 -0.32802 0.036641
0.97644 38.348 73.971 50.387 59.612 -0.39881 0.040644
0.97691 38.334 74.273 50.648 59.705 -0.46319 0.043811
0.97736 38.337 74.731 50.95 59.812 -0.51906 0.046018
0.9778 38.361 75.317 51.283 59.927 -0.56479 0.047204
0.97821 38.411 75.992 51.634 60.043 -0.59931 0.04737
0.97857 38.49 76.71 51.989 60.156 -0.62212 0.046581
0.97889 38.602 77.418 52.336 60.259 -0.63335 0.044957
0.97916 38.745 78.066 52.66 60.346 -0.6337 0.042665
0.97938 38.919 78.605 52.952 60.414 -0.62442 0.039907
0.97954 39.118 78.996 53.202 60.458 -0.60723 0.036906
0.97965 39.335 79.211 53.406 60.478 -0.58421 0.033888
0.97971 39.561 79.233 53.561 60.473 -0.55768 0.031071
0.97974 39.785 79.062 53.668 60.447 -0.53004 0.028645
0.97974 39.997 78.709 53.731 60.402 -0.50361 0.026766
0.97972 40.184 78.201 53.757 60.343 -0.48054 0.025546
0.97969 40.336 77.571 53.752 60.275 -0.46259 0.02505
0.97965 40.444 76.864 53.726 60.204 -0.45112 0.025294
0.97963 40.501 76.127 53.688 60.137 -0.44692 0.026255
0.97961 40.504 75.41 53.645 60.079 -0.45026 0.027868
0.97961 40.452 74.76 53.603 60.035 -0.46087 0.030047
0.97964 40.348 74.217 53.565 60.008 -0.47796 0.032687
0.9797 40.199 73.813 53.532 60 -0.50038 0.035677
0.9798 40.012 73.569 53.501 60.012 -0.5267 0.03891
0.97994 39.798 73.491 53.468 60.044 -0.55536 0.042289
0.98012 39.568 73.57 53.422 60.092 -0.5848 0.045726
0.98035 39.334 73.784 53.355 60.154 -0.61365 0.049149
0.98062 39.106 74.095 53.253 60.224 -0.64079 0.052492
0.98094 38.895 74.458 53.105 60.297 -0.66549 0.055689
0.98129 38.705 74.819 52.899 60.367 -0.68739 0.058672
0.98167 38.542 75.123 52.623 60.427 -0.70659 0.061354
0.98206 38.407 75.319 52.268 60.471 -0.72353 0.063625
0.98244 38.298 75.363 51.83 60.494 -0.73896 0.065349
0.98281 38.21 75.228 51.304 60.492 -0.75378 0.066358
0.98314 38.137 74.901 50.695 60.461 -0.76895 0.066456
0.98343 38.07 74.387 50.006 60.398 -0.78532 0.065427
0.98366 38.002 73.713 49.25 60.304 -0.80347 0.063047
0.98382 37.925 72.918 48.439 60.18 -0.82367 0.059101
0.98393 37.834 72.058 47.593 60.027 -0.84572 0.0534
0.98398 37.723 71.195 46.733 59.85 -0.86898 0.045802
0.98398 37.593 70.393 45.881 59.654 -0.89235 0.036231
0.98393 37.447 69.711 45.062 59.446 -0.91432 0.024696
0.98385 37.288 69.2 44.303 59.234 -0.93312 0.011298
0.98374 37.127 68.897 43.626 59.024 -0.94681 -0.0037625
0.9836 36.972 68.821 43.055 58.826 -0.95347 -0.020186
0.98342 36.834 68.976 42.608 58.648 -0.95138 -0.037586
0.9832 36.723 69.346 42.302 58.495 -0.93912 -0.055505
0.98292 36.649 69.905 42.147 58.375 -0.91577 -0.07344
0.98256 36.619 70.611 42.148 58.292 -0.88097 -0.090865
0.98211 36.635 71.42 42.305 58.249 -0.835 -0.10727
0.98156 36.699 72.285 42.612 58.247 -0.77874 -0.12217
0.9809 36.807 73.158 43.057 58.285 -0.7137 -0.13518
0.98012 36.952 74 43.623 58.361 -0.64187 -0.14597
0.97925 37.127 74.778 44.289 58.47 -0.56562 -0.15433
0.9783 37.323 75.466 45.03 58.605 -0.48757 -0.16019
0.97732 37.529 76.05 45.819 58.76 -0.4104 -0.16356
0.97635 37.735 76.521 46.629 58.927 -0.33673 -0.16457
0.97544 37.934 76.879 47.433 59.098 -0.26896 -0.16345
0.97466 38.118 77.128 48.205 59.265 -0.20917 -0.16048
0.97405 38.283 77.274 48.924 59.422 -0.159 -0.15601
0.97366 38.426 77.329 49.572 59.562 -0.11963 -0.15039
0.97353 38.546 77.303 50.137 59.681 -0.091772 -0.14395
0.97366 38.644 77.208 50.611 59.778 -0.075629 -0.13703
0.97406 38.722 77.057 50.992 59.85 -0.070984 -0.12989
0.97468 38.783 76.862 51.284 59.9 -0.077231 -0.12274
0.97549 38.829 76.635 51.494 59.929 -0.093447 -0.11573
0.97643 38.863 76.391 51.634 59.941 -0.11846 -0.10896
0.97743 38.889 76.141 51.717 59.942 -0.15093 -0.10245
0.97842 38.908 75.899 51.761 59.935 -0.1894 -0.096203
0.97933 38.924 75.678 51.781 59.927 -0.23235 -0.090191
0.98012 38.936 75.488 51.792 59.922 -0.27828 -0.084368
0.98075 38.948 75.339 51.809 59.925 -0.32569 -0.078699
0.98119 38.958 75.236 51.841 59.938 -0.37318 -0.073162
0.98143 38.969 75.183 51.899 59.964 -0.41944 -0.067764
0.9815 38.98 75.18 51.986 60.003 -0.46329 -0.06254
0.98141 38.992 75.222 52.103 60.054 -0.50371 -0.057558
0.98121 39.005 75.304 52.25 60.117 -0.53987 -0.05291
0.98093 39.019 75.416 52.421 60.187 -0.57113 -0.048708
0.98061 39.034 75.551 52.609 60.262 -0.59712 -0.045071
0.98029 39.049 75.698 52.808 60.338 -0.61768 -0.042113
0.98001 39.065 75.849 53.009 60.411 -0.63296 -0.039932
0.97979 39.081 75.998 53.202 60.479 -0.64334 -0.038596
0.97965 39.096 76.14 53.382 60.537 -0.64945 -0.038136
0.97959 39.11 76.271 53.542 60.585 -0.65215 -0.038539
0.97961 39.123 76.388 53.677 60.621 -0.65248 -0.039748
0.97971 39.134 76.49 53.786 60.645 -0.65158 -0.041663
0.97987 39.143 76.573 53.869 60.656 -0.65065 -0.044143
0.98008 39.151 76.634 53.927 60.656 -0.65088 -0.047024
0.98031 39.158 76.667 53.964 60.646 -0.65332 -0.05012
0.98056 39.164 76.667 53.985 60.629 -0.65887 -0.053243
0.98079 39.17 76.628 53.995 60.608 -0.66817 -0.056214
0.98101 39.177 76.546 54.001 60.583 -0.68156 -0.058872
0.98119 39.184 76.422 54.008 60.559 -0.69909 -0.061089
0.98133 39.191 76.257 54.022 60.536 -0.72043 -0.062773
0.98141 39.197 76.06 54.046 60.517 -0.74496 -0.063873
0.98143 39.202 75.845 54.082 60.502 -0.77179 -0.064379
0.98139 39.202 75.628 54.131 60.493 -0.79982 -0.064318
0.98128 39.196 75.43 54.192 60.487 -0.82781 -0.063751
0.9811 39.181 75.273 54.262 60.485 -0.85451 -0.062759
0.98085 39.154 75.176 54.338 60.484 -0.87874 -0.061436
0.98055 39.114 75.157 54.415 60.482 -0.89948 -0.059882
0.9802 39.059 75.228 54.485 60.475 -0.91596 -0.058191
0.97982 38.988 75.395 54.543 60.461 -0.92774 -0.056445
0.97942 38.903 75.656 54.581 60.437 -0.93472 -0.054709
0.97902 38.803 76.004 54.595 60.401 -0.93721 -0.053033
0.97865 38.694 76.423 54.578 60.35 -0.93583 -0.051446
0.97835 38.577 76.892 54.526 60.284 -0.93157 -0.049966
0.97812 38.459 77.385 54.436 60.204 -0.92561 -0.048603
0.97799 38.342 77.875 54.306 60.112 -0.91932 -0.04736
0.97797 38.234 78.332 54.135 60.01 -0.9141 -0.046246
0.97807 38.137 78.729 53.925 59.903 -0.91128 -0.045273
0.9783 38.056 79.041 53.677 59.795 -0.91205 -0.04446
0.97863 37.993 79.25 53.396 59.692 -0.91731 -0.043837
0.97905 37.949 79.343 53.087 59.599 -0.92765 -0.043436
0.97954 37.926 79.316 52.756 59.52 -0.94328 -0.043289
0.98006 37.92 79.173 52.408 59.461 -0.96401 -0.043424
0.98058 37.93 78.928 52.052 59.424 -0.98928 -0.043852
0.98106 37.952 78.599 51.696 59.411 -1.0182 -0.044567
0.98146 37.982 78.212 51.346 59.42 -1.0495 -0.045535
0.98176 38.016 77.799 51.011 59.452 -1.0819 -0.046699
0.98192 38.051 77.39 50.698 59.501 -1.1138 -0.04797
0.98193 38.082 77.017 50.413 59.565 -1.1438 -0.04924
0.98178 38.108 76.709 50.163 59.636 -1.1704 -0.050384
0.98146 38.127 76.489 49.951 59.709 -1.1924 -0.051271
0.98097 38.137 76.372 49.78 59.777 -1.2089 -0.051777
0.98035 38.14 76.367 49.653 59.836 -1.219 -0.051799
0.9796 38.135 76.474 49.568 59.879 -1.2226 -0.051262
0.97877 38.126 76.682 49.524 59.905 -1.2194 -0.050133
0.9779 38.113 76.978 49.517 59.912 -1.21 -0.048424
0.97703 38.098 77.338 49.542 59.9 -1.1949 -0.046195
0.97622 38.085 77.739 49.592 59.872 -1.1749 -0.043555
0.97551 38.075 78.153 49.66 59.832 -1.1512 -0.04065
0.97495 38.07 78.554 49.739 59.786 -1.1251 -0.037656
0.97457 38.071 78.92 49.822 59.739 -1.0978 -0.034768
0.97439 38.079 79.229 49.9 59.697 -1.0707 -0.032181
0.97443 38.095 79.466 49.969 59.668 -1.045 -0.030085
0.97467 38.117 79.62 50.025 59.654 -1.0217 -0.028644
0.9751 38.144 79.686 50.064 59.66 -1.002 -0.027993
0.97568 38.176 79.662 50.087 59.686 -0.98631 -0.02823
0.97635 38.21 79.551 50.097 59.732 -0.97521 -0.029415
0.97707 38.244 79.362 50.095 59.796 -0.96876 -0.031569
0.97778 38.276 79.106 50.089 59.874 -0.96675 -0.034678
0.97842 38.304 78.798 50.084 59.959 -0.96866 -0.038703
0.97894 38.327 78.455 50.088 60.047 -0.97368 -0.043583
0.9793 38.344 78.098 50.107 60.132 -0.9807 -0.04924
0.97949 38.355 77.748 50.148 60.207 -0.98842 -0.055587
0.97947 38.362 77.427 50.215 60.267 -0.99535 -0.062531
0.97928 38.366 77.155 50.31 60.31 -0.99995 -0.06997
0.97891 38.368 76.95 50.434 60.332 -1.0006 -0.077795
0.97841 38.373 76.825 50.582 60.334 -0.99593 -0.085885
0.97782 38.381 76.788 50.751 60.317 -0.98458 -0.094102
0.9772 38.396 76.84 50.93 60.282 -0.96558 -0.10229
0.9766 38.419 76.978 51.111 60.234 -0.93833 -0.11027
0.9761 38.451 77.187 51.282 60.176 -0.90269 -0.11783
0.97574 38.492 77.449 51.431 60.112 -0.85901 -0.12476
0.97558 38.539 77.74 51.544 60.047 -0.80822 -0.13082
0.97565 38.591 78.032 51.613 59.984 -0.7518 -0.13576
0.97598 38.644 78.294 51.628 59.924 -0.69172 -0.13937
0.97658 38.694 78.497 51.582 59.871 -0.63042 -0.14142
0.97742 38.737 78.611 51.473 59.825 -0.57067 -0.14176
0.97849 38.768 78.613 51.302 59.786 -0.51545 -0.14029
0.97972 38.785 78.486 51.071 59.753 -0.46774 -0.13695
0.98107 38.786 78.22 50.789 59.725 -0.4304 -0.13179
0.98246 38.77 77.815 50.466 59.703 -0.40592 -0.12494
0.98382 38.74 77.279 50.116 59.685 -0.39626 -0.1166
0.98508 38.698 76.631 49.752 59.672 -0.40268 -0.10705
0.98619 38.648 75.901 49.391 59.662 -0.42562 -0.096651
0.98711 38.596 75.125 49.049 59.658 -0.46461 -0.085786
0.98779 38.548 74.344 48.74 59.661 -0.51823 -0.074869
0.98824 38.508 73.604 48.478 59.67 -0.58419 -0.06431
0.98844 38.483 72.95 48.274 59.689 -0.65942 -0.054488
0.98844 38.474 72.42 48.137 59.718 -0.74022 -0.045724
0.98824 38.484 72.047 48.073 59.758 -0.82254 -0.03826
0.98791 38.513 71.852 48.083 59.81 -0.90218 -0.032237
0.98747 38.56 71.841 48.169 59.872 -0.97513 -0.027686
0.98699 38.621 72.006 48.324 59.945 -1.0378 -0.024519
0.98651 38.691 72.326 48.544 60.026 -1.0874 -0.022537
0.98606 38.766 72.766 48.818 60.113 -1.122 -0.021435
0.98568 38.84 73.281 49.135 60.204 -1.1407 -0.020827
0.98539 38.909 73.823 49.482 60.296 -1.144 -0.02027
0.9852 38.967 74.342 49.844 60.387 -1.1332 -0.019297
0.98511 39.012 74.795 50.207 60.475 -1.1109 -0.01745
0.98511 39.041 75.145 50.552 60.557 -1.0805 -0.014318
0.98518 39.054 75.37 50.866 60.632 -1.046 -0.0095739
0.98531 39.05 75.458 51.131 60.696 -1.0115 -0.0029987
0.98547 39.032 75.414 51.332 60.75 -0.98152 0.0054897
0.98564 38.999 75.252 51.457 60.789 -0.95978 0.015824
0.9858 38.955 74.998 51.493 60.814 -0.94958 0.027784
0.98594 38.9 74.682 51.433 60.822 -0.95324 0.041003
0.98604 38.837 74.337 51.27 60.81 -0.97202 0.054986
0.98609 38.766 73.994 51.002 60.779 -1.006 0.06914
0.9861 38.688 73.68 50.633 60.728 -1.0541 0.082812
0.98606 38.602 73.414 50.169 60.656 -1.1142 0.09533
0.98598 38.509 73.209 49.622 60.566 -1.1831 0.10606
0.98586 38.408 73.07 49.008 60.46 -1.2571 0.11443
0.98571 38.3 72.993 48.347 60.342 -1.3322 0.12001
0.98552 38.187 72.974 47.663 60.217 -1.4042 0.12253
0.98531 38.07 73 46.981 60.091 -1.4691 0.1219
0.98508 37.953 73.061 46.327 59.969 -1.5236 0.11822
0.98482 37.839 73.147 45.728 59.857 -1.5651 0.11184
0.98455 37.735 73.249 45.209 59.76 -1.5922 0.10325
0.98427 37.646 73.364 44.791 59.684 -1.6044 0.093137
0.984 37.577 73.487 44.492 59.63 -1.6025 0.082303
0.98374 37.534 73.621 44.323 59.599 -1.5882 0.071627
0.98351 37.521 73.765 44.29 59.593 -1.5642 0.062004
0.98333 37.542 73.921 44.393 59.607 -1.5342 0.05429
0.98322 37.597 74.089 44.627 59.64 -1.5022 0.049238
0.98319 37.686 74.268 44.978 59.687 -1.4723 0.047446
0.98326 37.808 74.451 45.429 59.744 -1.4487 0.049312
0.98343 37.959 74.631 45.961 59.805 -1.4351 0.055004
0.98369 38.133 74.798 46.55 59.867 -1.4345 0.064435
0.98403 38.325 74.941 47.171 59.926 -1.4487 0.077269
0.98441 38.528 75.049 47.799 59.98 -1.4789 0.09293
0.98478 38.735 75.113 48.413 60.027 -1.5245 0.11064
0.9851 38.937 75.128 48.992 60.068 -1.5839 0.12944
0.98529 39.127 75.094 49.519 60.103 -1.6542 0.14829
0.98529 39.297 75.015 49.981 60.134 -1.7316 0.1661
0.98505 39.442 74.899 50.369 60.163 -1.8111 0.18178
0.98451 39.555 74.759 50.681 60.192 -1.8874 0.19434
0.98363 39.631 74.608 50.916 60.223 -1.9548 0.20295
0.98239 39.669 74.459 51.079 60.256 -2.0079 0.20694
0.98081 39.666 74.322 51.179 60.291 -2.0414 0.20592
0.9789 39.625 74.205 51.226 60.327 -2.0511 0.19972
0.97672 39.548 74.11 51.233 60.361 -2.0339 0.18845
0.97434 39.441 74.033 51.216 60.391 -1.9879 0.17249
0.97187 39.311 73.969 51.19 60.413 -1.9127 0.15244
0.96941 39.168 73.908 51.171 60.424 -1.8097 0.12911
0.96707 39.021 73.84 51.172 60.421 -1.6815 0.10347
0.96497 38.883 73.757 51.206 60.402 -1.5323 0.076575
0.96322 38.763 73.654 51.283 60.368 -1.3676 0.049549
0.96191 38.673 73.531 51.409 60.32 -1.1935 0.023485
0.96111 38.62 73.393 51.584 60.259 -1.017 -0.00059096
0.96089 38.611 73.251 51.807 60.191 -0.84506 -0.021773
0.96126 38.649 73.121 52.068 60.121 -0.68438 -0.03932
0.9622 38.731 73.019 52.353 60.053 -0.54112 -0.052689
0.96369 38.852 72.964 52.643 59.992 -0.42048 -0.061552
0.96565 39.001 72.967 52.914 59.943 -0.32636 -0.06581
0.96798 39.163 73.037 53.138 59.909 -0.26126 -0.065588
0.97058 39.316 73.175 53.284 59.891 -0.22606 -0.061221
0.97332 39.439 73.37 53.32 59.888 -0.22013 -0.053229
0.97606 39.504 73.606 53.216 59.896 -0.24131 -0.042283
0.9787 39.487 73.857 52.943 59.912 -0.2862 -0.029164
0.98111 39.361 74.094 52.477 59.928 -0.35035 -0.014721
0.98323 39.105 74.283 51.801 59.938 -0.42862 0.00017826
0.98499 38.702 74.394 50.906 59.933 -0.51556 0.014695
0.98638 38.145 74.401 49.792 59.907 -0.60575 0.028062
0.98738 37.433 74.284 48.468 59.854 -0.69421 0.039618
0.98804 36.575 74.032 46.956 59.77 -0.77668 0.048847
0.98839 35.593 73.646 45.286 59.653 -0.84988 0.055394
0.9885 34.514 73.133 43.495 59.504 -0.91173 0.059083
0.98843 33.375 72.511 41.632 59.327 -0.96136 0.059915
0.98825 32.219 71.802 39.745 59.128 -0.99916 0.058067
0.98802 31.09 71.032 37.89 58.915 -1.0266 0.053868
0.98779 30.031 70.226 36.119 58.699 -1.0461 0.047782
0.9876 29.08 69.41 34.483 58.49 -1.0608 0.04037
0.98746 28.272 68.605 33.026 58.299 -1.074 0.032259
0.9874 27.627 67.83 31.786 58.136 -1.0891 0.024104
0.9874 27.158 67.097 30.79 58.011 -1.1091 0.016545
0.98747 26.867 66.418 30.054 57.929 -1.1363 0.010181
0.98758 26.745 65.801 29.582 57.895 -1.1724 0.0055305
0.98771 26.773 65.251 29.368 57.91 -1.2176 0.0030112
0.98786 26.926 64.775 29.392 57.972 -1.2712 0.00292
0.988 27.174 64.379 29.626 58.076 -1.3314 0.0054225
0.98812 27.483 64.068 30.035 58.215 -1.3953 0.01055
0.98821 27.822 63.85 30.576 58.382 -1.4591 0.018202
0.98826 28.158 63.731 31.203 58.565 -1.5186 0.028159
0.98829 28.466 63.72 31.869 58.756 -1.5694 0.040095
0.98828 28.721 63.821 32.528 58.943 -1.6073 0.053601
0.98825 28.906 64.036 33.14 59.118 -1.6285 0.0682
0.98821 29.011 64.365 33.668 59.272 -1.63 0.083377
0.98816 29.029 64.804 34.082 59.399 -1.6101 0.098597
0.98811 28.961 65.341 34.364 59.494 -1.5684 0.11333
0.98807 28.811 65.96 34.5 59.554 -1.5058 0.12708
0.98804 28.587 66.64 34.489 59.579 -1.4246 0.13937
0.98803 28.302 67.351 34.336 59.569 -1.3284 0.1498
0.98803 27.971 68.062 34.055 59.526 -1.2221 0.15804
0.98803 27.61 68.735 33.667 59.456 -1.1111 0.16384
0.98803 27.236 69.332 33.198 59.363 -1.0015 0.16704
0.98803 26.868 69.816 32.675 59.254 -0.89933 0.16755
0.98802 26.522 70.152 32.129 59.136 -0.81026 0.16541
0.98798 26.215 70.315 31.591 59.016 -0.73924 0.16072
0.98793 25.961 70.286 31.089 58.901 -0.6901 0.15368
0.98785 25.773 70.063 30.647 58.799 -0.66534 0.14457
0.98775 25.658 69.654 30.287 58.715 -0.66589 0.13374
0.98764 25.624 69.084 30.023 58.655 -0.69109 0.12157
0.98753 25.672 68.389 29.863 58.622 -0.73868 0.10851
0.98742 25.799 67.62 29.809 58.618 -0.80501 0.095022
0.98733 26 66.833 29.857 58.642 -0.88527 0.081558
0.98725 26.265 66.089 29.998 58.694 -0.97384 0.068558
0.9872 26.58 65.446 30.215 58.768 -1.0647 0.056424
0.98718 26.931 64.96 30.489 58.861 -1.1517 0.045498
0.9872 27.299 64.672 30.799 58.965 -1.2295 0.036051
0.98723 27.665 64.613 31.12 59.073 -1.2931 0.028266
0.98729 28.01 64.797 31.428 59.177 -1.339 0.022236
0.98737 28.316 65.218 31.701 59.27 -1.3652 0.017955
0.98747 28.565 65.858 31.919 59.345 -1.3709 0.015328
0.98758 28.744 66.679 32.065 59.396 -1.3571 0.014173
0.9877 28.843 67.633 32.126 59.419 -1.3264 0.014238
0.98782 28.855 68.66 32.096 59.411 -1.2825 0.015217
0.98795 28.779 69.698 31.973 59.371 -1.23 0.016772
0.98809 28.618 70.681 31.761 59.302 -1.1745 0.018558
0.98824 28.381 71.549 31.467 59.208 -1.1213 0.020241
0.98839 28.08 72.251 31.105 59.093 -1.076 0.021522
0.98855 27.732 72.748 30.692 58.966 -1.0432 0.022159
0.9887 27.355 73.016 30.246 58.835 -1.0268 0.021976
0.98885 26.969 73.051 29.788 58.708 -1.0293 0.020876
0.98899 26.597 72.865 29.34 58.593 -1.0521 0.018845
0.9891 26.255 72.489 28.921 58.498 -1.0949 0.015949
0.98918 25.963 71.967 28.551 58.429 -1.156 0.012327
0.98922 25.732 71.355 28.245 58.39 -1.2326 0.0081757
0.98921 25.573 70.711 28.014 58.382 -1.3208 0.0037393
0.98916 25.488 70.096 27.867 58.406 -1.416 -0.00071497
0.98905 25.478 69.563 27.807 58.459 -1.5132 -0.0049145
0.9889 25.537 69.156 27.832 58.536 -1.6075 -0.008602
0.9887 25.656 68.905 27.939 58.632 -1.6942 -0.011554
0.98847 25.822 68.825 28.117 58.74 -1.7694 -0.013595
0.9882 26.02 68.915 28.355 58.853 -1.83 -0.014612
0.98792 26.236 69.163 28.639 58.964 -1.8741 -0.014563
0.98764 26.452 69.543 28.952 59.065 -1.9007 -0.013475
0.98736 26.655 70.023 29.279 59.151 -1.9102 -0.011448
0.9871 26.832 70.567 29.604 59.216 -1.9038 -0.0086471
0.98687 26.974 71.137 29.914 59.258 -1.8839 -0.0052903
0.98668 27.075 71.7 30.195 59.274 -1.8533 -0.001636
0.98654 27.13 72.222 30.439 59.264 -1.8156 0.0020345
0.98645 27.14 72.68 30.641 59.229 -1.7744 0.005436
0.98642 27.109 73.053 30.796 59.173 -1.7332 0.0082989
0.98644 27.041 73.327 30.907 59.099 -1.6957 0.010389
0.98652 26.944 73.493 30.976 59.014 -1.6647 0.011523
0.98665 26.826 73.547 31.009 58.924 -1.643 0.011588
0.98682 26.698 73.491 31.014 58.835 -1.6323 0.010546
0.98702 26.568 73.328 31.001 58.755 -1.634 0.0084458
0.98725 26.445 73.066 30.978 58.69 -1.6488 0.0054175
0.98748 26.335 72.714 30.954 58.646 -1.6766 0.001669
0.9877 26.243 72.286 30.938 58.627 -1.717 -0.0025279
0.9879 26.174 71.797 30.937 58.635 -1.7691 -0.006856
0.98807 26.129 71.262 30.953 58.672 -1.8314 -0.010976
0.9882 26.107 70.701 30.991 58.736 -1.9022 -0.014552
0.98828 26.107 70.133 31.049 58.824 -1.9797 -0.017283
0.98831 26.125 69.577 31.126 58.931 -2.0616 -0.018925
0.98829 26.158 69.054 31.219 59.051 -2.1458 -0.019317
0.98823 26.202 68.58 31.323 59.178 -2.2299 -0.018397
0.98813 26.254 68.174 31.433 59.303 -2.3116 -0.016216
0.988 26.309 67.847 31.544 59.421 -2.3885 -0.012933
0.98786 26.365 67.609 31.651 59.526 -2.4587 -0.0088116
0.98772 26.422 67.467 31.752 59.612 -2.5201 -0.0041981
0.9876 26.479 67.42 31.844 59.677 -2.571 0.00050355
0.9875 26.538 67.466 31.928 59.721 -2.6101 0.0048659
0.98743 26.598 67.598 32.003 59.743 -2.6365 0.0084752
0.98741 26.664 67.806 32.074 59.747 -2.6496 0.01097
0.98742 26.736 68.077 32.142 59.736 -2.6498 0.012074
0.98748 26.816 68.399 32.212 59.715 -2.6374 0.011631
0.98756 26.904 68.758 32.288 59.689 -2.6137 0.0096192
0.98766 27.001 69.139 32.372 59.662 -2.5804 0.0061638
0.98777 27.104 69.532 32.466 59.637 -2.5396 0.0015324
0.98787 27.21 69.924 32.571 59.619 -2.4937 -0.0038817
0.98795 27.313 70.307 32.685 59.607 -2.4454 -0.0095878
0.98799 27.408 70.676 32.804 59.602 -2.3975 -0.015037
0.98798 27.489 71.027 32.922 59.602 -2.3525 -0.019666
0.98791 27.549 71.358 33.035 59.605 -2.3129 -0.022951
0.98779 27.581 71.668 33.132 59.608 -2.2807 -0.024449
0.98761 27.58 71.961 33.207 59.605 -2.2575 -0.023846
0.98738 27.544 72.237 33.252 59.593 -2.2444 -0.02099
0.98712 27.471 72.498 33.26 59.568 -2.2416 -0.01591
0.98683 27.362 72.744 33.227 59.526 -2.2491 -0.0088263
0.98654 27.221 72.975 33.148 59.466 -2.2658 -0.00014056
0.98626 27.052 73.186 33.025 59.386 -2.2906 0.0095888
0.98601 26.865 73.375 32.86 59.287 -2.3216 0.019684
0.9858 26.666 73.535 32.658 59.17 -2.3569 0.029396
0.98564 26.467 73.659 32.427 59.04 -2.3944 0.037965
0.98555 26.276 73.743 32.178 58.899 -2.4317 0.044671
0.98554 26.102 73.782 31.922 58.752 -2.467 0.048901
0.9856 25.954 73.776 31.672 58.606 -2.4985 0.050191
0.98574 25.837 73.727 31.442 58.465 -2.5248 0.04827
0.98594 25.755 73.641 31.242 58.336 -2.5449 0.043079
0.98619 25.711 73.53 31.085 58.222 -2.5584 0.034786
0.98649 25.704 73.407 30.979 58.127 -2.565 0.023771
0.98681 25.731 73.291 30.93 58.056 -2.5653 0.010605
0.98713 25.788 73.202 30.942 58.009 -2.5599 -0.0039984
0.98745 25.871 73.159 31.017 57.987 -2.5497 -0.019226
0.98773 25.973 73.179 31.151 57.991 -2.5359 -0.034229
0.98797 26.088 73.277 31.339 58.019 -2.5199 -0.048185
0.98815 26.21 73.461 31.575 58.067 -2.503 -0.060354
0.98826 26.333 73.734 31.849 58.133 -2.4863 -0.070132
0.98832 26.453 74.088 32.15 58.213 -2.4712 -0.077089
0.98831 26.565 74.509 32.467 58.301 -2.4585 -0.080996
0.98825 26.668 74.973 32.787 58.393 -2.4493 -0.081835
0.98814 26.759 75.451 33.099 58.484 -2.4443 -0.079793
0.988 26.837 75.907 33.392 58.571 -2.4439 -0.075236
0.98784 26.901 76.303 33.656 58.649 -2.4487 -0.068679
0.98769 26.952 76.602 33.883 58.716 -2.4591 -0.060736
0.98754 26.988 76.771 34.067 58.769 -2.4752 -0.052074
0.98741 27.01 76.783 34.204 58.807 -2.4972 -0.043355
0.98731 27.018 76.621 34.293 58.831 -2.5252 -0.035192
0.98724 27.014 76.28 34.334 58.839 -2.5593 -0.028102
0.98721 26.999 75.766 34.331 58.833 -2.5993 -0.022476
0.9872 26.975 75.1 34.291 58.814 -2.6451 -0.018556
0.98722 26.944 74.312 34.222 58.786 -2.6963 -0.016432
0.98725 26.91 73.44 34.134 58.749 -2.7522 -0.01604
0.98729 26.878 72.529 34.039 58.708 -2.8123 -0.017187
0.98733 26.851 71.626 33.951 58.666 -2.8755 -0.019574
0.98735 26.835 70.779 33.882 58.625 -2.9407 -0.022829
0.98735 26.834 70.031 33.846 58.589 -3.0064 -0.026545
0.98733 26.852 69.419 33.856 58.56 -3.0713 -0.030322
0.98727 26.892 68.972 33.922 58.54 -3.1335 -0.033794
0.98717 26.954 68.71 34.054 58.53 -3.1916 -0.036663
0.98703 27.04 68.641 34.258 58.529 -3.2438 -0.038718
0.98685 27.147 68.766 34.536 58.537 -3.2889 -0.039849
0.98664 27.272 69.074 34.886 58.553 -3.3254 -0.040047
0.98641 27.41 69.545 35.305 58.574 -3.3526 -0.039401
0.98615 27.556 70.152 35.784 58.598 -3.37 -0.038079
0.9859 27.701 70.861 36.312 58.622 -3.3774 -0.036311
0.98564 27.84 71.635 36.873 58.643 -3.3752 -0.034361
0.9854 27.966 72.434 37.452 58.659 -3.3642 -0.032503
0.98519 28.072 73.218 38.033 58.667 -3.3457 -0.030992
0.985 28.154 73.949 38.597 58.668 -3.3211 -0.030039
0.98485 28.208 74.594 39.129 58.659 -3.2924 -0.029794
0.98473 28.231 75.126 39.613 58.641 -3.2615 -0.030332
0.98464 28.224 75.526 40.038 58.615 -3.2307 -0.031647
0.98458 28.188 75.783 40.395 58.58 -3.202 -0.03365
0.98455 28.126 75.897 40.677 58.538 -3.1773 -0.03618
0.98454 28.042 75.875 40.883 58.489 -3.1582 -0.039018
0.98454 27.941 75.733 41.014 58.435 -3.1462 -0.041904
0.98457 27.829 75.49 41.072 58.374 -3.1423 -0.044562
0.98461 27.714 75.174 41.066 58.308 -3.1468 -0.046722
0.98466 27.6 74.81 41.004 58.237 -3.16 -0.048147
0.98474 27.494 74.426 40.893 58.16 -3.1813 -0.048648
0.98483 27.399 74.048 40.746 58.078 -3.21 -0.04811
0.98495 27.321 73.696 40.572 57.992 -3.2449 -0.046494
0.9851 27.26 73.387 40.381 57.902 -3.2844 -0.04385
0.98528 27.218 73.134 40.181 57.811 -3.3269 -0.040308
0.98549 27.193 72.94 39.979 57.721 -3.3705 -0.036075
0.98573 27.183 72.806 39.783 57.635 -3.4136 -0.031415
0.98598 27.185 72.726 39.599 57.555 -3.4542 -0.026629
0.98624 27.196 72.69 39.43 57.484 -3.4911 -0.022032
0.98649 27.213 72.684 39.282 57.426 -3.5228 -0.01793
0.98671 27.232 72.693 39.157 57.383 -3.5485 -0.014588
0.98689 27.252 72.701 39.06 57.358 -3.5678 -0.012217
0.98701 27.271 72.693 38.993 57.351 -3.5806 -0.010948
0.98704 27.291 72.654 38.96 57.364 -3.5872 -0.010829
0.98698 27.314 72.576 38.965 57.395 -3.5884 -0.011817
0.98682 27.341 72.452 39.008 57.443 -3.5852 -0.013784
0.98656 27.376 72.28 39.093 57.506 -3.5789 -0.016528
0.98619 27.423 72.064 39.22 57.581 -3.5708 -0.019792
0.98574 27.484 71.809 39.387 57.665 -3.5623 -0.023288
0.98522 27.562 71.525 39.591 57.752 -3.5549 -0.026723
0.98467 27.657 71.227 39.826 57.839 -3.5496 -0.029822
0.98412 27.768 70.928 40.085 57.922 -3.5472 -0.03236
0.9836 27.893 70.643 40.357 57.996 -3.5481 -0.034177
0.98316 28.026 70.388 40.63 58.059 -3.5524 -0.035196
0.98282 28.161 70.176 40.889 58.107 -3.5597 -0.035429
0.98262 28.291 70.019 41.119 58.138 -3.5692 -0.034979
0.98257 28.406 69.927 41.304 58.153 -3.5797 -0.03403
0.98267 28.5 69.904 41.428 58.149 -3.5899 -0.032831
0.98293 28.563 69.952 41.479 58.13 -3.5981 -0.031679
0.98333 28.59 70.07 41.444 58.095 -3.6028 -0.030888
0.98384 28.576 70.25 41.315 58.048 -3.6025 -0.030765
0.98442 28.519 70.481 41.089 57.992 -3.5959 -0.031584
0.98504 28.418 70.749 40.765 57.93 -3.582 -0.033558
0.98565 28.277 71.036 40.349 57.867 -3.5602 -0.036825
0.98621 28.1 71.326 39.85 57.806 -3.5303 -0.04143
0.98669 27.894 71.6 39.283 57.75 -3.4929 -0.04732
0.98704 27.669 71.843 38.666 57.705 -3.4485 -0.054352
0.98725 27.432 72.043 38.019 57.671 -3.3986 -0.062291
0.98728 27.194 72.194 37.365 57.652 -3.3446 -0.070837
0.98715 26.963 72.292 36.728 57.648 -3.2883 -0.079641
0.98684 26.747 72.343 36.133 57.66 -3.2316 -0.088329
0.98637 26.553 72.353 35.602 57.687 -3.1766 -0.09653
0.98576 26.386 72.338 35.155 57.728 -3.125 -0.1039
0.98504 26.249 72.311 34.81 57.781 -3.0784 -0.11014
0.98425 26.144 72.291 34.581 57.842 -3.0383 -0.11503
0.98343 26.073 72.293 34.478 57.909 -3.0056 -0.11842
0.98262 26.035 72.334 34.505 57.978 -2.981 -0.12025
0.98187 26.033 72.423 34.665 58.047 -2.9646 -0.12053
0.98123 26.068 72.57 34.954 58.114 -2.9564 -0.11937
0.98072 26.14 72.776 35.363 58.176 -2.9558 -0.11693
0.98037 26.253 73.04 35.881 58.232 -2.962 -0.11342
0.98021 26.41 73.353 36.492 58.282 -2.974 -0.10909
0.98023 26.613 73.705 37.178 58.325 -2.9906 -0.1042
0.98045 26.864 74.081 37.918 58.362 -3.0104 -0.099009
0.98083 27.162 74.462 38.686 58.392 -3.0321 -0.093756
0.98135 27.505 74.832 39.459 58.415 -3.0543 -0.088656
0.98199 27.886 75.171 40.209 58.432 -3.0757 -0.083893
0.9827 28.294 75.465 40.911 58.442 -3.095 -0.079615
0.98344 28.715 75.698 41.537 58.443 -3.1113 -0.07594
0.98419 29.13 75.861 42.064 58.435 -3.1234 -0.072955
0.98492 29.515 75.946 42.47 58.417 -3.1308 -0.07073
0.98559 29.848 75.949 42.736 58.387 -3.1329 -0.069318
0.98618 30.104 75.871 42.848 58.345 -3.1292 -0.068764
0.9867 30.26 75.714 42.797 58.291 -3.1197 -0.069106
0.98713 30.299 75.483 42.579 58.225 -3.1044 -0.070381
0.98748 30.209 75.186 42.198 58.15 -3.0837 -0.072617
0.98775 29.986 74.831 41.663 58.068 -3.0579 -0.075833
0.98795 29.633 74.428 40.988 57.982 -3.0278 -0.080027
0.9881 29.167 73.986 40.195 57.898 -2.9942 -0.085171
0.9882 28.608 73.515 39.31 57.819 -2.958 -0.0912
0.98827 27.986 73.024 38.361 57.751 -2.9203 -0.098007
0.98832 27.334 72.519 37.381 57.697 -2.8824 -0.10543
0.98835 26.688 72.007 36.402 57.662 -2.8452 -0.11327
0.98836 26.083 71.493 35.455 57.648 -2.8099 -0.12127
0.98836 25.547 70.982 34.569 57.655 -2.7776 -0.12912
0.98836 25.105 70.478 33.77 57.684 -2.7492 -0.13652
0.98835 24.771 69.987 33.081 57.732 -2.7253 -0.14311
0.98833 24.553 69.516 32.515 57.796 -2.7065 -0.14857
0.9883 24.446 69.072 32.083 57.872 -2.6931 -0.1526
0.98826 24.441 68.666 31.789 57.956 -2.6851 -0.15495
0.9882 24.52 68.307 31.631 58.041 -2.6824 -0.15544
0.98813 24.662 68.005 31.601 58.124 -2.6846 -0.15396
0.98804 24.842 67.772 31.688 58.2 -2.6911 -0.1505
0.98793 25.039 67.615 31.876 58.266 -2.7013 -0.14515
0.98779 25.229 67.541 32.147 58.319 -2.7143 -0.13811
0.98763 25.396 67.555 32.481 58.36 -2.7295 -0.12963
0.98744 25.526 67.657 32.858 58.389 -2.7459 -0.12007
0.98723 25.611 67.846 33.26 58.405 -2.7629 -0.10982
0.98697 25.648 68.117 33.666 58.412 -2.7798 -0.099305
0.98669 25.64 68.462 34.06 58.411 -2.7962 -0.088965
0.98636 25.591 68.871 34.427 58.404 -2.8118 -0.079212
0.98601 25.511 69.33 34.756 58.394 -2.8264 -0.070423
0.98563 25.412 69.823 35.038 58.382 -2.84 -0.062914
0.98523 25.306 70.332 35.266 58.369 -2.8527 -0.056928
0.98483 25.208 70.836 35.439 58.356 -2.8646 -0.052626
0.98444 25.129 71.316 35.555 58.345 -2.8758 -0.050085
0.98408 25.082 71.75 35.62 58.334 -2.8866 -0.049297
0.98377 25.077 72.12 35.64 58.326 -2.8971 -0.050179
0.98351 25.123 72.408 35.625 58.319 -2.9072 -0.052582
0.98333 25.225 72.603 35.588 58.315 -2.9168 -0.056302
0.98323 25.386 72.698 35.543 58.316 -2.9257 -0.061095
0.98322 25.607 72.695 35.508 58.322 -2.9334 -0.066693
0.9833 25.882 72.599 35.5 58.335 -2.9397 -0.072811
0.98345 26.206 72.424 35.539 58.357 -2.9438 -0.079159
0.98367 26.568 72.188 35.641 58.39 -2.9454 -0.085455
0.98394 26.956 71.913 35.824 58.436 -2.9438 -0.091428
0.98424 27.354 71.624 36.101 58.495 -2.9387 -0.096823
0.98456 27.748 71.342 36.482 58.568 -2.9297 -0.10141
0.98487 28.122 71.091 36.972 58.654 -2.9168 -0.10498
0.98517 28.46 70.887 37.571 58.751 -2.8999 -0.10738
0.98543 28.751 70.741 38.273 58.857 -2.8792 -0.10846
0.98564 28.985 70.66 39.066 58.968 -2.855 -0.10814
0.9858 29.156 70.643 39.931 59.079 -2.8279 -0.10641
0.9859 29.263 70.687 40.844 59.186 -2.7984 -0.10329
0.98592 29.309 70.784 41.778 59.283 -2.7671 -0.098905
0.98588 29.298 70.925 42.701 59.365 -2.7346 -0.093436
0.98577 29.243 71.101 43.578 59.425 -2.7016 -0.087149
0.9856 29.155 71.307 44.377 59.458 -2.6687 -0.080383
0.98539 29.05 71.538 45.067 59.461 -2.6364 -0.073538
0.98513 28.942 71.794 45.619 59.431 -2.6053 -0.067064
0.98486 28.848 72.077 46.011 59.366 -2.5758 -0.061435
0.98458 28.782 72.389 46.229 59.268 -2.5484 -0.057121
0.98432 28.755 72.734 46.266 59.14 -2.5236 -0.054559
0.98408 28.776 73.109 46.123 58.985 -2.5018 -0.054121
0.98389 28.851 73.512 45.81 58.81 -2.4835 -0.05608
0.98373 28.979 73.93 45.349 58.623 -2.4692 -0.060589
0.98363 29.159 74.35 44.767 58.432 -2.4593 -0.067655
0.98356 29.384 74.749 44.097 58.246 -2.4544 -0.077131
0.98352 29.644 75.106 43.38 58.072 -2.4547 -0.088715
0.98348 29.926 75.395 42.657 57.919 -2.4603 -0.10196
0.98343 30.216 75.595 41.972 57.792 -2.4713 -0.11631
0.98334 30.501 75.689 41.368 57.697 -2.4872 -0.13109
0.98319 30.766 75.671 40.883 57.634 -2.5075 -0.14561
0.98296 31 75.542 40.55 57.606 -2.5313 -0.15915
0.98263 31.194 75.319 40.396 57.609 -2.5575 -0.17106
0.9822 31.342 75.027 40.439 57.641 -2.5847 -0.18075
0.98167 31.442 74.707 40.689 57.696 -2.6114 -0.18778
0.98107 31.497 74.403 41.144 57.768 -2.636 -0.19186
0.9804 31.515 74.169 41.795 57.85 -2.6571 -0.19286
0.9797 31.504 74.056 42.623 57.936 -2.6734 -0.19085
0.97901 31.478 74.109 43.603 58.018 -2.6839 -0.18609
0.97834 31.452 74.366 44.702 58.093 -2.688 -0.17895
0.97772 31.44 74.846 45.884 58.155 -2.6855 -0.16997
0.97716 31.458 75.554 47.11 58.202 -2.6768 -0.15975
0.97668 31.517 76.472 48.339 58.233 -2.6627 -0.14894
0.97626 31.627 77.565 49.533 58.247 -2.6443 -0.13818
0.97589 31.791 78.776 50.656 58.246 -2.6232 -0.12806
0.97554 32.012 80.037 51.678 58.231 -2.601 -0.11909
0.9752 32.285 81.27 52.574 58.206 -2.5794 -0.11164
0.97484 32.601 82.394 53.326 58.172 -2.5599 -0.10597
0.97444 32.948 83.33 53.922 58.133 -2.5439 -0.10216
0.97398 33.313 84.011 54.36 58.091 -2.5323 -0.10017
0.97346 33.68 84.385 54.644 58.048 -2.5255 -0.09981
0.97289 34.033 84.421 54.784 58.007 -2.5235 -0.10079
0.97228 34.359 84.11 54.797 57.969 -2.5255 -0.10273
0.97165 34.646 83.467 54.705 57.934 -2.5306 -0.10522
0.97102 34.887 82.529 54.532 57.905 -2.5373 -0.10782
0.97042 35.077 81.354 54.306 57.881 -2.5441 -0.11012
0.96989 35.215 80.012 54.054 57.863 -2.5491 -0.11176
0.96942 35.304 78.583 53.805 57.851 -2.5508 -0.11246
0.96905 35.349 77.149 53.583 57.845 -2.5479 -0.11203
0.96877 35.357 75.79 53.412 57.844 -2.5392 -0.11037
0.96858 35.338 74.576 53.31 57.848 -2.5245 -0.10748
0.96848 35.298 73.565 53.292 57.855 -2.5038 -0.10345
0.96846 35.248 72.8 53.366 57.865 -2.4778 -0.098464
0.9685 35.193 72.305 53.536 57.877 -2.4478 -0.092727
0.96859 35.139 72.089 53.799 57.889 -2.4153 -0.086497
0.96874 35.09 72.142 54.149 57.899 -2.3825 -0.080042
0.96893 35.05 72.442 54.571 57.906 -2.3515 -0.073616
0.96919 35.018 72.952 55.05 57.909 -2.3245 -0.067447
0.96951 34.995 73.627 55.565 57.907 -2.3034 -0.061721
0.9699 34.982 74.416 56.094 57.898 -2.2901 -0.05657
0.97038 34.976 75.266 56.613 57.882 -2.2857 -0.052072
0.97094 34.978 76.122 57.098 57.859 -2.2909 -0.048252
0.97157 34.988 76.934 57.529 57.829 -2.3058 -0.045084
0.97225 35.005 77.659 57.885 57.793 -2.3298 -0.042506
0.97295 35.031 78.259 58.152 57.751 -2.3618 -0.040426
0.9736 35.067 78.709 58.318 57.706 -2.4002 -0.03874
0.97416 35.114 78.996 58.381 57.66 -2.4431 -0.037341
0.97456 35.173 79.117 58.339 57.613 -2.4883 -0.036133
0.97476 35.245 79.081 58.2 57.569 -2.5336 -0.035036
0.9747 35.331 78.91 57.976 57.529 -2.577 -0.033997
0.97436 35.431 78.634 57.684 57.495 -2.6166 -0.032987
0.97375 35.542 78.291 57.343 57.467 -2.6508 -0.032002
0.97287 35.663 77.922 56.977 57.447 -2.6787 -0.03106
0.97179 35.791 77.572 56.607 57.434 -2.6998 -0.030189
0.97057 35.921 77.28 56.257 57.428 -2.7139 -0.029423
0.9693 36.05 77.084 55.946 57.428 -2.7216 -0.028793
0.96809 36.172 77.011 55.69 57.431 -2.7235 -0.028316
0.96702 36.285 77.078 55.502 57.437 -2.7208 -0.02799
0.96619 36.384 77.29 55.386 57.444 -2.7145 -0.027792
0.96565 36.466 77.64 55.345 57.449 -2.706 -0.027675
0.96546 36.531 78.106 55.372 57.451 -2.6962 -0.027572
0.96564 36.577 78.658 55.458 57.449 -2.686 -0.027401
0.96617 36.608 79.257 55.59 57.44 -2.6759 -0.027074
0.96701 36.625 79.86 55.751 57.424 -2.666 -0.026507
0.96811 36.634 80.424 55.924 57.401 -2.6562 -0.025627
0.9694 36.639 80.908 56.09 57.371 -2.6458 -0.024387
0.97078 36.647 81.278 56.235 57.333 -2.6341 -0.022769
0.97216 36.664 81.512 56.345 57.289 -2.6198 -0.020793
0.97343 36.695 81.595 56.411 57.239 -2.6021 -0.018513
0.9745 36.747 81.53 56.43 57.186 -2.5797 -0.016023
0.97528 36.822 81.327 56.402 57.129 -2.552 -0.013441
0.97567 36.92 81.009 56.33 57.072 -2.5184 -0.01091
0.97562 37.042 80.608 56.225 57.016 -2.4787 -0.008577
0.97507 37.182 80.159 56.097 56.963 -2.4334 -0.0065887
0.974 37.334 79.7 55.959 56.914 -2.3834 -0.0050728
0.97244 37.487 79.268 55.825 56.872 -2.3298 -0.0041289
0.97041 37.629 78.892 55.706 56.837 -2.2744 -0.0038184
0.968 37.745 78.597 55.612 56.811 -2.2193 -0.0041589
0.96532 37.821 78.397 55.549 56.795 -2.1665 -0.0051215
0.96252 37.841 78.298 55.52 56.789 -2.1182 -0.0066327
0.95976 37.793 78.295 55.523 56.793 -2.0764 -0.00858
0.95723 37.667 78.375 55.551 56.807 -2.0426 -0.010821
0.95511 37.457 78.515 55.594 56.831 -2.0183 -0.013193
0.95356 37.165 78.689 55.641 56.863 -2.0039 -0.01553
0.95272 36.795 78.865 55.677 56.901 -1.9996 -0.017671
0.95267 36.361 79.013 55.688 56.943 -2.0049 -0.019479
0.95343 35.881 79.102 55.662 56.989 -2.0186 -0.020844
0.955 35.378 79.108 55.586 57.035 -2.0389 -0.021701
0.95726 34.878 79.011 55.455 57.079 -2.0639 -0.022028
0.96009 34.409 78.805 55.266 57.12 -2.0912 -0.021852
0.96331 33.997 78.487 55.02 57.155 -2.1183 -0.021247
0.96672 33.666 78.071 54.725 57.184 -2.1427 -0.020329
0.97011 33.435 77.575 54.392 57.207 -2.1622 -0.019245
0.97331 33.316 77.026 54.037 57.222 -2.1749 -0.018168
0.97615 33.314 76.455 53.678 57.231 -2.1793 -0.017277
0.97852 33.426 75.895 53.335 57.235 -2.1745 -0.01675
0.98033 33.643 75.379 53.028 57.234 -2.16 -0.016742
0.98157 33.95 74.932 52.777 57.23 -2.1359 -0.01738
0.98224 34.327 74.575 52.598 57.224 -2.1029 -0.018743
0.98238 34.75 74.321 52.507 57.218 -2.062 -0.020858
0.98207 35.196 74.175 52.512 57.212 -2.0149 -0.023691
0.98139 35.64 74.134 52.619 57.206 -1.9631 -0.02715
0.98043 36.062 74.19 52.828 57.202 -1.9087 -0.031081
0.97928 36.444 74.329 53.135 57.197 -1.8537 -0.035283
0.978 36.772 74.536 53.53 57.193 -1.7999 -0.039514
0.97667 37.037 74.797 54 57.188 -1.7492 -0.043512
0.97532 37.237 75.099 54.53 57.182 -1.7032 -0.047009
0.97398 37.373 75.43 55.103 57.174 -1.6634 -0.049756
0.97268 37.451 75.786 55.7 57.163 -1.6306 -0.051541
0.97142 37.482 76.164 56.301 57.15 -1.6056 -0.052206
0.97022 37.479 76.565 56.891 57.135 -1.5887 -0.051665
0.96909 37.456 76.994 57.452 57.118 -1.58 -0.049913
0.96804 37.43 77.456 57.971 57.101 -1.5789 -0.04703
0.96711 37.417 77.956 58.437 57.083 -1.5847 -0.043181
0.96631 37.432 78.498 58.843 57.068 -1.5964 -0.038602
0.96566 37.486 79.08 59.183 57.056 -1.6127 -0.033587
0.9652 37.591 79.695 59.454 57.049 -1.6321 -0.02847
0.96494 37.751 80.329 59.658 57.049 -1.653 -0.023594
0.96489 37.969 80.964 59.796 57.058 -1.6736 -0.01929
0.96505 38.243 81.574 59.872 57.076 -1.6921 -0.015847
0.96542 38.566 82.135 59.891 57.105 -1.7071 -0.013492
0.96596 38.927 82.62 59.859 57.144 -1.717 -0.01237
0.96667 39.314 83.006 59.781 57.193 -1.7206 -0.012531
0.96749 39.711 83.276 59.663 57.251 -1.7171 -0.013928
0.96839 40.099 83.421 59.512 57.316 -1.7058 -0.016419
0.96933 40.463 83.44 59.331 57.385 -1.6867 -0.01978
0.97025 40.785 83.337 59.126 57.457 -1.6599 -0.023722
0.97111 41.051 83.128 58.901 57.529 -1.6262 -0.027917
0.97188 41.249 82.829 58.66 57.597 -1.5864 -0.03202
0.97254 41.372 82.462 58.406 57.66 -1.542 -0.035703
0.97305 41.416 82.049 58.144 57.716 -1.4945 -0.03868
0.97343 41.383 81.611 57.877 57.762 -1.4454 -0.040725
0.97368 41.276 81.165 57.611 57.797 -1.3965 -0.041694
0.97381 41.107 80.728 57.351 57.82 -1.3495 -0.041533
0.97386 40.886 80.31 57.101 57.832 -1.3059 -0.040278
0.97387 40.629 79.916 56.869 57.832 -1.267 -0.038053
0.97385 40.35 79.551 56.661 57.823 -1.2337 -0.035051
0.97385 40.065 79.213 56.483 57.805 -1.2068 -0.031522
0.97389 39.787 78.9 56.341 57.78 -1.1867 -0.027742
0.97398 39.528 78.612 56.241 57.752 -1.1732 -0.023997
0.97414 39.297 78.346 56.185 57.722 -1.1662 -0.02055
0.97437 39.099 78.104 56.176 57.695 -1.165 -0.017624
0.97466 38.936 77.888 56.213 57.672 -1.1689 -0.015385
0.97499 38.808 77.704 56.294 57.657 -1.1768 -0.013925
0.97537 38.71 77.561 56.414 57.651 -1.1878 -0.013261
0.97576 38.638 77.466 56.565 57.656 -1.2007 -0.013335
0.97615 38.586 77.427 56.738 57.672 -1.2147 -0.014023
0.97654 38.546 77.449 56.922 57.698 -1.2288 -0.015145
0.97693 38.512 77.532 57.104 57.734 -1.2424 -0.016485
0.9773 38.48 77.675 57.274 57.776 -1.2548 -0.017813
0.97765 38.444 77.866 57.42 57.823 -1.2659 -0.018901
0.978 38.402 78.093 57.532 57.869 -1.2755 -0.019545
0.97833 38.353 78.335 57.603 57.913 -1.2837 -0.019582
0.97864 38.298 78.571 57.63 57.949 -1.2908 -0.018903
0.97892 38.239 78.779 57.612 57.977 -1.297 -0.017461
0.97916 38.178 78.939 57.552 57.994 -1.303 -0.015271
0.97932 38.119 79.034 57.458 57.998 -1.309 -0.012413
0.97938 38.065 79.055 57.338 57.991 -1.3156 -0.0090213
0.97931 38.02 78.998 57.207 57.972 -1.3232 -0.005273
0.97906 37.988 78.87 57.077 57.945 -1.3318 -0.0013779
0.97861 37.97 78.682 56.963 57.912 -1.3416 0.002439
0.97793 37.968 78.455 56.879 57.877 -1.3524 0.0059517
0.977 37.982 78.212 56.837 57.843 -1.3639 0.0089476
0.97585 38.012 77.977 56.847 57.814 -1.3754 0.011239
0.97447 38.056 77.774 56.913 57.793 -1.3864 0.012674
0.97294 38.112 77.623 57.038 57.783 -1.3959 0.01314
0.9713 38.176 77.54 57.217 57.784 -1.4032 0.012572
0.96965 38.244 77.534 57.443 57.798 -1.4073 0.010947
0.96808 38.312 77.608 57.705 57.824 -1.4075 0.0082893
0.9667 38.375 77.758 57.987 57.861 -1.4031 0.0046587
0.96561 38.431 77.976 58.272 57.906 -1.3937 0.00015115
0.96489 38.475 78.25 58.543 57.957 -1.3792 -0.0051097
0.9646 38.505 78.564 58.78 58.011 -1.3596 -0.010978
0.9648 38.52 78.902 58.968 58.065 -1.3353 -0.017294
