//co2 data for Study 20 _2
steady: none
chosen_param: SaO2sup, Pa_CO2, P_a, Vmca_d, TOI_d, HbT_d, CCO_d
time_step: 1.0
******
0.97798 38.261 66.053 34.268 68.652 -0.0042876 0.00035333
0.97944 38.15 66.365 33.757 68.535 0.027932 0.020564
0.98085 38.047 66.681 33.256 68.413 0.059684 0.040349
0.98215 37.957 66.996 32.777 68.278 0.089277 0.05949
0.98331 37.884 67.302 32.331 68.128 0.11503 0.077809
0.98429 37.831 67.594 31.927 67.96 0.13536 0.095178
0.98508 37.797 67.86 31.572 67.774 0.14885 0.11152
0.98567 37.782 68.092 31.271 67.572 0.15436 0.12678
0.98608 37.782 68.281 31.027 67.359 0.1511 0.14098
0.98633 37.792 68.418 30.842 67.142 0.13869 0.1541
0.98643 37.809 68.497 30.714 66.93 0.11717 0.16615
0.98642 37.826 68.516 30.641 66.732 0.087094 0.17715
0.98633 37.84 68.476 30.621 66.557 0.049443 0.18703
0.98618 37.845 68.382 30.651 66.415 0.0056256 0.19574
0.98601 37.839 68.243 30.724 66.314 -0.042618 0.20314
0.98582 37.821 68.073 30.839 66.259 -0.093323 0.20907
0.98563 37.792 67.888 30.988 66.253 -0.14444 0.21332
0.98546 37.753 67.705 31.167 66.299 -0.19397 0.21567
0.9853 37.707 67.543 31.369 66.393 -0.24016 0.21588
0.98515 37.658 67.418 31.588 66.532 -0.28163 0.21374
0.98502 37.61 67.346 31.814 66.706 -0.31751 0.20912
0.98491 37.569 67.338 32.041 66.908 -0.34756 0.20194
0.9848 37.538 67.4 32.257 67.127 -0.37221 0.19225
0.98471 37.52 67.533 32.452 67.349 -0.39256 0.18021
0.98463 37.518 67.734 32.616 67.565 -0.41034 0.16614
0.98457 37.53 67.995 32.739 67.762 -0.42778 0.15048
0.98453 37.558 68.301 32.811 67.931 -0.44744 0.13381
0.98452 37.598 68.635 32.827 68.065 -0.47201 0.11681
0.98453 37.648 68.975 32.782 68.159 -0.50402 0.10024
0.98457 37.705 69.295 32.674 68.211 -0.54567 0.084869
0.98463 37.764 69.568 32.508 68.22 -0.59851 0.071461
0.98472 37.822 69.766 32.29 68.192 -0.66327 0.060691
0.98482 37.876 69.863 32.031 68.131 -0.73971 0.053105
0.98493 37.924 69.836 31.746 68.046 -0.8265 0.049074
0.98504 37.964 69.668 31.453 67.945 -0.9213 0.048752
0.98514 37.997 69.351 31.172 67.84 -1.0208 0.052063
0.98521 38.021 68.887 30.923 67.739 -1.1208 0.058686
0.98526 38.039 68.288 30.726 67.652 -1.2168 0.068078
0.98527 38.05 67.581 30.597 67.587 -1.304 0.0795
0.98525 38.058 66.801 30.551 67.551 -1.3776 0.092068
0.98519 38.063 65.994 30.596 67.547 -1.4336 0.10482
0.98511 38.068 65.211 30.736 67.576 -1.4687 0.11677
0.985 38.074 64.507 30.967 67.638 -1.4809 0.12702
0.98489 38.082 63.934 31.281 67.728 -1.4696 0.13478
0.98478 38.093 63.537 31.662 67.838 -1.4355 0.13948
0.98467 38.109 63.356 32.089 67.962 -1.3811 0.1408
0.98458 38.128 63.413 32.541 68.089 -1.3103 0.13866
0.98451 38.153 63.719 32.989 68.209 -1.2279 0.13331
0.98446 38.182 64.267 33.409 68.313 -1.1398 0.12523
0.98443 38.216 65.035 33.773 68.391 -1.0523 0.11515
0.98442 38.254 65.987 34.061 68.439 -0.97144 0.10396
0.98442 38.295 67.073 34.254 68.452 -0.90308 0.092659
0.98443 38.337 68.235 34.339 68.428 -0.85191 0.08226
0.98444 38.379 69.409 34.31 68.368 -0.82133 0.073727
0.98444 38.418 70.528 34.166 68.278 -0.81312 0.06789
0.98443 38.452 71.529 33.913 68.164 -0.82722 0.065383
0.98441 38.477 72.353 33.563 68.033 -0.86176 0.066597
0.98438 38.491 72.952 33.133 67.894 -0.91311 0.071658
0.98434 38.491 73.29 32.642 67.758 -0.97616 0.080412
0.9843 38.475 73.346 32.112 67.634 -1.0447 0.092451
0.98426 38.441 73.114 31.566 67.53 -1.1117 0.10714
0.98423 38.387 72.603 31.027 67.451 -1.1703 0.12368
0.98421 38.315 71.838 30.513 67.403 -1.2138 0.14115
0.98422 38.227 70.858 30.043 67.387 -1.2364 0.15859
0.98425 38.124 69.711 29.629 67.404 -1.234 0.17508
0.98431 38.012 68.454 29.28 67.449 -1.2039 0.18977
0.9844 37.896 67.15 29.002 67.519 -1.1456 0.20196
0.98451 37.781 65.864 28.794 67.608 -1.0608 0.21112
0.98464 37.675 64.656 28.654 67.708 -0.95307 0.21696
0.98479 37.584 63.583 28.576 67.811 -0.82789 0.21938
0.98495 37.514 62.693 28.551 67.91 -0.69219 0.2185
0.9851 37.469 62.023 28.569 67.998 -0.5539 0.21464
0.98525 37.454 61.594 28.619 68.07 -0.42137 0.20829
0.98539 37.471 61.415 28.693 68.121 -0.3028 0.20007
0.98552 37.521 61.481 28.779 68.149 -0.20564 0.19069
0.98563 37.604 61.769 28.871 68.155 -0.136 0.1809
0.98572 37.717 62.249 28.962 68.139 -0.09822 0.17146
0.9858 37.856 62.88 29.048 68.106 -0.094527 0.1631
0.98587 38.018 63.613 29.129 68.06 -0.12481 0.15648
0.98594 38.195 64.4 29.203 68.007 -0.18662 0.15214
0.98599 38.383 65.191 29.272 67.953 -0.27525 0.15053
0.98605 38.574 65.943 29.34 67.903 -0.38408 0.15191
0.9861 38.762 66.617 29.411 67.864 -0.50497 0.15644
0.98616 38.94 67.187 29.49 67.839 -0.62881 0.16407
0.98621 39.103 67.631 29.581 67.832 -0.74613 0.17463
0.98625 39.246 67.942 29.689 67.844 -0.84773 0.18778
0.98629 39.363 68.12 29.818 67.876 -0.92535 0.20305
0.98631 39.452 68.172 29.97 67.926 -0.97215 0.21984
0.98632 39.511 68.115 30.148 67.992 -0.98331 0.23747
0.98629 39.537 67.967 30.352 68.071 -0.95625 0.25522
0.98624 39.533 67.748 30.58 68.16 -0.89095 0.27231
0.98615 39.498 67.481 30.831 68.253 -0.7899 0.28801
0.98602 39.437 67.187 31.102 68.348 -0.65799 0.30163
0.98586 39.352 66.884 31.387 68.442 -0.50225 0.3126
0.98566 39.248 66.592 31.681 68.531 -0.33141 0.32046
0.98542 39.131 66.323 31.978 68.614 -0.15536 0.32493
0.98516 39.008 66.091 32.272 68.69 0.015457 0.32589
0.98488 38.885 65.906 32.554 68.759 0.17068 0.32342
0.9846 38.767 65.777 32.817 68.822 0.30066 0.31778
0.98431 38.662 65.712 33.055 68.879 0.39712 0.3094
0.98405 38.574 65.716 33.262 68.933 0.45358 0.29885
0.98381 38.509 65.79 33.431 68.982 0.46584 0.28678
0.98362 38.469 65.937 33.557 69.028 0.4322 0.27392
0.98347 38.457 66.151 33.639 69.07 0.3536 0.26098
0.98339 38.473 66.429 33.673 69.106 0.23359 0.24865
0.98336 38.516 66.759 33.661 69.136 0.0781 0.23751
0.98341 38.584 67.13 33.603 69.157 -0.1049 0.22802
0.98351 38.672 67.525 33.503 69.168 -0.30582 0.2205
0.98368 38.776 67.927 33.366 69.167 -0.51409 0.21511
0.98388 38.89 68.317 33.199 69.153 -0.71868 0.21183
0.98412 39.008 68.674 33.01 69.125 -0.90884 0.21051
0.98436 39.122 68.98 32.806 69.086 -1.0747 0.21089
0.9846 39.228 69.218 32.598 69.036 -1.2077 0.21262
0.98481 39.32 69.375 32.395 68.979 -1.3015 0.21534
0.98496 39.393 69.441 32.205 68.919 -1.3516 0.21868
0.98505 39.444 69.411 32.037 68.858 -1.3565 0.22231
0.98505 39.473 69.288 31.897 68.801 -1.317 0.22601
0.98496 39.477 69.077 31.792 68.751 -1.2363 0.22968
0.98477 39.46 68.791 31.724 68.711 -1.1201 0.23332
0.98448 39.422 68.447 31.697 68.683 -0.9757 0.23708
0.98412 39.367 68.064 31.709 68.666 -0.81197 0.2412
0.98369 39.301 67.667 31.76 68.66 -0.63843 0.24601
0.98323 39.226 67.28 31.845 68.661 -0.46479 0.25189
0.98277 39.149 66.926 31.959 68.668 -0.30034 0.25923
0.98234 39.073 66.629 32.097 68.675 -0.15334 0.26837
0.98198 39.003 66.406 32.25 68.677 -0.030534 0.27955
0.9817 38.941 66.273 32.412 68.671 0.063223 0.29293
0.98153 38.891 66.24 32.573 68.653 0.12522 0.30846
0.98147 38.853 66.31 32.727 68.617 0.15499 0.32597
0.98151 38.829 66.483 32.865 68.563 0.15427 0.34511
0.98164 38.818 66.751 32.982 68.489 0.12679 0.36536
0.98184 38.819 67.102 33.073 68.396 0.077941 0.38608
0.98208 38.83 67.52 33.132 68.283 0.014391 0.40655
0.98232 38.85 67.985 33.158 68.155 -0.056456 0.426
0.98254 38.876 68.477 33.15 68.014 -0.12696 0.44367
0.98271 38.906 68.973 33.107 67.863 -0.1898 0.45885
0.98282 38.939 69.452 33.032 67.709 -0.23841 0.47096
0.98285 38.972 69.893 32.929 67.554 -0.26744 0.47954
0.98282 39.003 70.276 32.802 67.404 -0.27304 0.48431
0.98274 39.031 70.586 32.657 67.262 -0.25306 0.4852
0.98262 39.054 70.808 32.5 67.135 -0.20714 0.48232
0.9825 39.073 70.934 32.341 67.025 -0.13665 0.47594
0.9824 39.085 70.956 32.185 66.936 -0.044516 0.46652
0.98234 39.09 70.873 32.042 66.874 0.065014 0.45462
0.98234 39.088 70.69 31.918 66.84 0.18672 0.4409
0.98242 39.077 70.414 31.821 66.838 0.31476 0.42605
0.98257 39.058 70.06 31.756 66.871 0.44312 0.41077
0.98279 39.03 69.648 31.728 66.938 0.56592 0.39571
0.98307 38.993 69.199 31.739 67.041 0.67782 0.38147
0.98339 38.947 68.74 31.79 67.178 0.77427 0.36854
0.98374 38.894 68.296 31.88 67.345 0.85174 0.35732
0.98408 38.835 67.893 32.006 67.537 0.90784 0.34808
0.98441 38.773 67.553 32.161 67.75 0.94138 0.341
0.9847 38.709 67.292 32.339 67.976 0.95234 0.33614
0.98495 38.647 67.122 32.529 68.207 0.94177 0.3335
0.98514 38.591 67.048 32.723 68.436 0.91163 0.33299
0.98528 38.545 67.068 32.908 68.655 0.86463 0.33449
0.98537 38.511 67.176 33.073 68.857 0.80401 0.33782
0.98541 38.493 67.358 33.208 69.034 0.73334 0.34278
0.98541 38.491 67.599 33.303 69.182 0.65635 0.34915
0.98538 38.507 67.88 33.35 69.296 0.57675 0.3567
0.98534 38.539 68.18 33.343 69.371 0.49812 0.36514
0.98528 38.585 68.481 33.28 69.407 0.4238 0.37421
0.98522 38.642 68.761 33.161 69.402 0.35685 0.38357
0.98517 38.704 69.003 32.988 69.357 0.29998 0.39288
0.98514 38.766 69.189 32.769 69.275 0.25553 0.40175
0.98513 38.821 69.305 32.514 69.161 0.22544 0.40979
0.98514 38.864 69.336 32.234 69.019 0.21121 0.41659
0.98517 38.889 69.274 31.944 68.856 0.21386 0.42175
0.98523 38.893 69.112 31.659 68.679 0.23383 0.42491
0.9853 38.873 68.848 31.395 68.496 0.27094 0.42577
0.9854 38.828 68.483 31.167 68.313 0.32426 0.42413
0.98551 38.758 68.027 30.989 68.139 0.39204 0.41989
0.98563 38.668 67.491 30.87 67.978 0.47169 0.41308
0.98574 38.561 66.895 30.82 67.835 0.55969 0.40389
0.98584 38.442 66.264 30.842 67.715 0.65172 0.39263
0.98592 38.32 65.626 30.937 67.62 0.74272 0.37975
0.98598 38.2 65.011 31.101 67.55 0.82713 0.3658
0.98599 38.09 64.452 31.326 67.505 0.89921 0.35141
0.98595 37.995 63.98 31.6 67.485 0.95335 0.33725
0.98586 37.921 63.621 31.91 67.487 0.98459 0.32396
0.98571 37.872 63.398 32.239 67.508 0.98901 0.31214
0.98551 37.849 63.325 32.571 67.544 0.96424 0.30232
0.98527 37.853 63.407 32.889 67.593 0.90988 0.29486
0.98498 37.883 63.64 33.178 67.651 0.82777 0.29001
0.98468 37.936 64.011 33.424 67.713 0.72224 0.28787
0.98437 38.011 64.498 33.615 67.775 0.60007 0.28837
0.98407 38.102 65.071 33.746 67.835 0.47038 0.29132
0.98381 38.204 65.695 33.811 67.889 0.34419 0.29641
0.98359 38.314 66.332 33.81 67.935 0.2339 0.30325
0.98344 38.425 66.944 33.747 67.97 0.15253 0.31141
0.98335 38.535 67.493 33.626 67.993 0.11287 0.32045
0.98333 38.637 67.948 33.456 68.004 0.12657 0.32994
0.98337 38.729 68.284 33.246 68.003 0.20319 0.33951
0.98347 38.805 68.486 33.004 67.99 0.34941 0.34887
0.9836 38.864 68.547 32.74 67.969 0.56827 0.35777
0.98376 38.903 68.475 32.463 67.94 0.85878 0.36609
0.98391 38.919 68.285 32.18 67.908 1.2156 0.37375
0.98405 38.911 68.001 31.895 67.874 1.6293 0.38074
0.98417 38.88 67.655 31.614 67.842 2.0866 0.3871
0.98425 38.827 67.279 31.338 67.815 2.5708 0.3929
0.98429 38.754 66.905 31.067 67.794 3.0634 0.39821
0.98431 38.664 66.563 30.804 67.781 3.5446 0.40309
0.9843 38.562 66.273 30.548 67.777 3.9944 0.4076
0.98429 38.454 66.045 30.301 67.783 4.3946 0.41174
0.98429 38.345 65.883 30.065 67.8 4.7289 0.41548
0.9843 38.243 65.776 29.843 67.826 4.9847 0.41876
0.98434 38.152 65.709 29.642 67.862 5.1537 0.42148
0.98442 38.078 65.658 29.467 67.909 5.2319 0.42349
0.98454 38.024 65.6 29.328 67.965 5.2206 0.42464
0.98469 37.993 65.511 29.232 68.03 5.1253 0.42476
0.98487 37.985 65.375 29.189 68.103 4.956 0.4237
0.98507 37.999 65.18 29.205 68.183 4.7261 0.42129
0.98529 38.032 64.928 29.288 68.268 4.4516 0.41743
0.98549 38.08 64.629 29.439 68.355 4.1497 0.41201
0.98569 38.139 64.303 29.66 68.44 3.8383 0.40501
0.98586 38.202 63.979 29.947 68.521 3.5344 0.39644
0.98601 38.265 63.691 30.291 68.592 3.2533 0.38639
0.98611 38.323 63.471 30.683 68.65 3.0076 0.37501
0.98618 38.373 63.352 31.107 68.691 2.807 0.3625
0.98621 38.411 63.36 31.546 68.713 2.6576 0.34915
0.9862 38.437 63.508 31.983 68.713 2.5616 0.33526
0.98616 38.45 63.803 32.397 68.691 2.5182 0.32122
0.98608 38.454 64.235 32.772 68.648 2.5231 0.30741
0.98596 38.45 64.784 33.09 68.586 2.5695 0.29423
0.98583 38.442 65.422 33.338 68.508 2.6489 0.2821
0.98567 38.433 66.111 33.506 68.418 2.7514 0.27139
0.98549 38.429 66.811 33.588 68.319 2.8668 0.26245
0.9853 38.433 67.481 33.582 68.216 2.9852 0.25559
0.98511 38.447 68.087 33.492 68.113 3.0978 0.25106
0.98492 38.474 68.599 33.323 68.011 3.1969 0.24905
0.98475 38.513 68.995 33.086 67.915 3.2768 0.24971
0.98459 38.564 69.265 32.794 67.825 3.3338 0.25311
0.98447 38.625 69.406 32.46 67.743 3.3661 0.25928
0.9844 38.693 69.424 32.101 67.671 3.3738 0.2682
0.98437 38.762 69.329 31.732 67.609 3.3586 0.27981
0.9844 38.828 69.136 31.369 67.558 3.3234 0.29399
0.98448 38.886 68.86 31.025 67.521 3.2721 0.31059
0.98462 38.93 68.515 30.712 67.497 3.2087 0.32941
0.9848 38.955 68.114 30.443 67.49 3.1377 0.35019
0.98503 38.958 67.669 30.225 67.501 3.0629 0.3726
0.98527 38.937 67.188 30.065 67.531 2.9878 0.39625
0.98553 38.89 66.681 29.969 67.58 2.9151 0.42067
0.98578 38.819 66.156 29.937 67.649 2.8463 0.4453
0.986 38.725 65.624 29.973 67.736 2.7827 0.46952
0.98616 38.615 65.096 30.073 67.837 2.7243 0.49261
0.98627 38.493 64.586 30.236 67.949 2.6711 0.51384
0.98629 38.366 64.111 30.455 68.067 2.6223 0.53246
0.98622 38.242 63.686 30.725 68.184 2.5775 0.54773
0.98606 38.129 63.33 31.036 68.295 2.5361 0.559
0.9858 38.032 63.057 31.379 68.393 2.4982 0.56572
0.98545 37.957 62.88 31.74 68.475 2.4643 0.56754
0.98503 37.909 62.808 32.107 68.536 2.4355 0.56429
0.98456 37.89 62.844 32.466 68.574 2.4134 0.55606
0.98407 37.9 62.987 32.801 68.591 2.4003 0.54321
0.98358 37.937 63.23 33.097 68.588 2.3988 0.52636
0.98314 37.997 63.561 33.342 68.568 2.4114 0.50639
0.98276 38.074 63.962 33.523 68.537 2.4407 0.48439
0.98248 38.162 64.412 33.631 68.498 2.4887 0.46161
0.98232 38.252 64.885 33.66 68.458 2.5567 0.43939
0.98229 38.336 65.353 33.607 68.422 2.6452 0.41907
0.9824 38.408 65.789 33.475 68.392 2.7534 0.40192
0.98264 38.462 66.165 33.271 68.37 2.8795 0.38904
0.983 38.491 66.454 33.005 68.358 3.0205 0.38127
0.98344 38.494 66.637 32.694 68.355 3.1721 0.37915
0.98394 38.47 66.696 32.355 68.359 3.3293 0.38287
0.98446 38.421 66.622 32.01 68.366 3.4866 0.39223
0.98497 38.348 66.415 31.681 68.375 3.6377 0.40666
0.98543 38.258 66.084 31.389 68.383 3.7768 0.42527
0.98581 38.157 65.645 31.155 68.388 3.898 0.44688
0.9861 38.052 65.126 30.995 68.389 3.9962 0.47009
0.98628 37.95 64.56 30.922 68.388 4.0673 0.49339
0.98634 37.858 63.988 30.941 68.385 4.1083 0.51528
0.98631 37.784 63.454 31.052 68.384 4.1174 0.53428
0.98618 37.734 63.004 31.25 68.389 4.0941 0.54914
0.98599 37.711 62.678 31.52 68.403 4.0394 0.5588
0.98575 37.719 62.514 31.843 68.43 3.9554 0.56254
0.9855 37.759 62.538 32.195 68.474 3.8454 0.55997
0.98526 37.832 62.764 32.55 68.534 3.7137 0.55104
0.98505 37.935 63.192 32.879 68.612 3.565 0.53605
0.98489 38.063 63.807 33.156 68.705 3.4049 0.51562
0.9848 38.213 64.578 33.356 68.81 3.2388 0.49061
0.98477 38.376 65.462 33.46 68.921 3.0724 0.4621
0.9848 38.545 66.403 33.456 69.033 2.911 0.43131
0.9849 38.711 67.338 33.34 69.136 2.7597 0.39952
0.98503 38.865 68.202 33.119 69.226 2.6227 0.36802
0.9852 38.999 68.931 32.805 69.293 2.5037 0.33804
0.98538 39.105 69.469 32.423 69.333 2.4057 0.31072
0.98555 39.177 69.775 32.002 69.341 2.3304 0.28703
0.9857 39.209 69.823 31.579 69.315 2.2791 0.26781
0.9858 39.199 69.609 31.194 69.253 2.2516 0.25369
0.98586 39.147 69.149 30.885 69.157 2.2472 0.24511
0.98585 39.057 68.482 30.692 69.031 2.2641 0.24233
0.98578 38.933 67.668 30.645 68.88 2.2997 0.24539
0.98565 38.784 66.782 30.77 68.711 2.3505 0.25418
0.98546 38.622 65.906 31.081 68.531 2.4128 0.2684
0.98521 38.458 65.13 31.582 68.351 2.482 0.28756
0.98493 38.308 64.535 32.262 68.177 2.5537 0.31105
0.98463 38.185 64.196 33.101 68.018 2.6233 0.3381
0.98432 38.103 64.166 34.066 67.88 2.6864 0.3678
0.98403 38.074 64.477 35.114 67.769 2.7391 0.39917
0.98376 38.107 65.133 36.196 67.688 2.7782 0.43112
0.98355 38.204 66.111 37.257 67.639 2.8015 0.46254
0.9834 38.366 67.359 38.241 67.62 2.8077 0.49231
0.98332 38.585 68.802 39.095 67.63 2.7969 0.51938
0.98333 38.847 70.342 39.772 67.663 2.7704 0.54277
0.98341 39.133 71.871 40.231 67.715 2.7307 0.56167
0.98357 39.42 73.274 40.444 67.78 2.6814 0.57547
0.98379 39.677 74.439 40.395 67.851 2.627 0.58381
0.98405 39.875 75.268 40.078 67.921 2.573 0.58659
0.98433 39.983 75.683 39.505 67.985 2.5248 0.58404
0.98461 39.972 75.629 38.696 68.037 2.4883 0.57667
0.98488 39.818 75.084 37.685 68.072 2.4686 0.56527
0.98511 39.503 74.057 36.511 68.087 2.4704 0.55087
0.9853 39.018 72.586 35.222 68.081 2.497 0.5347
0.98544 38.365 70.738 33.867 68.052 2.5506 0.51809
0.98553 37.553 68.599 32.495 67.998 2.6314 0.50241
0.98558 36.603 66.272 31.152 67.922 2.7383 0.48894
0.98561 35.544 63.868 29.879 67.824 2.8682 0.47883
0.98562 34.414 61.496 28.71 67.704 3.0163 0.47295
0.98563 33.252 59.261 27.67 67.566 3.1767 0.47189
0.98566 32.101 57.254 26.775 67.411 3.3423 0.47583
0.98571 31.002 55.547 26.033 67.241 3.5053 0.48458
0.9858 29.992 54.191 25.44 67.057 3.6578 0.49755
0.98592 29.102 53.214 24.989 66.863 3.7923 0.51378
0.98608 28.354 52.622 24.663 66.66 3.9022 0.53201
0.98627 27.762 52.395 24.443 66.45 3.9821 0.55077
0.98648 27.331 52.497 24.307 66.237 4.0284 0.56845
0.9867 27.055 52.875 24.232 66.024 4.0393 0.58347
0.98692 26.923 53.467 24.197 65.814 4.0155 0.59435
0.98713 26.918 54.205 24.182 65.611 3.9596 0.59987
0.98733 27.018 55.022 24.173 65.42 3.8762 0.59912
0.9875 27.198 55.856 24.156 65.246 3.7717 0.59163
0.98764 27.435 56.652 24.125 65.094 3.6539 0.57735
0.98776 27.705 57.372 24.076 64.967 3.5316 0.55674
0.98784 27.987 57.987 24.009 64.87 3.4135 0.53067
0.98791 28.264 58.484 23.929 64.804 3.3082 0.50044
0.98795 28.52 58.863 23.839 64.771 3.2236 0.4676
0.98797 28.746 59.136 23.747 64.769 3.1656 0.43394
0.98797 28.933 59.321 23.66 64.796 3.1387 0.40129
0.98796 29.077 59.444 23.584 64.848 3.1448 0.3714
0.98794 29.176 59.532 23.525 64.92 3.1833 0.34584
0.98791 29.232 59.611 23.486 65.007 3.2512 0.32585
0.98786 29.245 59.703 23.469 65.1 3.343 0.31227
0.98781 29.221 59.827 23.475 65.192 3.4511 0.3055
0.98775 29.162 59.993 23.501 65.278 3.566 0.3054
0.98768 29.075 60.207 23.544 65.351 3.6772 0.31141
0.98762 28.964 60.467 23.597 65.406 3.7737 0.32248
0.98757 28.834 60.765 23.657 65.44 3.8446 0.33725
0.98753 28.692 61.09 23.715 65.45 3.8797 0.35409
0.98751 28.541 61.429 23.767 65.436 3.8705 0.37123
0.9875 28.388 61.765 23.807 65.399 3.8103 0.38693
0.98752 28.238 62.082 23.83 65.341 3.6951 0.39955
0.98756 28.094 62.366 23.832 65.265 3.5234 0.40771
0.98762 27.961 62.604 23.812 65.176 3.2966 0.41037
0.9877 27.843 62.788 23.769 65.078 3.0191 0.40688
0.98778 27.742 62.911 23.703 64.975 2.6976 0.39707
0.98786 27.659 62.974 23.617 64.873 2.341 0.3812
0.98793 27.595 62.981 23.514 64.776 1.9597 0.35996
0.988 27.55 62.943 23.396 64.688 1.5653 0.33443
0.98805 27.52 62.872 23.269 64.612 1.1695 0.30595
0.98809 27.503 62.787 23.136 64.549 0.78379 0.27605
0.98813 27.494 62.705 23.002 64.502 0.41851 0.24634
0.98815 27.489 62.644 22.871 64.469 0.082595 0.21839
0.98818 27.482 62.621 22.745 64.451 -0.21704 0.19361
0.9882 27.469 62.646 22.629 64.447 -0.4757 0.17319
0.98824 27.444 62.725 22.523 64.453 -0.69107 0.158
0.98828 27.403 62.856 22.428 64.47 -0.86313 0.14855
0.98833 27.344 63.028 22.344 64.495 -0.994 0.14496
0.98839 27.264 63.226 22.271 64.527 -1.0876 0.14701
0.98845 27.165 63.427 22.207 64.566 -1.1491 0.1541
0.98851 27.046 63.607 22.149 64.612 -1.1848 0.16537
0.98855 26.911 63.739 22.095 64.665 -1.2011 0.17973
0.98859 26.763 63.799 22.042 64.725 -1.2044 0.19596
0.98861 26.607 63.768 21.988 64.794 -1.2004 0.21282
0.98861 26.447 63.63 21.929 64.872 -1.1939 0.22907
0.98859 26.29 63.382 21.864 64.959 -1.1885 0.24362
0.98855 26.139 63.023 21.791 65.057 -1.1862 0.25557
0.9885 26 62.566 21.71 65.162 -1.1879 0.26424
0.98844 25.876 62.027 21.619 65.274 -1.193 0.26924
0.98839 25.768 61.431 21.519 65.39 -1.2 0.27047
0.98833 25.679 60.806 21.412 65.506 -1.2063 0.26807
0.98829 25.606 60.181 21.301 65.62 -1.209 0.26248
0.98827 25.55 59.587 21.187 65.726 -1.205 0.25431
0.98826 25.508 59.052 21.074 65.822 -1.1914 0.24436
0.98828 25.476 58.599 20.966 65.905 -1.1656 0.23352
0.9883 25.451 58.246 20.866 65.972 -1.1258 0.2227
0.98834 25.43 58.004 20.777 66.022 -1.0711 0.2128
0.98839 25.411 57.878 20.703 66.057 -1.0014 0.20462
0.98842 25.39 57.863 20.645 66.078 -0.91739 0.19883
0.98844 25.366 57.95 20.606 66.087 -0.82078 0.19592
0.98842 25.34 58.122 20.585 66.088 -0.71376 0.19615
0.98837 25.312 58.359 20.582 66.087 -0.59899 0.1996
0.98827 25.283 58.637 20.596 66.086 -0.47938 0.20608
0.98812 25.256 58.933 20.623 66.091 -0.35783 0.21523
0.98791 25.233 59.226 20.662 66.104 -0.23711 0.22649
0.98767 25.217 59.5 20.708 66.129 -0.11961 0.23915
0.98739 25.211 59.744 20.757 66.166 -0.0073198 0.25241
0.9871 25.216 59.954 20.804 66.214 0.098256 0.26542
0.98681 25.234 60.131 20.847 66.273 0.19609 0.27733
0.98655 25.266 60.286 20.882 66.339 0.28557 0.28734
0.98633 25.311 60.43 20.905 66.409 0.3664 0.29477
0.98617 25.37 60.58 20.917 66.478 0.43851 0.29905
0.98608 25.438 60.752 20.916 66.545 0.5019 0.29983
0.98607 25.514 60.959 20.903 66.604 0.55655 0.29693
0.98614 25.595 61.21 20.88 66.655 0.60232 0.29038
0.98627 25.676 61.509 20.849 66.696 0.63893 0.28043
0.98645 25.753 61.853 20.813 66.727 0.66592 0.26751
0.98666 25.823 62.233 20.776 66.75 0.68272 0.25219
0.98689 25.881 62.635 20.74 66.767 0.68875 0.23519
0.98711 25.923 63.042 20.708 66.779 0.68349 0.21729
0.9873 25.948 63.435 20.683 66.79 0.66668 0.1993
0.98746 25.953 63.796 20.666 66.8 0.63842 0.18202
0.98758 25.939 64.109 20.658 66.813 0.59928 0.16616
0.98765 25.906 64.364 20.657 66.828 0.55046 0.15232
0.98768 25.856 64.556 20.661 66.845 0.49373 0.14094
0.98768 25.792 64.685 20.669 66.864 0.43149 0.13231
0.98766 25.718 64.759 20.677 66.881 0.36667 0.1265
0.98763 25.639 64.788 20.68 66.895 0.30256 0.12342
0.98761 25.56 64.787 20.677 66.905 0.24268 0.12277
0.98761 25.484 64.774 20.663 66.907 0.19048 0.12413
0.98764 25.415 64.765 20.635 66.9 0.1492 0.12697
0.9877 25.355 64.776 20.592 66.884 0.12156 0.13066
0.98779 25.307 64.818 20.534 66.859 0.10958 0.13457
0.9879 25.269 64.899 20.461 66.826 0.11447 0.13809
0.98803 25.242 65.02 20.375 66.787 0.1365 0.14067
0.98817 25.222 65.177 20.279 66.745 0.17501 0.14189
0.9883 25.206 65.361 20.178 66.703 0.22847 0.14146
0.98842 25.192 65.556 20.077 66.664 0.29463 0.13926
0.98852 25.176 65.744 19.98 66.631 0.37071 0.13537
0.98858 25.158 65.903 19.895 66.608 0.45364 0.12999
0.9886 25.134 66.011 19.826 66.597 0.54035 0.12353
0.98858 25.106 66.049 19.778 66.598 0.62795 0.1165
0.98852 25.075 66.001 19.755 66.612 0.71404 0.10949
0.98841 25.043 65.854 19.759 66.638 0.79682 0.10313
0.98826 25.013 65.607 19.792 66.673 0.87524 0.098052
0.98807 24.99 65.263 19.852 66.714 0.94899 0.094804
0.98786 24.978 64.838 19.938 66.759 1.0185 0.093825
0.98762 24.981 64.355 20.047 66.803 1.0848 0.095396
0.98737 25.003 63.845 20.171 66.842 1.1493 0.099611
0.98711 25.047 63.347 20.307 66.872 1.2138 0.10636
0.98687 25.115 62.902 20.445 66.891 1.2797 0.11534
0.98665 25.206 62.55 20.58 66.896 1.3487 0.12605
0.98647 25.32 62.332 20.703 66.887 1.4215 0.13785
0.98634 25.453 62.277 20.807 66.864 1.4987 0.15001
0.98627 25.602 62.406 20.886 66.829 1.58 0.16173
0.98626 25.76 62.724 20.936 66.787 1.6644 0.17226
0.98633 25.922 63.221 20.954 66.741 1.7504 0.18094
0.98647 26.079 63.871 20.937 66.697 1.836 0.18726
0.98667 26.224 64.63 20.888 66.661 1.9187 0.19091
0.98693 26.351 65.442 20.809 66.639 1.9961 0.19184
0.98722 26.453 66.242 20.704 66.637 2.0658 0.19025
0.98754 26.524 66.957 20.581 66.658 2.1259 0.18657
0.98786 26.562 67.517 20.445 66.704 2.1748 0.18149
0.98816 26.565 67.859 20.307 66.777 2.2115 0.17586
0.98842 26.534 67.934 20.174 66.874 2.236 0.17062
0.98861 26.471 67.709 20.055 66.991 2.2488 0.16677
0.98873 26.38 67.173 19.956 67.124 2.251 0.16523
0.98876 26.27 66.338 19.884 67.265 2.2445 0.16682
0.98871 26.147 65.238 19.843 67.405 2.2313 0.17213
0.98857 26.02 63.929 19.836 67.537 2.2139 0.18146
0.98835 25.9 62.479 19.862 67.651 2.1945 0.19485
0.98807 25.794 60.968 19.919 67.741 2.1752 0.212
0.98775 25.71 59.482 20.003 67.801 2.1578 0.23229
0.98741 25.656 58.102 20.108 67.827 2.1435 0.25484
0.98707 25.634 56.902 20.228 67.819 2.133 0.27858
0.98675 25.647 55.946 20.354 67.777 2.1264 0.30227
0.98649 25.694 55.278 20.477 67.704 2.1232 0.32465
0.98628 25.773 54.925 20.591 67.605 2.1226 0.3445
0.98616 25.879 54.895 20.688 67.486 2.1234 0.36076
0.98611 26.006 55.176 20.763 67.353 2.1244 0.37255
0.98614 26.146 55.739 20.811 67.213 2.1244 0.37931
0.98625 26.292 56.54 20.831 67.074 2.1224 0.3808
0.98642 26.435 57.525 20.822 66.943 2.1177 0.3771
0.98663 26.568 58.631 20.787 66.824 2.1101 0.36865
0.98687 26.687 59.792 20.729 66.722 2.0998 0.35618
0.98711 26.784 60.943 20.655 66.641 2.0873 0.34066
0.98734 26.858 62.026 20.571 66.581 2.0736 0.32323
0.98754 26.908 62.989 20.484 66.542 2.0598 0.30512
0.98769 26.933 63.796 20.403 66.522 2.047 0.28757
0.98778 26.935 64.42 20.334 66.518 2.036 0.27171
0.9878 26.916 64.856 20.283 66.524 2.0276 0.25849
0.98774 26.882 65.11 20.255 66.536 2.0217 0.24865
0.98761 26.835 65.206 20.253 66.548 2.0181 0.24262
0.98741 26.779 65.179 20.278 66.555 2.0156 0.24053
0.98714 26.72 65.076 20.327 66.55 2.0125 0.24219
0.98681 26.659 64.947 20.398 66.529 2.0067 0.24711
0.98645 26.6 64.848 20.484 66.49 1.9957 0.25455
0.98607 26.546 64.827 20.577 66.431 1.9769 0.26359
0.98568 26.497 64.928 20.67 66.351 1.9479 0.27316
0.98532 26.454 65.182 20.751 66.251 1.9065 0.28218
0.98501 26.419 65.606 20.813 66.134 1.8513 0.28958
0.98477 26.39 66.198 20.846 66.002 1.7817 0.29443
0.98461 26.367 66.941 20.844 65.86 1.6982 0.29599
0.98456 26.351 67.797 20.8 65.714 1.6024 0.29376
0.98462 26.34 68.715 20.712 65.568 1.4968 0.28755
0.98479 26.334 69.628 20.58 65.429 1.3851 0.27745
0.98508 26.332 70.465 20.408 65.302 1.2718 0.26388
0.98547 26.335 71.146 20.202 65.192 1.1618 0.24755
0.98593 26.343 71.598 19.971 65.104 1.0603 0.22939
0.98645 26.355 71.756 19.725 65.041 0.97255 0.21053
0.987 26.373 71.568 19.479 65.005 0.90307 0.19222
0.98754 26.396 71.004 19.244 64.997 0.85568 0.17574
0.98804 26.428 70.057 19.036 65.016 0.83311 0.16231
0.98848 26.467 68.746 18.866 65.062 0.8367 0.15303
0.98882 26.516 67.115 18.744 65.129 0.86637 0.14877
0.98906 26.575 65.233 18.68 65.215 0.92056 0.15016
0.98918 26.644 63.187 18.677 65.313 0.99629 0.1575
0.98919 26.724 61.077 18.736 65.42 1.0894 0.17076
0.98908 26.812 59.009 18.856 65.53 1.1947 0.18954
0.98888 26.907 57.088 19.03 65.637 1.3064 0.21316
0.9886 27.007 55.412 19.248 65.737 1.4187 0.24063
0.98826 27.107 54.061 19.499 65.826 1.5256 0.27075
0.9879 27.204 53.096 19.768 65.901 1.622 0.30216
0.98754 27.292 52.554 20.041 65.959 1.7036 0.33346
0.9872 27.37 52.446 20.303 65.999 1.7673 0.36325
0.98691 27.431 52.759 20.54 66.02 1.8113 0.39026
0.98668 27.472 53.455 20.74 66.021 1.8354 0.41342
0.98653 27.493 54.476 20.895 66.003 1.8408 0.43189
0.98645 27.491 55.747 20.997 65.968 1.8301 0.44512
0.98646 27.466 57.186 21.044 65.918 1.8068 0.4529
0.98654 27.421 58.703 21.036 65.854 1.7754 0.4553
0.98668 27.36 60.212 20.977 65.779 1.7406 0.4527
0.98687 27.287 61.63 20.875 65.695 1.7073 0.4457
0.98709 27.208 62.888 20.737 65.605 1.6796 0.43506
0.98733 27.132 63.932 20.574 65.512 1.6612 0.42165
0.98757 27.064 64.725 20.398 65.417 1.6542 0.40634
0.98778 27.014 65.249 20.219 65.322 1.6597 0.38993
0.98797 26.988 65.508 20.049 65.229 1.6768 0.37311
0.98811 26.993 65.522 19.896 65.14 1.7033 0.35635
0.9882 27.032 65.329 19.767 65.056 1.7354 0.33993
0.98824 27.109 64.977 19.668 64.98 1.7682 0.32389
0.98824 27.224 64.524 19.602 64.913 1.7956 0.30806
0.98818 27.377 64.031 19.568 64.857 1.8111 0.29211
0.98809 27.563 63.556 19.566 64.814 1.8084 0.27559
0.98796 27.777 63.153 19.592 64.786 1.7815 0.258
0.98781 28.013 62.863 19.643 64.775 1.7253 0.23889
0.98764 28.263 62.716 19.713 64.78 1.6365 0.2179
0.98745 28.515 62.725 19.797 64.804 1.5135 0.19487
0.98725 28.762 62.888 19.892 64.845 1.3566 0.16985
0.98705 28.993 63.19 19.991 64.901 1.1686 0.14315
0.98684 29.198 63.603 20.093 64.971 0.95452 0.11533
0.98663 29.368 64.089 20.194 65.051 0.72116 0.087182
0.98642 29.498 64.609 20.293 65.137 0.4772 0.059706
0.98621 29.581 65.119 20.389 65.224 0.23248 0.034003
0.98602 29.615 65.583 20.481 65.306 -0.0024707 0.011208
0.98583 29.599 65.972 20.568 65.378 -0.21709 -0.0076068
0.98567 29.534 66.267 20.651 65.433 -0.40143 -0.021524
0.98554 29.424 66.461 20.728 65.466 -0.54676 -0.029872
0.98545 29.275 66.56 20.797 65.472 -0.64615 -0.032288
0.98541 29.095 66.581 20.858 65.448 -0.6949 -0.028769
0.98542 28.892 66.548 20.908 65.392 -0.69084 -0.019687
0.9855 28.675 66.49 20.943 65.302 -0.63455 -0.0057796
0.98564 28.451 66.436 20.961 65.18 -0.52923 0.011895
0.98583 28.23 66.413 20.959 65.03 -0.38061 0.032024
0.98609 28.017 66.441 20.934 64.856 -0.1965 0.053131
0.98638 27.818 66.529 20.886 64.666 0.013596 0.073681
0.9867 27.637 66.678 20.813 64.466 0.23917 0.09219
0.98703 27.477 66.879 20.717 64.266 0.46929 0.10733
0.98735 27.339 67.112 20.598 64.072 0.69327 0.11802
0.98764 27.225 67.355 20.462 63.895 0.90133 0.1235
0.98789 27.135 67.581 20.312 63.739 1.0851 0.1234
0.98808 27.07 67.763 20.155 63.61 1.2381 0.1177
0.98821 27.029 67.882 19.995 63.512 1.3561 0.10677
0.98827 27.013 67.923 19.841 63.447 1.437 0.091321
0.98826 27.021 67.882 19.698 63.414 1.4813 0.072307
0.98819 27.054 67.764 19.571 63.41 1.4914 0.050868
0.98806 27.111 67.584 19.467 63.434 1.4716 0.028224
0.98789 27.191 67.362 19.387 63.479 1.4278 0.0055843
0.98768 27.292 67.125 19.336 63.543 1.3665 -0.015943
0.98746 27.411 66.902 19.312 63.62 1.2951 -0.035422
0.98723 27.547 66.718 19.317 63.705 1.2204 -0.052141
0.98701 27.695 66.595 19.348 63.796 1.149 -0.06564
0.9868 27.853 66.548 19.401 63.89 1.0863 -0.075712
0.98661 28.017 66.584 19.475 63.983 1.0366 -0.082378
0.98646 28.183 66.701 19.564 64.075 1.0027 -0.085846
0.98632 28.348 66.889 19.664 64.165 0.98577 -0.086454
0.98621 28.51 67.134 19.772 64.252 0.98566 -0.084602
0.98611 28.666 67.414 19.884 64.336 1.0009 -0.080691
0.98603 28.813 67.708 19.996 64.414 1.0288 -0.075062
0.98595 28.951 67.995 20.106 64.485 1.0662 -0.067953
0.98586 29.078 68.255 20.213 64.547 1.1094 -0.059477
0.98576 29.193 68.474 20.315 64.598 1.1546 -0.049614
0.98565 29.297 68.642 20.412 64.633 1.1982 -0.038228
0.98553 29.39 68.752 20.503 64.65 1.2372 -0.025105
0.98538 29.471 68.804 20.59 64.646 1.2693 -0.010001
0.98523 29.543 68.802 20.673 64.618 1.2929 0.0072967
0.98507 29.604 68.754 20.753 64.564 1.3074 0.026909
0.98491 29.656 68.669 20.831 64.487 1.3129 0.048807
0.98476 29.698 68.558 20.908 64.386 1.3103 0.072766
0.98464 29.731 68.433 20.984 64.267 1.3012 0.098337
0.98456 29.753 68.307 21.061 64.134 1.2874 0.12484
0.98451 29.763 68.19 21.139 63.996 1.2711 0.15137
0.98452 29.76 68.09 21.218 63.86 1.2544 0.17686
0.98459 29.74 68.012 21.299 63.734 1.2395 0.20011
0.98471 29.704 67.96 21.382 63.627 1.2281 0.21988
0.98488 29.648 67.932 21.467 63.547 1.2216 0.23497
0.98509 29.572 67.922 21.553 63.497 1.221 0.24433
0.98534 29.475 67.921 21.639 63.482 1.2267 0.24711
0.98562 29.358 67.918 21.725 63.503 1.2388 0.24277
0.9859 29.222 67.899 21.809 63.557 1.2567 0.23114
0.98618 29.071 67.849 21.89 63.64 1.2797 0.21241
0.98645 28.907 67.755 21.966 63.745 1.3065 0.18722
0.9867 28.737 67.603 22.034 63.866 1.3357 0.15656
0.9869 28.566 67.382 22.093 63.994 1.3658 0.12178
0.98707 28.402 67.087 22.142 64.12 1.3951 0.084486
0.98718 28.25 66.715 22.177 64.237 1.422 0.046475
0.98725 28.12 66.269 22.198 64.339 1.445 0.0095965
0.98726 28.016 65.756 22.203 64.42 1.4626 -0.024348
0.98722 27.944 65.188 22.193 64.48 1.4738 -0.053721
0.98714 27.908 64.581 22.168 64.517 1.4775 -0.07716
0.98702 27.911 63.955 22.129 64.532 1.4732 -0.093665
0.98688 27.953 63.332 22.08 64.528 1.4604 -0.10266
0.98671 28.032 62.736 22.022 64.508 1.4392 -0.10403
0.98654 28.144 62.191 21.959 64.477 1.4098 -0.098139
0.98637 28.283 61.718 21.896 64.438 1.3727 -0.085761
0.98621 28.442 61.338 21.838 64.396 1.3288 -0.068057
0.98608 28.613 61.067 21.788 64.352 1.279 -0.046463
0.98597 28.788 60.917 21.751 64.308 1.2246 -0.022591
0.98588 28.96 60.894 21.73 64.267 1.1668 0.0019011
0.98582 29.121 60.998 21.729 64.229 1.1069 0.025428
0.98579 29.266 61.224 21.748 64.194 1.0462 0.046594
0.98578 29.393 61.559 21.789 64.161 0.98604 0.064294
0.98578 29.498 61.99 21.85 64.13 0.92734 0.077789
0.98578 29.584 62.495 21.93 64.102 0.87104 0.086745
0.98578 29.65 63.053 22.026 64.077 0.8178 0.09125
0.98578 29.702 63.641 22.135 64.057 0.76805 0.091784
0.98577 29.743 64.234 22.253 64.044 0.72199 0.089165
0.98574 29.778 64.812 22.375 64.041 0.67959 0.084461
0.98571 29.812 65.353 22.498 64.053 0.6406 0.078891
0.98566 29.85 65.842 22.617 64.085 0.60462 0.073701
0.98561 29.895 66.264 22.73 64.141 0.57108 0.070054
0.98555 29.95 66.612 22.835 64.228 0.53933 0.068917
0.98551 30.017 66.878 22.93 64.349 0.50862 0.070968
0.98548 30.097 67.06 23.017 64.508 0.4782 0.076531
0.98546 30.189 67.16 23.096 64.705 0.44731 0.085539
0.98548 30.292 67.182 23.17 64.939 0.41521 0.097531
0.98552 30.403 67.132 23.242 65.207 0.38121 0.11169
0.98559 30.521 67.019 23.316 65.502 0.3447 0.12688
0.98569 30.642 66.855 23.396 65.816 0.30517 0.1418
0.98582 30.764 66.653 23.485 66.138 0.26226 0.15501
0.98597 30.883 66.425 23.587 66.458 0.21577 0.16511
0.98613 30.998 66.186 23.703 66.762 0.16573 0.17088
0.98628 31.106 65.95 23.836 67.039 0.11245 0.17132
0.98643 31.208 65.729 23.984 67.279 0.056575 0.16584
0.98657 31.302 65.533 24.148 67.471 -0.00084267 0.15426
0.98667 31.39 65.37 24.324 67.608 -0.058322 0.13689
0.98674 31.473 65.245 24.508 67.687 -0.11391 0.11453
0.98677 31.552 65.159 24.696 67.705 -0.16521 0.088413
0.98676 31.631 65.113 24.883 67.662 -0.20941 0.060164
0.98671 31.71 65.103 25.064 67.562 -0.24338 0.031683
0.98663 31.794 65.127 25.232 67.41 -0.26386 0.0050216
0.98652 31.882 65.179 25.385 67.215 -0.26764 -0.017762
0.98639 31.977 65.257 25.517 66.985 -0.25182 -0.034752
0.98626 32.08 65.356 25.627 66.732 -0.21412 -0.04432
0.98613 32.19 65.477 25.714 66.467 -0.15318 -0.04526
0.98601 32.306 65.618 25.779 66.201 -0.068888 -0.036886
0.98591 32.427 65.78 25.825 65.945 0.037396 -0.019113
0.98583 32.551 65.965 25.854 65.709 0.16261 0.0075134
0.98577 32.675 66.175 25.874 65.502 0.3019 0.041823
0.98573 32.795 66.41 25.889 65.331 0.44868 0.082075
0.98571 32.909 66.669 25.908 65.199 0.59476 0.12604
0.98571 33.012 66.95 25.937 65.109 0.73076 0.17115
0.98572 33.102 67.247 25.982 65.059 0.84652 0.21461
0.98574 33.177 67.553 26.05 65.047 0.93182 0.2536
0.98576 33.235 67.86 26.144 65.068 0.97701 0.28545
0.98579 33.275 68.156 26.267 65.114 0.97392 0.3078
0.98583 33.298 68.432 26.418 65.177 0.91656 0.31876
0.98587 33.306 68.678 26.597 65.248 0.80191 0.31703
0.98591 33.302 68.884 26.798 65.318 0.63047 0.30203
0.98597 33.289 69.043 27.016 65.378 0.40672 0.27388
0.98604 33.273 69.151 27.241 65.421 0.13924 0.23348
0.98612 33.259 69.204 27.466 65.44 -0.1594 0.18243
0.98622 33.251 69.201 27.681 65.431 -0.47309 0.12294
0.98632 33.255 69.142 27.876 65.393 -0.78291 0.057755
0.98642 33.275 69.03 28.043 65.326 -1.0681 -0.010066
0.98652 33.314 68.868 28.175 65.232 -1.3074 -0.077278
0.9866 33.373 68.659 28.267 65.117 -1.4801 -0.14065
0.98665 33.453 68.409 28.318 64.985 -1.5679 -0.19714
0.98664 33.553 68.124 28.329 64.847 -1.5559 -0.24409
0.98658 33.668 67.812 28.303 64.709 -1.4336 -0.27933
0.98644 33.793 67.485 28.246 64.582 -1.1964 -0.30134
0.98622 33.924 67.153 28.17 64.474 -0.84562 -0.30928
0.9859 34.053 66.832 28.083 64.393 -0.38878 -0.30305
0.98549 34.173 66.538 28 64.345 0.16049 -0.28325
0.985 34.278 66.289 27.931 64.336 0.78331 -0.25116
0.98443 34.362 66.101 27.889 64.368 1.4565 -0.20861
0.98381 34.421 65.991 27.885 64.44 2.154 -0.15789
0.98315 34.451 65.973 27.926 64.552 2.8483 -0.10157
0.98248 34.453 66.059 28.019 64.699 3.5123 -0.042392
0.98183 34.427 66.255 28.167 64.874 4.1206 0.01693
0.98122 34.378 66.56 28.368 65.069 4.6515 0.073825
0.98066 34.31 66.969 28.62 65.276 5.0875 0.12601
0.98017 34.229 67.469 28.915 65.485 5.4169 0.17158
0.97976 34.142 68.041 29.244 65.688 5.6339 0.20909
0.97944 34.058 68.657 29.596 65.877 5.7385 0.2376
0.9792 33.983 69.286 29.961 66.045 5.7369 0.25667
0.97904 33.922 69.894 30.324 66.186 5.64 0.26634
0.97896 33.883 70.442 30.674 66.298 5.463 0.2671
0.97896 33.867 70.894 31.001 66.378 5.2237 0.25979
0.97902 33.876 71.217 31.294 66.427 4.9416 0.24554
0.97914 33.911 71.384 31.546 66.447 4.6363 0.22568
0.97932 33.969 71.378 31.753 66.442 4.3264 0.20163
0.97954 34.047 71.189 31.91 66.416 4.0282 0.17484
0.97981 34.139 70.824 32.018 66.374 3.755 0.14668
0.9801 34.239 70.297 32.077 66.323 3.5164 0.11841
0.98043 34.34 69.639 32.091 66.27 3.3181 0.091109
0.98076 34.435 68.884 32.064 66.219 3.1621 0.065665
0.9811 34.517 68.078 32.001 66.177 3.0467 0.042753
0.98144 34.58 67.265 31.909 66.148 2.9671 0.022839
0.98176 34.617 66.49 31.794 66.136 2.9165 0.0061912
0.98206 34.624 65.791 31.664 66.142 2.8865 -0.0070924
0.98232 34.598 65.201 31.525 66.166 2.868 -0.017059
0.98253 34.538 64.738 31.384 66.208 2.8524 -0.023869
0.98269 34.445 64.414 31.247 66.264 2.8319 -0.027768
0.9828 34.321 64.227 31.12 66.331 2.8003 -0.029055
0.98284 34.171 64.166 31.009 66.404 2.7533 -0.028067
0.98281 34.002 64.217 30.918 66.479 2.689 -0.025154
0.98272 33.823 64.359 30.851 66.548 2.6074 -0.020672
0.98256 33.645 64.572 30.811 66.608 2.5105 -0.014973
0.98233 33.479 64.838 30.801 66.655 2.402 -0.0084004
0.98204 33.337 65.142 30.821 66.685 2.2867 -0.0012866
0.98169 33.231 65.473 30.871 66.697 2.1702 0.0060477
0.9813 33.172 65.823 30.95 66.69 2.0577 0.013297
0.98087 33.168 66.19 31.056 66.665 1.9544 0.020175
0.98042 33.227 66.571 31.185 66.626 1.8642 0.026419
0.97996 33.35 66.962 31.332 66.575 1.7897 0.0318
0.9795 33.537 67.358 31.493 66.517 1.7318 0.036134
0.97906 33.784 67.75 31.661 66.457 1.6899 0.039286
0.97865 34.08 68.127 31.831 66.399 1.6614 0.041187
0.97828 34.414 68.473 31.996 66.346 1.6426 0.041836
0.97795 34.771 68.769 32.153 66.302 1.6282 0.041308
0.97768 35.133 68.999 32.295 66.267 1.6125 0.039754
0.97746 35.484 69.147 32.421 66.242 1.5893 0.037392
0.97729 35.807 69.2 32.527 66.226 1.5527 0.0345
0.97719 36.089 69.155 32.614 66.218 1.4974 0.0314
0.97715 36.318 69.013 32.681 66.214 1.4195 0.028432
0.97716 36.49 68.786 32.731 66.213 1.3165 0.025939
0.97723 36.601 68.492 32.767 66.211 1.1877 0.024235
0.97736 36.655 68.156 32.792 66.206 1.0345 0.023582
0.97753 36.659 67.806 32.812 66.197 0.86004 0.024168
0.97774 36.623 67.475 32.83 66.181 0.66946 0.02609
0.97798 36.56 67.189 32.85 66.157 0.46932 0.02934
0.97822 36.482 66.977 32.877 66.127 0.26739 0.033802
0.97845 36.404 66.856 32.912 66.088 0.072057 0.039255
0.97865 36.337 66.84 32.957 66.043 -0.10811 0.045384
0.9788 36.291 66.935 33.01 65.991 -0.26498 0.051796
0.97889 36.274 67.137 33.069 65.934 -0.39135 0.058047
0.9789 36.288 67.439 33.13 65.871 -0.48144 0.063672
0.97884 36.334 67.825 33.187 65.805 -0.53125 0.068209
0.9787 36.409 68.277 33.232 65.737 -0.53886 0.071238
0.97849 36.507 68.773 33.258 65.667 -0.50452 0.072403
0.97823 36.62 69.29 33.254 65.598 -0.43067 0.071441
0.97795 36.741 69.805 33.214 65.532 -0.32175 0.068196
0.97767 36.859 70.293 33.13 65.47 -0.18394 0.062635
0.97741 36.967 70.732 32.996 65.414 -0.024731 0.05485
0.97722 37.058 71.099 32.81 65.367 0.1475 0.045052
0.9771 37.127 71.372 32.571 65.331 0.32406 0.033562
0.97709 37.17 71.532 32.283 65.309 0.49641 0.020795
0.9772 37.185 71.563 31.955 65.301 0.65669 0.0072334
0.97742 37.174 71.451 31.595 65.309 0.79812 -0.0065965
0.97775 37.139 71.189 31.218 65.336 0.91537 -0.020155
0.97819 37.083 70.778 30.841 65.382 1.0047 -0.032916
0.9787 37.011 70.226 30.482 65.448 1.0643 -0.044398
0.97926 36.93 69.55 30.16 65.533 1.0938 -0.054187
0.97983 36.843 68.774 29.892 65.636 1.0946 -0.061963
0.9804 36.759 67.933 29.697 65.756 1.0696 -0.067514
0.98092 36.68 67.065 29.586 65.89 1.0226 -0.070753
0.98137 36.613 66.213 29.571 66.034 0.95823 -0.071723
0.98172 36.561 65.421 29.656 66.182 0.88145 -0.070603
0.98196 36.527 64.733 29.84 66.329 0.79733 -0.067696
0.98207 36.514 64.185 30.118 66.468 0.71065 -0.063424
0.98207 36.522 63.809 30.479 66.592 0.62563 -0.058305
0.98194 36.551 63.627 30.906 66.693 0.5458 -0.052932
0.98173 36.6 63.648 31.38 66.765 0.4738 -0.047939
0.98143 36.666 63.871 31.877 66.804 0.41134 -0.043967
0.98109 36.746 64.282 32.374 66.805 0.35923 -0.041628
0.98074 36.836 64.857 32.847 66.766 0.31741 -0.041459
0.98039 36.93 65.562 33.273 66.69 0.28507 -0.043887
0.98008 37.024 66.353 33.632 66.578 0.26078 -0.049192
0.97983 37.111 67.185 33.909 66.436 0.24261 -0.057479
0.97966 37.188 68.009 34.093 66.272 0.22833 -0.068652
0.97957 37.251 68.781 34.179 66.095 0.21553 -0.082412
0.97956 37.295 69.46 34.166 65.915 0.20175 -0.098253
0.97961 37.321 70.014 34.063 65.743 0.18464 -0.11548
0.97971 37.328 70.422 33.879 65.589 0.16205 -0.13325
0.97983 37.319 70.673 33.631 65.461 0.13211 -0.15059
0.97994 37.298 70.77 33.337 65.367 0.093346 -0.16648
0.98 37.269 70.726 33.019 65.312 0.044733 -0.1799
0.97998 37.238 70.561 32.699 65.298 -0.01426 -0.18988
0.97984 37.212 70.306 32.397 65.325 -0.083624 -0.19559
0.97958 37.197 69.994 32.132 65.389 -0.16278 -0.1964
0.97916 37.197 69.659 31.921 65.483 -0.2506 -0.19187
0.9786 37.216 69.336 31.776 65.601 -0.34538 -0.18187
0.97789 37.257 69.056 31.705 65.732 -0.44493 -0.16654
0.97706 37.318 68.844 31.71 65.867 -0.54665 -0.14629
0.97614 37.398 68.716 31.789 65.994 -0.64759 -0.12182
0.97516 37.492 68.684 31.938 66.105 -0.74462 -0.094016
0.97417 37.595 68.75 32.146 66.192 -0.83458 -0.063972
0.97321 37.7 68.907 32.4 66.249 -0.91443 -0.032873
0.97233 37.801 69.143 32.685 66.273 -0.98141 -0.0019407
0.97155 37.889 69.439 32.986 66.262 -1.0332 0.027642
0.97091 37.96 69.773 33.288 66.219 -1.0682 0.054797
0.97043 38.009 70.12 33.576 66.148 -1.0853 0.078618
0.97011 38.031 70.454 33.837 66.056 -1.0844 0.098411
0.96995 38.027 70.752 34.063 65.949 -1.066 0.11373
0.96994 37.996 70.991 34.246 65.835 -1.0314 0.1244
0.97004 37.941 71.154 34.383 65.724 -0.98266 0.13049
0.97023 37.868 71.229 34.474 65.623 -0.9223 0.13232
0.97048 37.781 71.207 34.522 65.537 -0.85325 0.13039
0.97075 37.688 71.089 34.532 65.471 -0.7786 0.12537
0.971 37.596 70.88 34.511 65.428 -0.70144 0.11803
0.97122 37.512 70.593 34.468 65.408 -0.62465 0.10917
0.97138 37.442 70.245 34.411 65.409 -0.55076 0.099594
0.97147 37.392 69.857 34.348 65.426 -0.48177 0.090035
0.97149 37.365 69.455 34.288 65.456 -0.41912 0.081135
0.97143 37.364 69.062 34.236 65.492 -0.36364 0.073407
0.97131 37.388 68.702 34.196 65.528 -0.31555 0.067222
