//co2 data for Study 19 _2
steady: none
chosen_param: SaO2sup, Pa_CO2, P_a, Vmca_d, TOI_d, HbT_d, CCO_d
time_step: 1.0
******
0.98451 41.308 85.2 30.654 65.477 -0.0072516 0.00058119
0.98373 41.524 86.26 31.091 65.555 -0.00040967 0.0086283
0.983 41.728 87.243 31.516 65.627 0.0074366 0.016266
0.98237 41.916 88.113 31.922 65.691 0.016252 0.023084
0.98187 42.081 88.836 32.305 65.744 0.025857 0.028722
0.98153 42.222 89.388 32.664 65.785 0.035906 0.032889
0.98136 42.336 89.753 32.996 65.815 0.045888 0.035389
0.98135 42.423 89.926 33.303 65.835 0.055146 0.03613
0.98149 42.486 89.913 33.589 65.848 0.062912 0.035131
0.98176 42.528 89.734 33.856 65.856 0.068358 0.032524
0.98212 42.552 89.419 34.111 65.862 0.070672 0.028539
0.98252 42.566 89.009 34.358 65.87 0.069124 0.023493
0.98292 42.575 88.55 34.603 65.881 0.063147 0.017765
0.98328 42.584 88.091 34.849 65.898 0.052408 0.011771
0.98355 42.598 87.678 35.1 65.922 0.036856 0.0059327
0.98371 42.621 87.349 35.356 65.954 0.016767 0.00065278
0.98372 42.655 87.129 35.62 65.992 -0.0072579 -0.0037143
0.98359 42.7 87.032 35.889 66.036 -0.034302 -0.0068848
0.98331 42.756 87.057 36.161 66.083 -0.063187 -0.0086625
0.98291 42.819 87.187 36.435 66.133 -0.092541 -0.0089499
0.98241 42.886 87.399 36.706 66.183 -0.12089 -0.0077505
0.98187 42.953 87.661 36.972 66.232 -0.14679 -0.0051643
0.98132 43.016 87.941 37.231 66.279 -0.16889 -0.0013758
0.98083 43.071 88.207 37.479 66.324 -0.18608 0.0033643
0.98044 43.114 88.437 37.715 66.367 -0.19758 0.0087627
0.9802 43.143 88.617 37.938 66.408 -0.20298 0.014509
0.98013 43.159 88.742 38.147 66.448 -0.20232 0.020302
0.98026 43.16 88.819 38.343 66.488 -0.19605 0.025877
0.98059 43.149 88.865 38.524 66.528 -0.18503 0.031024
0.98109 43.129 88.9 38.69 66.566 -0.17047 0.03561
0.98174 43.101 88.953 38.84 66.604 -0.15381 0.03958
0.98246 43.07 89.049 38.971 66.638 -0.13664 0.042968
0.98321 43.039 89.212 39.081 66.669 -0.12055 0.045882
0.98392 43.011 89.463 39.164 66.693 -0.10703 0.048498
0.9845 42.987 89.812 39.218 66.708 -0.097342 0.051035
0.9849 42.971 90.262 39.237 66.715 -0.092462 0.053733
0.98506 42.962 90.808 39.217 66.709 -0.092985 0.056826
0.98495 42.961 91.431 39.154 66.692 -0.099127 0.060513
0.98452 42.968 92.102 39.044 66.663 -0.11073 0.064936
0.98379 42.98 92.784 38.888 66.621 -0.1273 0.070156
0.98278 42.996 93.427 38.687 66.569 -0.14811 0.076144
0.98152 43.016 93.979 38.444 66.506 -0.17228 0.082771
0.98007 43.036 94.379 38.166 66.435 -0.19888 0.089814
0.9785 43.054 94.57 37.86 66.359 -0.22706 0.096964
0.9769 43.071 94.498 37.539 66.279 -0.25613 0.10385
0.97535 43.084 94.119 37.213 66.199 -0.28563 0.11006
0.97395 43.093 93.409 36.895 66.123 -0.3154 0.11518
0.97277 43.099 92.362 36.599 66.053 -0.34553 0.11881
0.97188 43.101 91 36.334 65.994 -0.37637 0.12063
0.97132 43.099 89.369 36.112 65.949 -0.40846 0.12037
0.97113 43.096 87.543 35.939 65.922 -0.4424 0.1179
0.97129 43.091 85.619 35.819 65.916 -0.47877 0.1132
0.9718 43.086 83.709 35.752 65.933 -0.51797 0.1064
0.97261 43.08 81.932 35.736 65.975 -0.56014 0.097752
0.97365 43.074 80.403 35.764 66.039 -0.60504 0.087617
0.97485 43.069 79.223 35.829 66.125 -0.652 0.076466
0.97614 43.064 78.47 35.919 66.229 -0.69989 0.064834
0.97744 43.06 78.189 36.023 66.345 -0.74715 0.053289
0.97867 43.056 78.389 36.13 66.469 -0.79186 0.042398
0.97977 43.052 79.042 36.229 66.594 -0.83183 0.032688
0.98071 43.048 80.084 36.312 66.713 -0.86478 0.02461
0.98145 43.044 81.427 36.372 66.821 -0.88846 0.01851
0.98199 43.04 82.961 36.406 66.913 -0.90089 0.014611
0.98232 43.037 84.573 36.412 66.987 -0.90043 0.012995
0.98248 43.034 86.152 36.392 67.041 -0.886 0.013603
0.98249 43.033 87.604 36.349 67.074 -0.85717 0.016241
0.98238 43.034 88.856 36.289 67.09 -0.81417 0.0206
0.9822 43.038 89.863 36.217 67.091 -0.75797 0.026274
0.98199 43.047 90.608 36.138 67.081 -0.69018 0.032797
0.98178 43.06 91.102 36.057 67.062 -0.613 0.039675
0.98161 43.079 91.377 35.978 67.039 -0.52909 0.046415
0.9815 43.105 91.482 35.901 67.014 -0.44139 0.052568
0.98146 43.135 91.471 35.829 66.989 -0.35297 0.057748
0.98151 43.171 91.4 35.757 66.964 -0.26688 0.061656
0.98164 43.21 91.318 35.685 66.939 -0.18595 0.064098
0.98183 43.25 91.265 35.608 66.913 -0.11266 0.064986
0.98207 43.291 91.262 35.524 66.884 -0.049071 0.064337
0.98234 43.328 91.319 35.43 66.852 0.0032901 0.062263
0.98259 43.36 91.431 35.324 66.815 0.043443 0.058952
0.98282 43.385 91.582 35.208 66.772 0.070959 0.054651
0.98298 43.401 91.746 35.084 66.723 0.085932 0.049641
0.98307 43.407 91.897 34.958 66.67 0.088921 0.044211
0.98307 43.404 92.007 34.837 66.614 0.080877 0.038641
0.98297 43.391 92.054 34.729 66.557 0.063064 0.033181
0.98277 43.37 92.023 34.644 66.501 0.036968 0.028038
0.98248 43.343 91.907 34.591 66.449 0.0042211 0.023371
0.98212 43.311 91.71 34.578 66.403 -0.033478 0.019284
0.98171 43.276 91.443 34.612 66.363 -0.074429 0.015834
0.98127 43.241 91.126 34.697 66.331 -0.11698 0.013037
0.98082 43.206 90.783 34.834 66.307 -0.15958 0.010875
0.98039 43.174 90.44 35.018 66.291 -0.20079 0.0093129
0.97999 43.144 90.123 35.244 66.282 -0.23935 0.0083065
0.97964 43.116 89.852 35.5 66.279 -0.27413 0.0078152
0.97936 43.09 89.644 35.775 66.281 -0.30421 0.0078088
0.97915 43.065 89.506 36.053 66.288 -0.32887 0.0082724
0.97902 43.039 89.439 36.318 66.298 -0.34756 0.0092067
0.97898 43.011 89.434 36.555 66.312 -0.35997 0.010625
0.97902 42.979 89.478 36.747 66.328 -0.36597 0.012549
0.97914 42.941 89.55 36.883 66.348 -0.36565 0.014995
0.97933 42.896 89.627 36.954 66.371 -0.35933 0.017974
0.97957 42.844 89.686 36.955 66.397 -0.34749 0.021474
0.97987 42.783 89.705 36.885 66.426 -0.33082 0.025458
0.9802 42.715 89.666 36.747 66.457 -0.31019 0.029856
0.98055 42.639 89.558 36.55 66.49 -0.28658 0.03457
0.98089 42.557 89.379 36.305 66.524 -0.2611 0.03947
0.98121 42.472 89.132 36.028 66.557 -0.2349 0.044408
0.98149 42.384 88.83 35.734 66.589 -0.20914 0.049225
0.98171 42.298 88.491 35.442 66.618 -0.18494 0.053765
0.98184 42.215 88.138 35.168 66.642 -0.16329 0.05789
0.98187 42.138 87.796 34.928 66.662 -0.14498 0.061494
0.98179 42.069 87.488 34.735 66.676 -0.13057 0.064514
0.98157 42.011 87.234 34.599 66.683 -0.12029 0.066941
0.98122 41.966 87.051 34.525 66.684 -0.11398 0.06882
0.98075 41.933 86.946 34.515 66.677 -0.1111 0.07025
0.98017 41.915 86.922 34.567 66.663 -0.11067 0.071377
0.97951 41.91 86.973 34.673 66.643 -0.11127 0.07238
0.9788 41.917 87.089 34.824 66.617 -0.11113 0.073456
0.9781 41.935 87.255 35.006 66.586 -0.10814 0.074797
0.97745 41.962 87.456 35.204 66.55 -0.099989 0.076575
0.97691 41.994 87.675 35.402 66.51 -0.084267 0.078917
0.97652 42.03 87.9 35.583 66.467 -0.058641 0.081892
0.97634 42.065 88.118 35.732 66.421 -0.021013 0.0855
0.97638 42.096 88.322 35.834 66.373 0.030302 0.08967
0.97666 42.121 88.51 35.877 66.325 0.09641 0.094257
0.97715 42.136 88.682 35.853 66.276 0.17769 0.099058
0.97785 42.14 88.841 35.755 66.228 0.27366 0.10382
0.97869 42.131 88.995 35.582 66.18 0.38294 0.10828
0.97962 42.108 89.154 35.335 66.135 0.50321 0.11216
0.98058 42.073 89.329 35.021 66.092 0.63124 0.11521
0.9815 42.026 89.531 34.646 66.052 0.76306 0.11723
0.98233 41.969 89.77 34.225 66.015 0.89404 0.1181
0.98302 41.907 90.053 33.772 65.981 1.0192 0.11776
0.98354 41.841 90.382 33.304 65.95 1.1333 0.11625
0.98389 41.776 90.749 32.841 65.922 1.2315 0.11368
0.98405 41.715 91.142 32.404 65.894 1.3091 0.11025
0.98406 41.662 91.534 32.012 65.868 1.3623 0.10619
0.98395 41.619 91.894 31.687 65.842 1.3882 0.1018
0.98374 41.588 92.182 31.449 65.818 1.3851 0.097361
0.9835 41.57 92.353 31.314 65.795 1.3524 0.093154
0.98324 41.566 92.365 31.297 65.775 1.2909 0.089424
0.983 41.575 92.183 31.409 65.759 1.2028 0.086359
0.9828 41.596 91.783 31.658 65.751 1.0913 0.084083
0.98266 41.626 91.159 32.044 65.752 0.96075 0.08265
0.98258 41.665 90.322 32.565 65.764 0.81612 0.082044
0.98255 41.709 89.305 33.21 65.791 0.66303 0.082188
0.98256 41.758 88.162 33.966 65.832 0.50726 0.082959
0.98258 41.809 86.959 34.81 65.888 0.35453 0.084206
0.98261 41.861 85.775 35.72 65.958 0.2102 0.085766
0.98261 41.916 84.691 36.666 66.038 0.079022 0.087486
0.98257 41.971 83.787 37.618 66.126 -0.035055 0.089234
0.98248 42.029 83.13 38.543 66.217 -0.12906 0.090918
0.98235 42.089 82.775 39.41 66.305 -0.20106 0.092486
0.98216 42.153 82.756 40.188 66.386 -0.25024 0.09393
0.98195 42.22 83.085 40.852 66.455 -0.27683 0.095283
0.98172 42.291 83.754 41.379 66.509 -0.28208 0.096609
0.9815 42.365 84.731 41.756 66.543 -0.26808 0.097992
0.98132 42.442 85.968 41.973 66.558 -0.23763 0.099522
0.9812 42.52 87.4 42.029 66.554 -0.19408 0.10128
0.98117 42.597 88.952 41.931 66.532 -0.14105 0.10333
0.98124 42.671 90.544 41.69 66.494 -0.082317 0.10569
0.98142 42.74 92.094 41.328 66.445 -0.021564 0.10838
0.98171 42.803 93.524 40.867 66.388 0.037782 0.11134
0.98209 42.858 94.768 40.336 66.329 0.092704 0.11449
0.98256 42.904 95.77 39.764 66.271 0.14071 0.11774
0.98307 42.941 96.492 39.181 66.218 0.17993 0.12094
0.98361 42.971 96.916 38.617 66.172 0.20911 0.12397
0.98412 42.993 97.041 38.096 66.137 0.22769 0.1267
0.98459 43.01 96.883 37.641 66.113 0.23569 0.12901
0.98497 43.022 96.476 37.268 66.1 0.23367 0.13079
0.98526 43.032 95.864 36.99 66.099 0.22263 0.13201
0.98542 43.041 95.101 36.812 66.108 0.20388 0.13262
0.98546 43.051 94.242 36.733 66.126 0.1789 0.13265
0.98538 43.062 93.345 36.748 66.152 0.14924 0.13215
0.98517 43.074 92.459 36.849 66.185 0.11637 0.1312
0.98487 43.089 91.626 37.022 66.224 0.081571 0.12992
0.98449 43.106 90.881 37.252 66.269 0.045885 0.12842
0.98406 43.125 90.242 37.523 66.319 0.010052 0.12686
0.98361 43.144 89.719 37.818 66.375 -0.0255 0.12535
0.98315 43.163 89.31 38.12 66.437 -0.060636 0.12403
0.98272 43.181 89.004 38.417 66.504 -0.095457 0.12301
0.98235 43.196 88.783 38.695 66.577 -0.13024 0.12239
0.98204 43.207 88.626 38.945 66.655 -0.16532 0.12221
0.98182 43.213 88.51 39.161 66.736 -0.20105 0.12254
0.98169 43.211 88.413 39.339 66.819 -0.23764 0.12339
0.98165 43.202 88.317 39.478 66.902 -0.27515 0.12474
0.98171 43.182 88.209 39.578 66.982 -0.31337 0.12658
0.98186 43.153 88.082 39.645 67.054 -0.35183 0.12887
0.98209 43.112 87.935 39.682 67.118 -0.38979 0.13154
0.98238 43.061 87.772 39.696 67.168 -0.4263 0.13454
0.98273 43 87.603 39.692 67.204 -0.46021 0.13778
0.9831 42.929 87.442 39.679 67.222 -0.49029 0.1412
0.98349 42.851 87.302 39.663 67.221 -0.51534 0.14473
0.98387 42.768 87.2 39.649 67.202 -0.53429 0.14828
0.98422 42.683 87.149 39.642 67.167 -0.54628 0.1518
0.98452 42.599 87.161 39.646 67.116 -0.55078 0.15521
0.98474 42.52 87.244 39.664 67.054 -0.54766 0.15847
0.98487 42.45 87.402 39.697 66.985 -0.53722 0.16152
0.98488 42.394 87.631 39.743 66.913 -0.52016 0.16432
0.98475 42.354 87.926 39.8 66.843 -0.49763 0.16682
0.98448 42.336 88.276 39.865 66.78 -0.47106 0.16899
0.98405 42.341 88.665 39.933 66.727 -0.44215 0.17079
0.98348 42.373 89.076 39.998 66.688 -0.41273 0.17217
0.98277 42.431 89.495 40.053 66.664 -0.3846 0.17309
0.98196 42.517 89.905 40.09 66.656 -0.35943 0.17349
0.98106 42.628 90.297 40.104 66.662 -0.33865 0.17332
0.98013 42.763 90.663 40.086 66.679 -0.32332 0.17249
0.97921 42.915 91.004 40.033 66.705 -0.31408 0.17094
0.97836 43.081 91.321 39.939 66.734 -0.31112 0.16859
0.97762 43.254 91.618 39.802 66.763 -0.31414 0.16536
0.97704 43.425 91.899 39.622 66.787 -0.32244 0.16119
0.97666 43.588 92.165 39.4 66.803 -0.33496 0.15604
0.9765 43.734 92.409 39.142 66.808 -0.35036 0.1499
0.97656 43.857 92.621 38.853 66.803 -0.36716 0.1428
0.97683 43.95 92.784 38.543 66.788 -0.38384 0.13482
0.97731 44.008 92.875 38.221 66.767 -0.39896 0.12608
0.97794 44.029 92.871 37.9 66.745 -0.41124 0.11677
0.97869 44.011 92.75 37.592 66.725 -0.41968 0.10714
0.97951 43.956 92.499 37.309 66.715 -0.42355 0.097465
0.98035 43.867 92.112 37.062 66.719 -0.42249 0.088068
0.98116 43.75 91.598 36.862 66.74 -0.41643 0.079292
0.9819 43.612 90.978 36.715 66.781 -0.40562 0.071482
0.98253 43.459 90.285 36.629 66.843 -0.39054 0.064962
0.98304 43.3 89.562 36.605 66.922 -0.37188 0.060015
0.98342 43.143 88.856 36.644 67.015 -0.35043 0.056865
0.98366 42.996 88.217 36.741 67.117 -0.32706 0.055654
0.98377 42.864 87.687 36.892 67.221 -0.30264 0.056438
0.98378 42.752 87.302 37.088 67.321 -0.27801 0.059173
0.98371 42.661 87.084 37.319 67.409 -0.25395 0.063719
0.98359 42.594 87.039 37.575 67.481 -0.23116 0.06985
0.98345 42.549 87.163 37.843 67.533 -0.21025 0.077262
0.98332 42.524 87.434 38.111 67.564 -0.19172 0.085602
0.98322 42.516 87.824 38.369 67.574 -0.17601 0.094483
0.98317 42.52 88.295 38.607 67.565 -0.16343 0.10352
0.98317 42.533 88.806 38.815 67.541 -0.1542 0.11234
0.98323 42.552 89.316 38.986 67.507 -0.14839 0.12063
0.98334 42.572 89.79 39.116 67.468 -0.14595 0.12813
0.98349 42.591 90.194 39.201 67.428 -0.14662 0.13466
0.98364 42.608 90.508 39.239 67.393 -0.14993 0.14012
0.98377 42.621 90.716 39.231 67.364 -0.15519 0.14449
0.98387 42.63 90.816 39.177 67.342 -0.16146 0.14783
0.9839 42.635 90.814 39.081 67.328 -0.16759 0.15022
0.98385 42.637 90.729 38.945 67.319 -0.17219 0.15181
0.98372 42.637 90.582 38.775 67.312 -0.17376 0.15275
0.98351 42.635 90.406 38.574 67.303 -0.17071 0.15317
0.98323 42.632 90.234 38.349 67.287 -0.16151 0.15318
0.9829 42.629 90.101 38.104 67.262 -0.14473 0.15285
0.98256 42.625 90.038 37.844 67.223 -0.11926 0.1522
0.98222 42.621 90.071 37.576 67.17 -0.084329 0.15119
0.98191 42.615 90.221 37.304 67.102 -0.039675 0.14972
0.98168 42.608 90.495 37.033 67.022 0.014412 0.14769
0.98153 42.597 90.895 36.77 66.931 0.077033 0.14493
0.98147 42.584 91.408 36.518 66.836 0.14668 0.14132
0.98152 42.567 92.015 36.283 66.741 0.22126 0.13673
0.98165 42.547 92.687 36.069 66.653 0.29819 0.13107
0.98184 42.523 93.388 35.88 66.578 0.37453 0.12433
0.98208 42.497 94.079 35.719 66.519 0.44708 0.11655
0.98234 42.469 94.72 35.59 66.482 0.51264 0.10787
0.98258 42.441 95.27 35.494 66.467 0.56811 0.098478
0.98277 42.414 95.692 35.432 66.476 0.61074 0.088657
0.98289 42.39 95.957 35.404 66.506 0.6383 0.078735
0.98293 42.37 96.042 35.41 66.554 0.64918 0.069078
0.98288 42.354 95.935 35.447 66.616 0.64256 0.060065
0.98275 42.343 95.635 35.513 66.687 0.61846 0.052062
0.98254 42.338 95.153 35.604 66.761 0.57773 0.045398
0.98228 42.337 94.51 35.716 66.833 0.52207 0.040343
0.982 42.339 93.736 35.844 66.897 0.4539 0.037084
0.98171 42.345 92.869 35.983 66.95 0.37629 0.035718
0.98145 42.354 91.95 36.13 66.988 0.29275 0.036243
0.98123 42.364 91.021 36.279 67.009 0.20707 0.038557
0.98108 42.375 90.123 36.427 67.013 0.12309 0.04247
0.981 42.389 89.294 36.571 66.999 0.044541 0.047711
0.98099 42.404 88.564 36.71 66.97 -0.025192 0.053956
0.98106 42.423 87.956 36.842 66.927 -0.083233 0.060844
0.98119 42.445 87.485 36.967 66.873 -0.12736 0.068004
0.98136 42.473 87.159 37.086 66.811 -0.1561 0.075079
0.98157 42.506 86.977 37.2 66.745 -0.1688 0.08175
0.98178 42.544 86.936 37.311 66.679 -0.16565 0.08775
0.98199 42.588 87.023 37.421 66.615 -0.14761 0.092882
0.98218 42.635 87.224 37.531 66.558 -0.11635 0.097024
0.98235 42.685 87.52 37.643 66.51 -0.074165 0.10013
0.98247 42.734 87.893 37.757 66.473 -0.023749 0.10223
0.98256 42.781 88.322 37.873 66.449 0.031915 0.1034
0.98262 42.823 88.784 37.989 66.439 0.089762 0.1038
0.98265 42.858 89.261 38.103 66.442 0.14682 0.10359
0.98267 42.885 89.734 38.212 66.457 0.20038 0.10296
0.98268 42.902 90.189 38.314 66.484 0.24812 0.1021
0.9827 42.91 90.614 38.405 66.519 0.28828 0.10118
0.98274 42.909 91.004 38.48 66.56 0.31964 0.10034
0.9828 42.902 91.356 38.539 66.603 0.34164 0.099712
0.98289 42.89 91.674 38.577 66.645 0.35436 0.099355
0.98301 42.876 91.961 38.596 66.683 0.35844 0.09931
0.98314 42.863 92.226 38.594 66.713 0.35503 0.099581
0.98328 42.853 92.474 38.574 66.733 0.34568 0.10014
0.98341 42.848 92.71 38.538 66.74 0.33223 0.10095
0.98351 42.85 92.937 38.491 66.734 0.31663 0.10196
0.98358 42.858 93.154 38.436 66.715 0.30087 0.1031
0.98358 42.872 93.359 38.378 66.684 0.28677 0.10433
0.98349 42.891 93.548 38.321 66.642 0.27594 0.1056
0.98332 42.915 93.717 38.268 66.593 0.26963 0.10688
0.98305 42.94 93.864 38.22 66.539 0.26868 0.10814
0.98267 42.967 93.991 38.178 66.484 0.27349 0.10935
0.9822 42.992 94.101 38.139 66.43 0.28398 0.11048
0.98165 43.015 94.2 38.099 66.382 0.29963 0.11153
0.98105 43.035 94.297 38.054 66.341 0.3195 0.11242
0.98042 43.052 94.398 37.997 66.311 0.34229 0.11313
0.97981 43.067 94.508 37.921 66.292 0.36647 0.11356
0.97926 43.08 94.627 37.822 66.287 0.3903 0.11364
0.9788 43.093 94.749 37.696 66.295 0.41201 0.11325
0.97849 43.107 94.862 37.542 66.317 0.42984 0.11229
0.97834 43.122 94.948 37.362 66.354 0.44221 0.11066
0.97838 43.14 94.985 37.164 66.405 0.44779 0.10827
0.9786 43.161 94.948 36.956 66.471 0.44558 0.10506
0.97899 43.185 94.814 36.755 66.549 0.43499 0.10101
0.9795 43.212 94.561 36.578 66.639 0.4159 0.096144
0.98008 43.241 94.176 36.446 66.74 0.38866 0.09055
0.98064 43.27 93.653 36.378 66.85 0.35409 0.084378
0.98112 43.3 92.997 36.395 66.966 0.31347 0.077836
0.98143 43.329 92.226 36.514 67.085 0.26843 0.071189
0.98148 43.356 91.365 36.749 67.205 0.22086 0.064744
0.98124 43.381 90.448 37.105 67.322 0.17285 0.058841
0.98066 43.404 89.518 37.581 67.434 0.12649 0.053827
0.97974 43.426 88.615 38.168 67.537 0.083724 0.050039
0.97853 43.447 87.782 38.848 67.63 0.046266 0.047782
0.97707 43.466 87.055 39.593 67.711 0.0154 0.047304
0.97547 43.483 86.46 40.369 67.78 -0.0081045 0.048777
0.97384 43.496 86.012 41.135 67.836 -0.024091 0.052284
0.9723 43.501 85.715 41.848 67.879 -0.033061 0.057804
0.97098 43.493 85.557 42.462 67.909 -0.036187 0.06521
0.96997 43.465 85.515 42.932 67.927 -0.035267 0.074271
0.96937 43.408 85.554 43.218 67.934 -0.032643 0.084658
0.96921 43.313 85.633 43.287 67.927 -0.031066 0.095959
0.96951 43.168 85.707 43.114 67.907 -0.033532 0.1077
0.97024 42.963 85.731 42.686 67.873 -0.043082 0.11937
0.97134 42.69 85.663 42.001 67.822 -0.062586 0.13045
0.97272 42.341 85.468 41.069 67.754 -0.094526 0.14043
0.97428 41.913 85.121 39.912 67.666 -0.14079 0.14883
0.9759 41.407 84.607 38.564 67.558 -0.20246 0.15526
0.97748 40.828 83.922 37.066 67.43 -0.27971 0.15938
0.97893 40.187 83.072 35.466 67.284 -0.37166 0.16097
0.98019 39.498 82.073 33.817 67.123 -0.47634 0.15991
0.9812 38.779 80.951 32.173 66.95 -0.59072 0.15617
0.98196 38.051 79.737 30.583 66.77 -0.71077 0.14984
0.98247 37.337 78.471 29.097 66.59 -0.83166 0.14108
0.98277 36.657 77.196 27.753 66.416 -0.9479 0.13016
0.98288 36.031 75.962 26.582 66.253 -1.0536 0.11739
0.98286 35.475 74.817 25.607 66.107 -1.143 0.10311
0.98275 35.001 73.814 24.836 65.984 -1.2102 0.087724
0.9826 34.615 73 24.271 65.885 -1.2504 0.071607
0.98242 34.319 72.418 23.901 65.812 -1.2591 0.055144
0.98226 34.11 72.103 23.708 65.766 -1.2336 0.038691
0.9821 33.98 72.076 23.665 65.745 -1.1721 0.022573
0.98197 33.916 72.345 23.743 65.746 -1.0747 0.0070729
0.98184 33.904 72.899 23.906 65.763 -0.94296 -0.0075725
0.98172 33.929 73.713 24.122 65.794 -0.78014 -0.021174
0.9816 33.974 74.741 24.357 65.831 -0.59102 -0.033588
0.98147 34.023 75.928 24.582 65.871 -0.38168 -0.044717
0.98133 34.064 77.206 24.77 65.908 -0.15922 -0.054506
0.9812 34.084 78.508 24.902 65.937 0.068572 -0.062935
0.98107 34.074 79.763 24.966 65.956 0.29366 -0.070019
0.98097 34.03 80.913 24.954 65.961 0.50816 -0.0758
0.9809 33.949 81.909 24.865 65.952 0.70475 -0.080349
0.98088 33.831 82.722 24.705 65.928 0.8771 -0.083753
0.98092 33.679 83.337 24.484 65.889 1.0201 -0.086123
0.98104 33.498 83.759 24.214 65.836 1.1303 -0.087581
0.98123 33.295 84.005 23.911 65.772 1.2058 -0.088261
0.9815 33.077 84.106 23.592 65.698 1.2465 -0.088307
0.98183 32.852 84.097 23.275 65.619 1.2539 -0.087863
0.98221 32.628 84.016 22.974 65.537 1.2311 -0.087074
0.98263 32.413 83.896 22.705 65.456 1.1822 -0.086079
0.98306 32.214 83.765 22.477 65.38 1.1124 -0.085006
0.98348 32.037 83.639 22.3 65.313 1.0274 -0.083967
0.98387 31.887 83.529 22.177 65.259 0.93312 -0.083056
0.9842 31.769 83.435 22.111 65.22 0.83529 -0.082344
0.98445 31.683 83.353 22.099 65.198 0.73909 -0.081879
0.98461 31.633 83.275 22.137 65.195 0.649 -0.081686
0.98466 31.617 83.195 22.218 65.209 0.56851 -0.081765
0.98462 31.635 83.11 22.335 65.24 0.50007 -0.082102
0.98447 31.683 83.022 22.476 65.285 0.44507 -0.082664
0.98424 31.758 82.94 22.631 65.341 0.40384 -0.08341
0.98394 31.856 82.878 22.791 65.403 0.37584 -0.084296
0.9836 31.97 82.856 22.946 65.467 0.35976 -0.085278
0.98323 32.095 82.896 23.087 65.529 0.35381 -0.086316
0.98287 32.225 83.021 23.207 65.583 0.35582 -0.087382
0.98255 32.354 83.249 23.3 65.628 0.36359 -0.088454
0.98227 32.476 83.595 23.362 65.658 0.37494 -0.089525
0.98206 32.587 84.063 23.392 65.673 0.38799 -0.090592
0.98194 32.683 84.65 23.388 65.672 0.4012 -0.091661
0.98191 32.76 85.344 23.353 65.654 0.41346 -0.092739
0.98196 32.817 86.124 23.29 65.621 0.42411 -0.093832
0.98208 32.852 86.96 23.202 65.574 0.4329 -0.094939
0.98224 32.868 87.819 23.096 65.516 0.43999 -0.096051
0.98244 32.864 88.666 22.977 65.449 0.44576 -0.097148
0.98262 32.845 89.466 22.851 65.378 0.45082 -0.098199
0.98278 32.813 90.19 22.725 65.305 0.4558 -0.099163
0.98287 32.773 90.812 22.605 65.233 0.4613 -0.099992
0.98289 32.729 91.317 22.496 65.165 0.4678 -0.10063
0.98281 32.686 91.697 22.402 65.104 0.47556 -0.10104
0.98264 32.647 91.955 22.327 65.052 0.48457 -0.10117
0.98238 32.616 92.1 22.273 65.01 0.49455 -0.101
0.98206 32.595 92.15 22.24 64.979 0.50493 -0.10052
0.98169 32.585 92.129 22.228 64.958 0.51492 -0.09973
0.9813 32.586 92.062 22.234 64.947 0.52352 -0.098673
0.98091 32.596 91.975 22.256 64.944 0.52962 -0.0974
0.98056 32.612 91.892 22.289 64.947 0.53207 -0.095987
0.98026 32.629 91.834 22.329 64.955 0.52977 -0.094522
0.98003 32.643 91.812 22.371 64.964 0.52177 -0.093102
0.97989 32.647 91.833 22.41 64.972 0.50733 -0.091828
0.97982 32.638 91.894 22.441 64.978 0.48601 -0.090792
0.97984 32.61 91.985 22.461 64.979 0.45771 -0.090077
0.97992 32.561 92.09 22.466 64.973 0.42267 -0.089741
0.98006 32.491 92.187 22.456 64.96 0.38154 -0.089822
0.98023 32.399 92.252 22.43 64.939 0.3353 -0.090327
0.98041 32.29 92.26 22.389 64.912 0.28526 -0.091233
0.98059 32.169 92.189 22.336 64.879 0.23296 -0.092487
0.98076 32.041 92.017 22.275 64.842 0.18012 -0.094012
0.9809 31.916 91.733 22.211 64.804 0.12852 -0.095705
0.981 31.801 91.331 22.149 64.768 0.07993 -0.097447
0.98108 31.704 90.814 22.094 64.737 0.035972 -0.099113
0.98113 31.632 90.195 22.052 64.714 -0.0019597 -0.10057
0.98118 31.59 89.498 22.028 64.702 -0.032786 -0.1017
0.98123 31.581 88.752 22.025 64.703 -0.055815 -0.10238
0.9813 31.607 87.995 22.047 64.718 -0.070787 -0.10252
0.98141 31.668 87.266 22.093 64.746 -0.077896 -0.10206
0.98155 31.758 86.604 22.163 64.787 -0.077781 -0.10096
0.98175 31.875 86.045 22.256 64.837 -0.071498 -0.099189
0.982 32.011 85.618 22.366 64.895 -0.060454 -0.096782
0.98229 32.159 85.339 22.489 64.955 -0.046332 -0.093784
0.98261 32.311 85.214 22.618 65.014 -0.030987 -0.090272
0.98295 32.459 85.235 22.747 65.067 -0.016344 -0.086347
0.98329 32.595 85.382 22.867 65.111 -0.004279 -0.082132
0.98362 32.712 85.624 22.973 65.144 0.0034838 -0.077763
0.98392 32.803 85.927 23.057 65.162 0.0054733 -0.073386
0.98417 32.862 86.251 23.114 65.165 0.00055179 -0.069152
0.98438 32.888 86.56 23.14 65.152 -0.012025 -0.065206
0.98452 32.878 86.824 23.133 65.125 -0.032573 -0.061689
0.98461 32.832 87.021 23.092 65.083 -0.060972 -0.058726
0.98465 32.752 87.141 23.02 65.031 -0.096681 -0.056425
0.98465 32.642 87.182 22.919 64.969 -0.13878 -0.05487
0.98461 32.509 87.157 22.794 64.901 -0.18603 -0.054122
0.98456 32.358 87.082 22.652 64.83 -0.23696 -0.054216
0.9845 32.198 86.98 22.501 64.758 -0.28994 -0.055156
0.98444 32.037 86.876 22.348 64.689 -0.34327 -0.056922
0.98441 31.884 86.794 22.204 64.625 -0.39529 -0.059466
0.9844 31.746 86.752 22.075 64.568 -0.44445 -0.062715
0.98443 31.632 86.766 21.969 64.52 -0.48936 -0.066575
0.9845 31.545 86.843 21.893 64.484 -0.5289 -0.070936
0.98461 31.491 86.984 21.853 64.46 -0.5622 -0.075671
0.98475 31.472 87.185 21.85 64.449 -0.58874 -0.080645
0.98494 31.487 87.44 21.886 64.45 -0.60826 -0.085716
0.98515 31.536 87.737 21.96 64.463 -0.62087 -0.090743
0.98539 31.616 88.067 22.069 64.486 -0.6269 -0.095591
0.98565 31.721 88.418 22.209 64.517 -0.627 -0.10013
0.9859 31.846 88.782 22.372 64.552 -0.62197 -0.10425
0.98615 31.985 89.151 22.551 64.59 -0.61282 -0.10785
0.98639 32.13 89.519 22.738 64.626 -0.60063 -0.11087
0.98659 32.275 89.878 22.924 64.658 -0.58656 -0.11324
0.98674 32.413 90.223 23.1 64.682 -0.57176 -0.11495
0.98684 32.539 90.546 23.26 64.697 -0.55731 -0.11599
0.98685 32.648 90.836 23.397 64.701 -0.54421 -0.1164
0.98678 32.736 91.082 23.506 64.694 -0.53331 -0.11621
0.9866 32.802 91.271 23.585 64.675 -0.52529 -0.1155
0.98631 32.845 91.391 23.632 64.646 -0.52063 -0.11436
0.98592 32.865 91.431 23.649 64.61 -0.51962 -0.11287
0.98542 32.865 91.381 23.639 64.569 -0.52238 -0.11113
0.98484 32.848 91.241 23.606 64.527 -0.52881 -0.10925
0.9842 32.818 91.013 23.557 64.487 -0.53867 -0.10731
0.98353 32.78 90.709 23.498 64.453 -0.55162 -0.1054
0.98286 32.739 90.347 23.436 64.428 -0.56723 -0.10357
0.98225 32.7 89.953 23.379 64.414 -0.58503 -0.1019
0.98173 32.669 89.557 23.334 64.413 -0.60455 -0.10041
0.98134 32.648 89.194 23.306 64.425 -0.62539 -0.099123
0.98112 32.644 88.898 23.301 64.451 -0.64719 -0.098052
0.98108 32.657 88.703 23.321 64.488 -0.66971 -0.097196
0.98125 32.689 88.636 23.368 64.534 -0.69278 -0.096546
0.9816 32.74 88.718 23.443 64.585 -0.71632 -0.096086
0.98213 32.809 88.957 23.544 64.638 -0.74032 -0.095802
0.98279 32.893 89.35 23.668 64.687 -0.76479 -0.095678
0.98352 32.987 89.878 23.811 64.73 -0.78971 -0.095697
0.98428 33.087 90.51 23.968 64.762 -0.81504 -0.095846
0.98499 33.185 91.203 24.134 64.78 -0.84059 -0.096108
0.98557 33.276 91.904 24.302 64.782 -0.86607 -0.096469
0.98597 33.352 92.556 24.466 64.767 -0.89103 -0.096911
0.98611 33.407 93.105 24.619 64.734 -0.91486 -0.097412
0.98597 33.434 93.501 24.757 64.686 -0.93682 -0.097946
0.9855 33.428 93.706 24.873 64.623 -0.95606 -0.098484
0.98472 33.387 93.699 24.962 64.55 -0.97169 -0.098992
0.98363 33.307 93.478 25.021 64.469 -0.98285 -0.099436
0.98229 33.19 93.062 25.047 64.384 -0.9888 -0.099783
0.98076 33.038 92.486 25.038 64.3 -0.98896 -0.1
0.97914 32.856 91.802 24.995 64.22 -0.98305 -0.10007
0.97753 32.649 91.073 24.917 64.147 -0.97109 -0.099985
0.97602 32.427 90.365 24.809 64.084 -0.95347 -0.099735
0.97474 32.198 89.74 24.675 64.031 -0.93093 -0.099338
0.97376 31.974 89.248 24.521 63.99 -0.90453 -0.098819
0.97316 31.763 88.927 24.353 63.962 -0.87564 -0.098213
0.97298 31.577 88.79 24.182 63.945 -0.84577 -0.09756
0.97323 31.423 88.831 24.017 63.938 -0.8165 -0.096903
0.97388 31.309 89.024 23.868 63.941 -0.78938 -0.096281
0.97487 31.24 89.325 23.745 63.953 -0.76574 -0.095725
0.97611 31.219 89.681 23.658 63.971 -0.74661 -0.095249
0.9775 31.246 90.036 23.615 63.994 -0.73263 -0.094854
0.97893 31.319 90.336 23.623 64.021 -0.72397 -0.094517
0.98028 31.434 90.542 23.686 64.05 -0.72031 -0.094197
0.98147 31.586 90.628 23.805 64.08 -0.72089 -0.093837
0.98242 31.767 90.588 23.98 64.11 -0.72456 -0.093364
0.98308 31.969 90.437 24.205 64.137 -0.72986 -0.092699
0.98345 32.184 90.204 24.473 64.161 -0.73522 -0.091761
0.98353 32.403 89.934 24.774 64.179 -0.73905 -0.090478
0.98338 32.619 89.678 25.094 64.192 -0.73996 -0.088791
0.98304 32.824 89.49 25.421 64.197 -0.73687 -0.086661
0.9826 33.012 89.419 25.738 64.193 -0.72915 -0.084079
0.98213 33.176 89.507 26.032 64.181 -0.7167 -0.081063
0.98173 33.314 89.779 26.289 64.158 -0.7 -0.077663
0.98145 33.42 90.247 26.497 64.126 -0.6801 -0.073959
0.98135 33.491 90.904 26.648 64.085 -0.65854 -0.070058
0.98147 33.527 91.724 26.735 64.035 -0.63723 -0.066087
0.98182 33.524 92.669 26.758 63.977 -0.61832 -0.062191
0.98238 33.483 93.685 26.716 63.912 -0.60404 -0.058521
0.9831 33.402 94.713 26.615 63.841 -0.59642 -0.055229
0.98391 33.282 95.686 26.464 63.767 -0.5972 -0.052461
0.98473 33.125 96.544 26.272 63.69 -0.6076 -0.050351
0.98545 32.934 97.231 26.052 63.612 -0.62819 -0.049014
0.98597 32.713 97.702 25.817 63.537 -0.65884 -0.048543
0.98618 32.468 97.929 25.581 63.465 -0.69862 -0.049008
0.98599 32.208 97.903 25.355 63.4 -0.74589 -0.050454
0.98537 31.942 97.634 25.151 63.344 -0.79835 -0.052899
0.98428 31.681 97.15 24.977 63.299 -0.85319 -0.056337
0.98274 31.437 96.498 24.839 63.265 -0.90726 -0.060736
0.98084 31.222 95.739 24.74 63.246 -0.9573 -0.066044
0.97866 31.049 94.942 24.681 63.241 -1.0002 -0.072186
0.97637 30.929 94.181 24.661 63.25 -1.0331 -0.079065
0.97411 30.869 93.526 24.674 63.274 -1.0538 -0.086568
0.97206 30.876 93.043 24.715 63.31 -1.0607 -0.09456
0.97038 30.952 92.779 24.778 63.359 -1.0533 -0.10289
0.9692 31.097 92.768 24.855 63.418 -1.0318 -0.11139
0.96858 31.303 93.019 24.939 63.486 -0.99737 -0.11989
0.96856 31.563 93.523 25.025 63.561 -0.9522 -0.12817
0.96909 31.863 94.248 25.108 63.642 -0.89913 -0.13605
0.97004 32.188 95.142 25.184 63.727 -0.84161 -0.14331
0.97126 32.521 96.142 25.252 63.815 -0.78347 -0.14974
0.97254 32.844 97.174 25.313 63.905 -0.72866 -0.15515
0.97367 33.142 98.162 25.366 63.996 -0.68101 -0.15936
0.97445 33.4 99.033 25.414 64.085 -0.64395 -0.16221
0.9747 33.606 99.727 25.461 64.172 -0.6203 -0.16357
0.97432 33.752 100.2 25.509 64.255 -0.61208 -0.16336
0.97328 33.836 100.41 25.561 64.332 -0.6204 -0.16155
0.97162 33.856 100.36 25.62 64.401 -0.64532 -0.15815
0.96946 33.817 100.07 25.686 64.461 -0.68592 -0.15324
0.96696 33.727 99.557 25.761 64.511 -0.7403 -0.14696
0.96437 33.594 98.872 25.843 64.548 -0.80574 -0.1395
0.9619 33.431 98.07 25.929 64.572 -0.87886 -0.13111
0.9598 33.25 97.212 26.016 64.583 -0.95583 -0.12209
0.95825 33.063 96.362 26.101 64.58 -1.0326 -0.11275
0.9574 32.882 95.579 26.177 64.566 -1.1053 -0.10345
0.95734 32.715 94.913 26.242 64.54 -1.1703 -0.094543
0.95806 32.57 94.408 26.289 64.504 -1.2243 -0.086383
0.95952 32.454 94.094 26.315 64.461 -1.265 -0.079289
0.96161 32.369 93.988 26.318 64.412 -1.2908 -0.073546
0.96418 32.315 94.095 26.295 64.359 -1.301 -0.069382
0.96708 32.292 94.404 26.247 64.304 -1.2957 -0.066959
0.97013 32.296 94.89 26.175 64.251 -1.2761 -0.066365
0.97317 32.323 95.518 26.082 64.2 -1.2437 -0.067605
0.97607 32.368 96.238 25.973 64.155 -1.2011 -0.070605
0.97872 32.424 96.996 25.853 64.115 -1.1509 -0.075211
0.98103 32.486 97.732 25.728 64.084 -1.096 -0.0812
0.98296 32.547 98.385 25.607 64.062 -1.0393 -0.088283
0.98447 32.604 98.901 25.495 64.049 -0.98363 -0.096129
0.98557 32.651 99.232 25.4 64.045 -0.93127 -0.10437
0.98626 32.687 99.344 25.329 64.05 -0.88414 -0.11263
0.98655 32.709 99.219 25.286 64.063 -0.84363 -0.12054
0.98648 32.719 98.855 25.277 64.083 -0.81054 -0.12775
0.98607 32.717 98.269 25.305 64.11 -0.78519 -0.13395
0.98538 32.708 97.492 25.371 64.142 -0.76742 -0.13888
0.98443 32.694 96.57 25.475 64.178 -0.75669 -0.14235
0.98328 32.682 95.559 25.616 64.219 -0.75222 -0.14427
0.98198 32.677 94.521 25.791 64.262 -0.75311 -0.14457
0.98059 32.685 93.516 25.996 64.308 -0.7584 -0.14333
0.97918 32.711 92.604 26.227 64.356 -0.76726 -0.14064
0.97782 32.762 91.833 26.476 64.404 -0.77895 -0.13671
0.97658 32.84 91.24 26.739 64.452 -0.79297 -0.13177
0.97554 32.948 90.845 27.007 64.498 -0.80899 -0.12609
0.97475 33.086 90.649 27.276 64.543 -0.82687 -0.12
0.97426 33.252 90.638 27.537 64.584 -0.84661 -0.11379
0.97409 33.442 90.779 27.786 64.621 -0.86829 -0.10777
0.97427 33.649 91.027 28.016 64.654 -0.892 -0.10223
0.97477 33.866 91.329 28.222 64.681 -0.91777 -0.097382
0.97557 34.083 91.63 28.4 64.704 -0.94549 -0.093424
0.97659 34.29 91.881 28.546 64.721 -0.97492 -0.090474
0.97778 34.478 92.042 28.657 64.732 -1.0056 -0.088593
0.97903 34.636 92.091 28.732 64.738 -1.037 -0.087776
0.98025 34.759 92.023 28.768 64.74 -1.0683 -0.087962
0.98135 34.84 91.852 28.766 64.735 -1.0986 -0.089035
0.98223 34.877 91.612 28.725 64.726 -1.1272 -0.090839
0.98282 34.871 91.344 28.649 64.711 -1.1531 -0.09319
0.98306 34.822 91.099 28.538 64.691 -1.1757 -0.095885
0.9829 34.738 90.925 28.396 64.665 -1.1944 -0.098723
0.98235 34.624 90.859 28.228 64.635 -1.2089 -0.10151
0.9814 34.489 90.926 28.037 64.6 -1.2193 -0.10406
0.98012 34.34 91.131 27.83 64.561 -1.2256 -0.10625
0.97857 34.185 91.463 27.613 64.52 -1.2286 -0.10795
0.97684 34.032 91.889 27.391 64.476 -1.2288 -0.10909
0.97503 33.884 92.363 27.171 64.431 -1.2273 -0.10963
0.97326 33.746 92.834 26.957 64.387 -1.2251 -0.10956
0.97163 33.617 93.246 26.757 64.343 -1.2232 -0.10893
0.97023 33.497 93.549 26.572 64.301 -1.2226 -0.10777
0.96916 33.381 93.706 26.407 64.262 -1.2243 -0.10617
0.96845 33.267 93.692 26.262 64.226 -1.229 -0.10422
0.96813 33.148 93.501 26.138 64.193 -1.2371 -0.10203
0.9682 33.02 93.143 26.033 64.164 -1.2489 -0.099701
0.96863 32.878 92.644 25.945 64.138 -1.2643 -0.097351
0.96936 32.719 92.042 25.869 64.115 -1.283 -0.095095
0.97034 32.54 91.381 25.802 64.096 -1.3044 -0.093046
0.97146 32.343 90.71 25.737 64.08 -1.3277 -0.091314
0.97267 32.13 90.073 25.671 64.068 -1.352 -0.09
0.97386 31.906 89.513 25.598 64.059 -1.3762 -0.089201
0.97497 31.676 89.062 25.516 64.053 -1.3993 -0.089003
0.97594 31.45 88.744 25.423 64.052 -1.4201 -0.089476
0.97671 31.236 88.574 25.318 64.056 -1.4377 -0.090674
0.97725 31.045 88.558 25.204 64.065 -1.4512 -0.092632
0.97755 30.886 88.694 25.084 64.082 -1.4602 -0.095356
0.97761 30.769 88.975 24.963 64.106 -1.4641 -0.098826
0.97745 30.703 89.389 24.85 64.138 -1.4629 -0.10299
0.97712 30.694 89.92 24.751 64.18 -1.4569 -0.10776
0.97665 30.748 90.553 24.676 64.232 -1.4464 -0.11302
0.9761 30.865 91.268 24.632 64.294 -1.4323 -0.11862
0.97553 31.047 92.048 24.628 64.365 -1.4156 -0.12439
0.97503 31.289 92.873 24.668 64.444 -1.3974 -0.13014
0.97464 31.585 93.725 24.756 64.529 -1.379 -0.13567
0.97443 31.926 94.584 24.893 64.617 -1.3619 -0.1408
0.97447 32.3 95.429 25.076 64.706 -1.3471 -0.14534
0.97479 32.691 96.24 25.3 64.79 -1.3358 -0.14916
0.97543 33.085 96.992 25.555 64.865 -1.3288 -0.15213
0.97639 33.462 97.66 25.83 64.928 -1.3266 -0.1542
0.97764 33.807 98.215 26.111 64.974 -1.3294 -0.15536
0.97915 34.103 98.629 26.383 65.001 -1.3369 -0.15567
0.98084 34.336 98.871 26.629 65.006 -1.3482 -0.15522
0.98259 34.494 98.914 26.835 64.987 -1.3623 -0.15418
0.9843 34.571 98.737 26.987 64.945 -1.3778 -0.15275
0.98582 34.564 98.324 27.072 64.883 -1.393 -0.15113
0.98702 34.474 97.677 27.084 64.802 -1.4061 -0.14957
0.98776 34.31 96.81 27.017 64.706 -1.4153 -0.14829
0.98793 34.082 95.755 26.871 64.602 -1.4191 -0.14748
0.98746 33.806 94.562 26.652 64.493 -1.4162 -0.1473
0.98632 33.501 93.293 26.369 64.387 -1.4059 -0.14786
0.98453 33.187 92.024 26.035 64.288 -1.3879 -0.14919
0.98215 32.884 90.834 25.666 64.202 -1.3626 -0.15127
0.97933 32.611 89.797 25.281 64.133 -1.3309 -0.154
0.97624 32.386 88.981 24.901 64.083 -1.2944 -0.15722
0.97307 32.221 88.435 24.547 64.056 -1.255 -0.16074
0.97005 32.127 88.186 24.238 64.051 -1.2151 -0.16432
0.96738 32.107 88.237 23.993 64.069 -1.1774 -0.1677
0.96526 32.16 88.567 23.826 64.107 -1.1444 -0.17066
0.96382 32.281 89.133 23.75 64.164 -1.1184 -0.17295
0.96312 32.459 89.871 23.769 64.237 -1.1017 -0.17442
0.96316 32.683 90.71 23.887 64.321 -1.0958 -0.17493
0.96386 32.937 91.571 24.101 64.414 -1.1017 -0.17443
0.96507 33.204 92.381 24.401 64.511 -1.1197 -0.17295
0.9666 33.468 93.074 24.776 64.609 -1.1495 -0.17055
0.96821 33.715 93.602 25.211 64.704 -1.19 -0.1674
0.96968 33.929 93.933 25.685 64.792 -1.2397 -0.16368
0.97081 34.103 94.059 26.179 64.871 -1.2965 -0.15963
0.97146 34.227 93.987 26.671 64.937 -1.358 -0.1555
0.97154 34.298 93.742 27.14 64.989 -1.4216 -0.15153
0.97103 34.318 93.363 27.566 65.024 -1.4847 -0.14796
0.96999 34.288 92.893 27.932 65.042 -1.5448 -0.14498
0.96854 34.214 92.376 28.223 65.042 -1.5998 -0.14274
0.96683 34.106 91.852 28.429 65.026 -1.6478 -0.14135
0.96507 33.971 91.353 28.543 64.995 -1.6874 -0.14083
0.96343 33.821 90.899 28.563 64.952 -1.7177 -0.14118
0.9621 33.663 90.5 28.492 64.898 -1.7382 -0.14231
0.9612 33.507 90.153 28.337 64.838 -1.7489 -0.14412
0.96083 33.359 89.851 28.105 64.775 -1.7504 -0.14646
0.96102 33.225 89.585 27.812 64.711 -1.7435 -0.14918
0.96176 33.106 89.344 27.471 64.65 -1.7292 -0.1521
0.963 33.004 89.124 27.1 64.592 -1.7089 -0.15507
0.96466 32.918 88.931 26.715 64.54 -1.6841 -0.15794
0.96665 32.846 88.777 26.333 64.492 -1.6564 -0.16062
0.96888 32.785 88.682 25.971 64.449 -1.6275 -0.163
0.97125 32.734 88.67 25.642 64.409 -1.5991 -0.16503
0.9737 32.689 88.767 25.359 64.371 -1.5726 -0.1667
0.97615 32.649 88.993 25.132 64.333 -1.5497 -0.168
0.97854 32.614 89.362 24.969 64.295 -1.5318 -0.16894
0.98082 32.584 89.873 24.873 64.255 -1.5202 -0.16955
0.9829 32.56 90.514 24.847 64.214 -1.5161 -0.16984
0.98471 32.545 91.258 24.889 64.171 -1.5204 -0.16981
0.98613 32.54 92.068 24.997 64.128 -1.534 -0.16946
0.98703 32.547 92.896 25.164 64.087 -1.5572 -0.16875
0.98727 32.57 93.693 25.384 64.048 -1.5904 -0.16761
0.98671 32.61 94.41 25.649 64.014 -1.6335 -0.16597
0.98523 32.668 95.004 25.948 63.987 -1.686 -0.16373
0.98272 32.745 95.444 26.272 63.969 -1.7472 -0.16078
0.97914 32.841 95.708 26.612 63.96 -1.8159 -0.15702
0.97451 32.956 95.788 26.956 63.963 -1.8907 -0.15237
0.96893 33.087 95.688 27.295 63.977 -1.9696 -0.14676
0.96258 33.233 95.421 27.622 64.004 -2.0505 -0.14018
0.95572 33.392 95.008 27.927 64.044 -2.131 -0.13268
0.94869 33.561 94.474 28.205 64.096 -2.2086 -0.12435
0.94188 33.736 93.844 28.451 64.16 -2.2807 -0.11537
0.9357 33.913 93.142 28.661 64.234 -2.3447 -0.10597
0.93054 34.088 92.391 28.832 64.318 -2.3983 -0.096436
0.92678 34.256 91.611 28.964 64.409 -2.4396 -0.087112
0.92469 34.413 90.82 29.058 64.506 -2.4669 -0.07837
0.92445 34.555 90.038 29.115 64.605 -2.4791 -0.070595
0.9261 34.677 89.283 29.138 64.705 -2.4757 -0.064162
0.92956 34.776 88.581 29.13 64.804 -2.4571 -0.059412
0.93461 34.85 87.958 29.098 64.898 -2.4239 -0.056628
0.94093 34.898 87.443 29.045 64.986 -2.3777 -0.056013
0.94811 34.919 87.067 28.978 65.066 -2.3205 -0.057675
0.95571 34.916 86.858 28.902 65.138 -2.2547 -0.061608
0.96328 34.89 86.839 28.825 65.2 -2.1832 -0.067692
0.97042 34.845 87.022 28.752 65.253 -2.1089 -0.075688
0.97677 34.784 87.406 28.689 65.297 -2.0348 -0.085248
0.98207 34.714 87.979 28.641 65.333 -1.9637 -0.09593
0.98618 34.64 88.71 28.612 65.363 -1.8981 -0.10722
0.98903 34.566 89.555 28.607 65.388 -1.8401 -0.11856
0.99066 34.498 90.461 28.627 65.408 -1.7912 -0.12936
0.9912 34.442 91.369 28.673 65.423 -1.7524 -0.13908
0.99082 34.401 92.22 28.745 65.434 -1.724 -0.1472
0.98975 34.379 92.958 28.842 65.441 -1.7058 -0.1533
0.98821 34.379 93.542 28.959 65.443 -1.6971 -0.15705
0.98645 34.403 93.941 29.092 65.438 -1.6968 -0.15825
0.98466 34.45 94.144 29.237 65.427 -1.7032 -0.15686
0.98303 34.521 94.155 29.387 65.408 -1.7148 -0.15297
0.98168 34.614 93.993 29.537 65.382 -1.7299 -0.14679
0.98069 34.725 93.688 29.681 65.35 -1.7469 -0.13869
0.9801 34.852 93.279 29.815 65.314 -1.7642 -0.12913
0.9799 34.99 92.804 29.934 65.275 -1.7808 -0.11865
0.98003 35.135 92.3 30.038 65.238 -1.7956 -0.10782
0.98044 35.281 91.799 30.125 65.203 -1.8082 -0.097237
0.98102 35.425 91.325 30.198 65.176 -1.8183 -0.087459
0.98171 35.561 90.892 30.26 65.158 -1.826 -0.078986
0.9824 35.686 90.511 30.314 65.151 -1.8314 -0.072226
0.98302 35.798 90.183 30.366 65.156 -1.8352 -0.067472
0.98352 35.895 89.908 30.421 65.171 -1.8378 -0.064884
0.98386 35.977 89.685 30.487 65.194 -1.8399 -0.064488
0.98403 36.044 89.515 30.566 65.222 -1.8418 -0.066174
0.98402 36.1 89.399 30.662 65.252 -1.8441 -0.069707
0.98387 36.145 89.342 30.778 65.278 -1.8471 -0.074751
0.98359 36.183 89.349 30.914 65.296 -1.8507 -0.080892
0.98324 36.218 89.423 31.067 65.303 -1.8549 -0.087665
0.98285 36.252 89.569 31.235 65.294 -1.8595 -0.094594
0.98248 36.289 89.786 31.413 65.27 -1.864 -0.10122
0.98216 36.33 90.07 31.595 65.228 -1.868 -0.10711
0.98192 36.378 90.415 31.775 65.172 -1.8708 -0.11195
0.98178 36.435 90.809 31.948 65.104 -1.872 -0.11545
0.98174 36.499 91.241 32.109 65.027 -1.8708 -0.11748
0.98181 36.572 91.698 32.254 64.946 -1.8669 -0.11797
0.98198 36.654 92.166 32.382 64.868 -1.8599 -0.11698
0.98222 36.743 92.634 32.494 64.796 -1.8496 -0.11464
0.9825 36.838 93.093 32.592 64.735 -1.8358 -0.11114
0.98281 36.939 93.533 32.68 64.69 -1.8187 -0.10676
0.98312 37.046 93.951 32.765 64.664 -1.7986 -0.10176
0.98339 37.158 94.34 32.853 64.657 -1.7757 -0.096444
0.98361 37.274 94.7 32.952 64.669 -1.7508 -0.091066
0.98377 37.394 95.027 33.068 64.7 -1.7244 -0.085862
0.98386 37.518 95.323 33.206 64.747 -1.6973 -0.081015
0.98386 37.646 95.588 33.371 64.807 -1.6701 -0.076653
0.98378 37.775 95.824 33.564 64.876 -1.6437 -0.072842
0.98362 37.905 96.033 33.785 64.95 -1.6186 -0.069596
0.98337 38.033 96.219 34.032 65.027 -1.5955 -0.066876
0.98306 38.156 96.382 34.297 65.101 -1.5748 -0.064611
0.98267 38.271 96.521 34.575 65.173 -1.5569 -0.062704
0.98222 38.374 96.635 34.857 65.238 -1.5418 -0.06105
0.98172 38.462 96.718 35.134 65.298 -1.5296 -0.05955
0.98119 38.532 96.763 35.396 65.352 -1.5198 -0.058123
0.98065 38.582 96.765 35.634 65.4 -1.5122 -0.056713
0.98011 38.611 96.718 35.841 65.442 -1.5061 -0.055301
0.97962 38.619 96.621 36.011 65.479 -1.5007 -0.053901
0.97919 38.608 96.476 36.141 65.512 -1.4951 -0.05256
0.97885 38.582 96.292 36.23 65.54 -1.4884 -0.051357
0.97863 38.543 96.082 36.278 65.564 -1.4796 -0.050391
0.97854 38.496 95.864 36.291 65.582 -1.4677 -0.049773
0.97858 38.448 95.657 36.273 65.594 -1.4519 -0.049617
0.97876 38.403 95.481 36.231 65.6 -1.4315 -0.050029
0.97904 38.365 95.351 36.173 65.599 -1.4059 -0.051096
0.9794 38.338 95.282 36.109 65.591 -1.3749 -0.052879
0.97981 38.326 95.278 36.045 65.577 -1.3383 -0.055406
0.9802 38.331 95.342 35.991 65.556 -1.2965 -0.058671
0.98055 38.352 95.467 35.953 65.531 -1.25 -0.062628
0.98079 38.389 95.646 35.936 65.503 -1.1996 -0.067196
0.9809 38.441 95.864 35.945 65.474 -1.1465 -0.07226
0.98085 38.507 96.111 35.983 65.446 -1.0922 -0.077674
0.98064 38.585 96.374 36.05 65.42 -1.038 -0.08327
0.98026 38.673 96.645 36.147 65.398 -0.9859 -0.088862
0.97974 38.768 96.919 36.272 65.38 -0.93753 -0.094255
0.97912 38.871 97.195 36.425 65.368 -0.89469 -0.09925
0.97845 38.98 97.478 36.601 65.362 -0.85904 -0.10366
0.97777 39.093 97.772 36.799 65.361 -0.83206 -0.10729
0.97713 39.211 98.083 37.015 65.365 -0.81494 -0.10999
0.97658 39.332 98.415 37.247 65.374 -0.80851 -0.11163
0.97615 39.455 98.768 37.493 65.387 -0.81319 -0.11208
0.97586 39.578 99.135 37.749 65.404 -0.82894 -0.1113
0.97572 39.697 99.5 38.015 65.423 -0.85524 -0.10924
0.97571 39.811 99.843 38.288 65.444 -0.89107 -0.10593
0.97581 39.916 100.14 38.567 65.466 -0.93501 -0.10142
0.97599 40.008 100.35 38.849 65.489 -0.98521 -0.09582
0.97622 40.083 100.45 39.134 65.51 -1.0396 -0.089282
0.97644 40.138 100.42 39.417 65.53 -1.0957 -0.081995
0.97661 40.17 100.24 39.697 65.547 -1.1514 -0.074185
0.97671 40.177 99.891 39.969 65.559 -1.2041 -0.066102
0.97669 40.16 99.388 40.229 65.567 -1.2517 -0.058012
0.97654 40.118 98.746 40.473 65.568 -1.2924 -0.050185
0.97625 40.055 97.995 40.695 65.564 -1.3247 -0.042881
0.97582 39.974 97.173 40.889 65.554 -1.3476 -0.036337
0.97527 39.881 96.324 41.052 65.539 -1.3606 -0.030756
0.97462 39.782 95.495 41.177 65.518 -1.3636 -0.026294
0.9739 39.685 94.732 41.262 65.494 -1.3572 -0.023051
0.97317 39.596 94.077 41.304 65.466 -1.3423 -0.021066
0.97248 39.524 93.564 41.301 65.437 -1.3202 -0.020314
0.97188 39.475 93.218 41.255 65.406 -1.2924 -0.020707
0.97142 39.453 93.053 41.169 65.375 -1.2607 -0.022103
0.97113 39.463 93.073 41.046 65.346 -1.2267 -0.024309
0.97104 39.505 93.269 40.895 65.318 -1.1922 -0.0271
0.97117 39.579 93.623 40.723 65.294 -1.1588 -0.03023
0.9715 39.682 94.107 40.54 65.274 -1.1277 -0.033448
0.97201 39.809 94.688 40.358 65.259 -1.1001 -0.036516
0.97266 39.956 95.326 40.188 65.25 -1.0768 -0.039221
0.9734 40.114 95.98 40.042 65.247 -1.0584 -0.041392
0.97417 40.279 96.613 39.928 65.252 -1.0452 -0.042906
0.97491 40.443 97.192 39.858 65.264 -1.0374 -0.043697
0.97557 40.601 97.692 39.836 65.283 -1.0349 -0.043755
0.97609 40.747 98.098 39.867 65.308 -1.0377 -0.043129
0.97645 40.878 98.406 39.951 65.337 -1.0455 -0.041912
0.97663 40.991 98.624 40.088 65.37 -1.0582 -0.040241
0.97661 41.083 98.766 40.27 65.404 -1.0754 -0.038276
0.97641 41.153 98.856 40.49 65.438 -1.0968 -0.036194
0.97604 41.201 98.919 40.736 65.47 -1.1218 -0.034168
0.97555 41.226 98.979 40.994 65.499 -1.1501 -0.032358
0.97497 41.23 99.057 41.252 65.522 -1.1808 -0.030898
0.97436 41.213 99.165 41.494 65.538 -1.2131 -0.029885
0.97378 41.177 99.308 41.707 65.548 -1.246 -0.029378
0.97326 41.123 99.48 41.879 65.55 -1.2781 -0.02939
0.97286 41.054 99.664 42 65.545 -1.3082 -0.029894
0.97262 40.973 99.837 42.066 65.533 -1.3346 -0.030827
0.97256 40.884 99.967 42.073 65.514 -1.3558 -0.032098
0.97269 40.79 100.02 42.024 65.491 -1.3703 -0.033595
0.97302 40.695 99.966 41.924 65.463 -1.3769 -0.035203
0.97353 40.605 99.774 41.782 65.432 -1.3745 -0.036806
0.97419 40.522 99.428 41.612 65.4 -1.3625 -0.038304
0.97497 40.452 98.92 41.425 65.368 -1.3409 -0.039621
0.97579 40.396 98.261 41.238 65.336 -1.3102 -0.040704
0.97662 40.356 97.475 41.064 65.305 -1.2713 -0.041534
0.97737 40.335 96.6 40.917 65.277 -1.2261 -0.042118
0.97801 40.33 95.69 40.807 65.25 -1.1765 -0.042493
0.97848 40.342 94.804 40.741 65.227 -1.1252 -0.04271
0.97873 40.367 94.01 40.725 65.208 -1.0749 -0.042835
0.97876 40.404 93.372 40.757 65.194 -1.0284 -0.042932
0.97857 40.449 92.946 40.834 65.185 -0.98852 -0.043059
0.97816 40.501 92.779 40.95 65.184 -0.95752 -0.043254
0.97757 40.557 92.9 41.095 65.191 -0.93726 -0.043529
0.97685 40.618 93.319 41.258 65.208 -0.92887 -0.043869
0.97605 40.685 94.023 41.426 65.237 -0.93275 -0.044224
0.97524 40.761 94.978 41.589 65.278 -0.94845 -0.044513
0.97448 40.847 96.131 41.736 65.333 -0.97472 -0.044631
0.97381 40.949 97.409 41.857 65.403 -1.0096 -0.04445
0.97329 41.069 98.728 41.948 65.487 -1.0503 -0.043838
0.97295 41.21 99.996 42.006 65.584 -1.094 -0.042663
0.97281 41.373 101.12 42.029 65.694 -1.1374 -0.040809
0.97287 41.556 102.02 42.021 65.814 -1.1771 -0.038186
0.97313 41.756 102.61 41.987 65.942 -1.21 -0.034745
0.97356 41.967 102.85 41.934 66.073 -1.2335 -0.030479
0.97414 42.181 102.71 41.868 66.203 -1.2456 -0.025436
0.97482 42.387 102.18 41.798 66.328 -1.2448 -0.019712
0.97557 42.576 101.29 41.731 66.443 -1.2305 -0.013458
0.97635 42.736 100.11 41.672 66.543 -1.2028 -0.0068631
0.9771 42.859 98.709 41.625 66.626 -1.1626 -0.00015361
0.97782 42.936 97.182 41.592 66.688 -1.1114 0.0064255
0.97846 42.964 95.636 41.573 66.726 -1.051 0.012623
0.97902 42.94 94.175 41.566 66.741 -0.98363 0.018197
0.97949 42.868 92.893 41.567 66.733 -0.9117 0.022929
0.97988 42.75 91.869 41.57 66.703 -0.83751 0.026641
0.9802 42.597 91.157 41.57 66.655 -0.76319 0.029199
0.98046 42.418 90.784 41.563 66.592 -0.69057 0.030527
0.98067 42.224 90.75 41.544 66.519 -0.62114 0.030604
0.98083 42.028 91.027 41.51 66.44 -0.55595 0.029465
0.98096 41.84 91.562 41.46 66.359 -0.49571 0.027197
0.98106 41.67 92.286 41.395 66.282 -0.44076 0.023925
0.9811 41.525 93.119 41.318 66.211 -0.39119 0.019806
0.98107 41.41 93.976 41.234 66.15 -0.34693 0.015009
0.98096 41.328 94.776 41.15 66.099 -0.30782 0.0097089
0.98074 41.276 95.445 41.074 66.06 -0.27375 0.0040672
0.98039 41.253 95.929 41.012 66.032 -0.24467 -0.001773
0.97991 41.253 96.189 40.974 66.014 -0.2207 -0.0076963
0.97927 41.271 96.212 40.964 66.005 -0.2021 -0.013618
0.97848 41.299 96.006 40.989 66.002 -0.18926 -0.019483
0.97756 41.333 95.601 41.051 66.003 -0.1827 -0.025262
0.97653 41.367 95.048 41.15 66.005 -0.18294 -0.030947
0.97543 41.397 94.414 41.284 66.006 -0.19046 -0.036538
0.97431 41.419 93.774 41.447 66.006 -0.20561 -0.042038
0.97324 41.434 93.208 41.632 66.001 -0.22849 -0.047444
0.97226 41.442 92.79 41.831 65.992 -0.25893 -0.052738
0.97146 41.444 92.584 42.033 65.979 -0.29643 -0.057889
0.97087 41.443 92.635 42.227 65.961 -0.34015 -0.062844
0.97054 41.442 92.967 42.402 65.941 -0.38889 -0.067539
0.97052 41.445 93.578 42.549 65.92 -0.44119 -0.071901
0.97081 41.453 94.44 42.66 65.898 -0.49538 -0.075856
0.97141 41.469 95.505 42.728 65.878 -0.54971 -0.079342
0.9723 41.494 96.705 42.751 65.86 -0.60238 -0.082313
0.97343 41.526 97.959 42.727 65.845 -0.65177 -0.084753
0.97474 41.563 99.186 42.656 65.834 -0.69646 -0.086677
0.97615 41.602 100.31 42.543 65.827 -0.73536 -0.088132
0.97754 41.639 101.25 42.393 65.823 -0.76778 -0.0892
0.97882 41.669 101.96 42.212 65.822 -0.7935 -0.089986
0.97988 41.688 102.41 42.009 65.823 -0.81271 -0.090608
0.98061 41.692 102.59 41.79 65.827 -0.82608 -0.091187
0.98092 41.677 102.5 41.564 65.832 -0.83463 -0.091832
0.98073 41.643 102.17 41.338 65.838 -0.8397 -0.092623
0.98001 41.588 101.64 41.117 65.845 -0.84285 -0.093601
0.97873 41.515 100.96 40.908 65.854 -0.84571 -0.094761
0.97693 41.428 100.17 40.713 65.863 -0.84991 -0.096042
0.97467 41.331 99.335 40.535 65.874 -0.85691 -0.097333
0.97205 41.23 98.494 40.375 65.887 -0.86797 -0.098479
0.96922 41.133 97.689 40.235 65.901 -0.88398 -0.099289
0.96632 41.046 96.956 40.114 65.916 -0.90545 -0.099557
0.96354 40.977 96.318 40.01 65.933 -0.93246 -0.099079
0.96102 40.932 95.795 39.922 65.95 -0.96465 -0.09767
0.95895 40.915 95.396 39.849 65.968 -1.0012 -0.095189
0.95742 40.93 95.123 39.788 65.986 -1.041 -0.091553
0.95655 40.98 94.972 39.736 66.004 -1.0826 -0.086749
0.95635 41.063 94.93 39.692 66.021 -1.1242 -0.080843
0.95683 41.178 94.978 39.653 66.038 -1.1642 -0.07398
0.95792 41.32 95.09 39.616 66.054 -1.2008 -0.066375
0.95952 41.485 95.234 39.579 66.07 -1.2323 -0.058308
0.96151 41.664 95.377 39.539 66.086 -1.2576 -0.050096
0.96375 41.848 95.484 39.495 66.101 -1.2754 -0.04208
0.9661 42.03 95.523 39.444 66.115 -1.2853 -0.034597
0.96842 42.197 95.47 39.387 66.127 -1.2872 -0.027954
0.9706 42.343 95.306 39.322 66.137 -1.2813 -0.02241
0.97255 42.457 95.028 39.251 66.142 -1.2685 -0.018154
