//co2 data for Study 22 _2
steady: none
chosen_param: SaO2sup, Pa_CO2, P_a, Vmca_d, TOI_d, HbT_d, CCO_d
time_step: 1.0
******
0.98943 32.276 94.498 49.609 64.328 -0.017712 -0.0029994
0.98798 32.653 94.331 49.566 64.314 -0.25639 0.0061144
0.98658 33.015 94.127 49.541 64.3 -0.48894 0.015772
0.98529 33.348 93.901 49.534 64.289 -0.71193 0.026054
0.98415 33.643 93.673 49.543 64.282 -0.92253 0.036948
0.9832 33.893 93.462 49.564 64.284 -1.1186 0.04833
0.98247 34.093 93.291 49.588 64.296 -1.2989 0.059959
0.98197 34.244 93.185 49.607 64.319 -1.4631 0.071486
0.98171 34.346 93.167 49.608 64.355 -1.6114 0.082473
0.98169 34.405 93.259 49.578 64.404 -1.7452 0.09243
0.98188 34.426 93.48 49.502 64.464 -1.866 0.10085
0.98226 34.417 93.844 49.366 64.534 -1.9761 0.10728
0.98279 34.384 94.357 49.157 64.609 -2.0776 0.11133
0.98344 34.333 95.02 48.866 64.686 -2.1728 0.11275
0.98417 34.269 95.823 48.487 64.758 -2.2635 0.11146
0.98494 34.196 96.744 48.016 64.821 -2.351 0.10757
0.9857 34.115 97.752 47.46 64.868 -2.4362 0.10135
0.98642 34.025 98.808 46.827 64.891 -2.5188 0.093304
0.98708 33.923 99.862 46.134 64.886 -2.5984 0.084049
0.98765 33.807 100.86 45.401 64.847 -2.6734 0.074333
0.98811 33.672 101.75 44.653 64.771 -2.7421 0.064961
0.98846 33.517 102.48 43.919 64.656 -2.8021 0.056735
0.9887 33.337 102.99 43.229 64.505 -2.8511 0.050393
0.98884 33.133 103.27 42.612 64.321 -2.8869 0.046552
0.98889 32.906 103.28 42.094 64.109 -2.9076 0.045648
0.98886 32.658 103.02 41.7 63.879 -2.9116 0.047907
0.98878 32.396 102.5 41.446 63.64 -2.8985 0.053315
0.98865 32.125 101.75 41.343 63.406 -2.8682 0.061613
0.98851 31.854 100.81 41.393 63.186 -2.8217 0.072311
0.98836 31.591 99.732 41.59 62.993 -2.7605 0.084715
0.98822 31.343 98.575 41.922 62.836 -2.6869 0.097974
0.98809 31.118 97.403 42.367 62.721 -2.6036 0.11113
0.98799 30.922 96.278 42.899 62.653 -2.5135 0.12319
0.98792 30.758 95.257 43.487 62.632 -2.4196 0.13318
0.98788 30.628 94.391 44.099 62.655 -2.3245 0.14023
0.98786 30.534 93.715 44.7 62.716 -2.2304 0.14361
0.98787 30.474 93.25 45.26 62.806 -2.1391 0.14277
0.9879 30.446 93.001 45.75 62.915 -2.0514 0.13741
0.98794 30.445 92.958 46.15 63.031 -1.9674 0.1275
0.988 30.467 93.094 46.442 63.145 -1.8865 0.11322
0.98805 30.507 93.372 46.619 63.247 -1.8073 0.095037
0.98812 30.559 93.75 46.679 63.33 -1.7283 0.07362
0.98818 30.618 94.178 46.63 63.39 -1.6472 0.049828
0.98824 30.678 94.613 46.484 63.424 -1.5619 0.024655
0.9883 30.734 95.013 46.26 63.434 -1.4707 -0.00082098
0.98836 30.782 95.346 45.979 63.423 -1.3718 -0.025497
0.98841 30.817 95.59 45.666 63.396 -1.2645 -0.048303
0.98846 30.839 95.731 45.345 63.359 -1.1485 -0.068259
0.98852 30.845 95.768 45.041 63.319 -1.0244 -0.084522
0.98857 30.835 95.705 44.773 63.283 -0.8936 -0.096433
0.98861 30.81 95.556 44.559 63.256 -0.75829 -0.10354
0.98865 30.774 95.337 44.411 63.243 -0.62114 -0.10565
0.98869 30.729 95.069 44.336 63.248 -0.48524 -0.10277
0.98872 30.68 94.77 44.336 63.273 -0.35388 -0.095191
0.98873 30.633 94.463 44.407 63.317 -0.23027 -0.083406
0.98873 30.593 94.165 44.542 63.379 -0.1173 -0.06811
0.98872 30.566 93.895 44.729 63.456 -0.01741 -0.050156
0.98868 30.556 93.666 44.957 63.545 0.067632 -0.030508
0.98863 30.566 93.493 45.209 63.64 0.1368 -0.010191
0.98855 30.599 93.385 45.471 63.735 0.18985 0.009768
0.98846 30.655 93.351 45.73 63.825 0.22728 0.028391
0.98834 30.732 93.399 45.976 63.905 0.25025 0.044807
0.98822 30.828 93.532 46.199 63.97 0.26045 0.058293
0.98808 30.936 93.754 46.396 64.016 0.25992 0.068319
0.98795 31.051 94.062 46.563 64.041 0.25088 0.074566
0.98783 31.167 94.453 46.705 64.044 0.23552 0.076948
0.98773 31.276 94.918 46.824 64.024 0.21588 0.075606
0.98766 31.373 95.446 46.928 63.983 0.19368 0.070898
0.98761 31.453 96.023 47.025 63.924 0.17024 0.06337
0.98761 31.512 96.631 47.123 63.85 0.14646 0.053719
0.98764 31.55 97.251 47.23 63.768 0.1228 0.042746
0.98772 31.567 97.864 47.352 63.682 0.099346 0.031307
0.98782 31.567 98.452 47.492 63.6 0.075856 0.020253
0.98795 31.553 99 47.652 63.526 0.051902 0.010381
0.98811 31.531 99.498 47.828 63.467 0.026952 0.0023872
0.98827 31.508 99.941 48.017 63.429 0.00048421 -0.0031789
0.98844 31.49 100.33 48.21 63.413 -0.02793 -0.0059394
0.9886 31.483 100.67 48.399 63.423 -0.05856 -0.0057096
0.98874 31.491 100.96 48.574 63.459 -0.091488 -0.0025031
0.98887 31.519 101.21 48.726 63.519 -0.12661 0.0034741
0.98898 31.567 101.42 48.847 63.6 -0.16366 0.011841
0.98906 31.636 101.59 48.93 63.697 -0.20228 0.022071
0.98912 31.724 101.72 48.972 63.805 -0.24211 0.033522
0.98915 31.826 101.78 48.975 63.917 -0.2828 0.045483
0.98916 31.938 101.76 48.941 64.027 -0.32418 0.05721
0.98913 32.053 101.64 48.878 64.132 -0.36624 0.067975
0.98909 32.167 101.4 48.795 64.225 -0.40921 0.077099
0.98901 32.272 101.03 48.703 64.306 -0.45354 0.083993
0.98892 32.365 100.51 48.615 64.373 -0.49987 0.088182
0.9888 32.442 99.847 48.541 64.426 -0.549 0.089334
0.98866 32.5 99.05 48.493 64.467 -0.60177 0.087267
0.9885 32.541 98.141 48.477 64.498 -0.65895 0.081962
0.98833 32.564 97.152 48.499 64.521 -0.72116 0.073559
0.98816 32.575 96.125 48.559 64.54 -0.78872 0.062348
0.98798 32.576 95.108 48.655 64.556 -0.86159 0.048758
0.9878 32.574 94.154 48.782 64.57 -0.9393 0.033338
0.98762 32.573 93.314 48.93 64.584 -1.0209 0.016728
0.98746 32.58 92.633 49.09 64.598 -1.105 -0.00036496
0.98731 32.6 92.148 49.25 64.609 -1.1897 -0.017195
0.98717 32.635 91.884 49.4 64.617 -1.273 -0.03301
0.98704 32.69 91.851 49.529 64.621 -1.3525 -0.047084
0.98693 32.765 92.045 49.631 64.617 -1.4259 -0.058743
0.98683 32.859 92.448 49.7 64.605 -1.4909 -0.067398
0.98675 32.971 93.028 49.735 64.584 -1.5457 -0.072562
0.98667 33.096 93.748 49.737 64.553 -1.5886 -0.073879
0.98661 33.23 94.562 49.709 64.512 -1.6185 -0.071133
0.98656 33.367 95.421 49.659 64.463 -1.6352 -0.06426
0.98652 33.5 96.277 49.595 64.406 -1.6385 -0.053353
0.9865 33.624 97.085 49.526 64.343 -1.6294 -0.038659
0.98649 33.732 97.806 49.462 64.277 -1.6088 -0.020566
0.9865 33.82 98.404 49.411 64.209 -1.5786 0.00040718
0.98652 33.885 98.856 49.383 64.141 -1.5405 0.023636
0.98656 33.924 99.144 49.383 64.077 -1.4966 0.048416
0.98661 33.937 99.262 49.417 64.019 -1.449 0.073992
0.98667 33.926 99.213 49.488 63.97 -1.3994 0.099593
0.98673 33.894 99.012 49.596 63.933 -1.3496 0.12446
0.98679 33.845 98.68 49.742 63.911 -1.3009 0.1479
0.98684 33.783 98.249 49.924 63.907 -1.2543 0.16928
0.98687 33.714 97.755 50.141 63.923 -1.2104 0.18809
0.98689 33.644 97.236 50.388 63.963 -1.1698 0.20394
0.98687 33.578 96.731 50.663 64.027 -1.1323 0.21659
0.98684 33.521 96.278 50.962 64.116 -1.098 0.22594
0.98677 33.477 95.904 51.282 64.23 -1.0667 0.23203
0.98668 33.449 95.634 51.617 64.367 -1.0382 0.23506
0.98657 33.439 95.481 51.964 64.523 -1.0124 0.2353
0.98645 33.448 95.449 52.318 64.694 -0.98913 0.23316
0.98633 33.476 95.535 52.672 64.875 -0.96846 0.22908
0.98622 33.523 95.725 53.022 65.057 -0.95044 0.22351
0.98612 33.587 96.002 53.361 65.235 -0.93515 0.21694
0.98606 33.664 96.344 53.681 65.398 -0.9226 0.20976
0.98603 33.751 96.725 53.975 65.54 -0.91267 0.20234
0.98605 33.846 97.119 54.237 65.653 -0.90504 0.19494
0.98612 33.942 97.502 54.46 65.729 -0.89909 0.1877
0.98623 34.036 97.851 54.638 65.765 -0.89387 0.18067
0.98638 34.123 98.146 54.768 65.757 -0.88811 0.1738
0.98658 34.2 98.37 54.846 65.705 -0.88023 0.16692
0.9868 34.263 98.511 54.874 65.611 -0.86841 0.15981
0.98705 34.308 98.559 54.854 65.479 -0.8507 0.1522
0.98729 34.335 98.508 54.788 65.317 -0.82518 0.1438
0.98753 34.343 98.356 54.685 65.134 -0.79009 0.13435
0.98774 34.331 98.107 54.551 64.94 -0.74402 0.12364
0.98791 34.301 97.767 54.396 64.747 -0.6861 0.11151
0.98802 34.257 97.35 54.229 64.566 -0.61609 0.097952
0.98807 34.2 96.876 54.06 64.408 -0.53454 0.083026
0.98806 34.136 96.371 53.899 64.281 -0.44284 0.066931
0.98797 34.067 95.867 53.753 64.193 -0.34317 0.049973
0.98782 33.999 95.396 53.628 64.147 -0.23852 0.032556
0.98761 33.934 94.995 53.529 64.144 -0.13251 0.015157
0.98736 33.876 94.694 53.457 64.181 -0.029234 -0.0017051
0.98708 33.828 94.518 53.415 64.254 0.06696 -0.0175
0.98679 33.791 94.481 53.398 64.355 0.15171 -0.031725
0.98651 33.765 94.587 53.405 64.474 0.22088 -0.043938
0.98625 33.75 94.823 53.43 64.601 0.27084 -0.053786
0.98604 33.745 95.168 53.469 64.725 0.29865 -0.061028
0.98588 33.749 95.588 53.514 64.835 0.30224 -0.065548
0.98577 33.759 96.046 53.559 64.925 0.28054 -0.067361
0.98573 33.773 96.501 53.6 64.987 0.23352 -0.066606
0.98576 33.789 96.919 53.629 65.02 0.16218 -0.063528
0.98583 33.806 97.27 53.643 65.021 0.0685 -0.058458
0.98596 33.823 97.535 53.638 64.994 -0.044743 -0.051784
0.98612 33.838 97.709 53.611 64.944 -0.17411 -0.043918
0.98631 33.853 97.793 53.561 64.875 -0.31571 -0.035268
0.9865 33.868 97.799 53.488 64.796 -0.46544 -0.02621
0.98669 33.884 97.747 53.392 64.713 -0.61919 -0.017063
0.98687 33.901 97.658 53.278 64.634 -0.77305 -0.00808
0.98703 33.921 97.553 53.147 64.563 -0.92348 0.00055997
0.98717 33.946 97.45 53.006 64.503 -1.0674 0.0087498
0.98727 33.975 97.363 52.859 64.457 -1.2025 0.016443
0.98735 34.009 97.298 52.714 64.421 -1.3268 0.023638
0.9874 34.047 97.255 52.577 64.391 -1.4393 0.030356
0.98743 34.089 97.228 52.457 64.363 -1.5392 0.036628
0.98744 34.133 97.204 52.359 64.329 -1.6266 0.042466
0.98744 34.178 97.167 52.291 64.28 -1.7017 0.04786
0.98744 34.223 97.099 52.259 64.21 -1.7651 0.052762
0.98742 34.265 96.986 52.266 64.113 -1.8177 0.057092
0.9874 34.305 96.813 52.316 63.986 -1.8602 0.060741
0.98736 34.339 96.575 52.408 63.83 -1.8935 0.063589
0.98732 34.369 96.273 52.542 63.648 -1.9182 0.065518
0.98725 34.393 95.917 52.716 63.448 -1.9349 0.066436
0.98716 34.412 95.524 52.923 63.241 -1.9439 0.066296
0.98705 34.428 95.117 53.158 63.041 -1.9453 0.06511
0.9869 34.439 94.724 53.414 62.861 -1.939 0.062964
0.98672 34.448 94.372 53.683 62.716 -1.9247 0.060018
0.9865 34.455 94.087 53.958 62.62 -1.902 0.056498
0.98626 34.461 93.892 54.231 62.583 -1.8704 0.052685
0.98599 34.466 93.801 54.496 62.611 -1.8293 0.048892
0.98571 34.471 93.822 54.746 62.708 -1.778 0.045435
0.98543 34.475 93.956 54.978 62.87 -1.716 0.042604
0.98517 34.477 94.195 55.187 63.092 -1.6427 0.040633
0.98493 34.478 94.525 55.372 63.361 -1.5575 0.039678
0.98474 34.476 94.927 55.53 63.665 -1.4602 0.039793
0.98459 34.472 95.377 55.66 63.985 -1.3504 0.040929
0.98451 34.466 95.851 55.761 64.304 -1.2279 0.04293
0.9845 34.457 96.322 55.831 64.605 -1.0929 0.045552
0.98456 34.447 96.768 55.87 64.871 -0.94556 0.048483
0.98468 34.436 97.167 55.874 65.089 -0.78658 0.051379
0.98486 34.424 97.504 55.844 65.248 -0.61684 0.053898
0.98509 34.414 97.766 55.776 65.342 -0.43766 0.055739
0.98534 34.406 97.944 55.67 65.369 -0.25083 0.05668
0.98561 34.401 98.037 55.526 65.33 -0.058589 0.056599
0.98587 34.399 98.043 55.342 65.232 0.13634 0.0555
0.98612 34.4 97.968 55.123 65.082 0.33078 0.053516
0.98634 34.403 97.819 54.87 64.892 0.52115 0.050898
0.98651 34.408 97.61 54.59 64.676 0.70359 0.048001
0.98665 34.412 97.357 54.289 64.446 0.87408 0.045246
0.98673 34.414 97.079 53.976 64.217 1.0286 0.043084
0.98678 34.412 96.799 53.66 64 1.1635 0.041949
0.98678 34.403 96.539 53.352 63.806 1.2753 0.042216
0.98677 34.388 96.32 53.06 63.643 1.3615 0.04416
0.98674 34.363 96.158 52.795 63.515 1.4202 0.047924
0.98671 34.33 96.063 52.562 63.424 1.4506 0.053503
0.9867 34.289 96.035 52.368 63.368 1.453 0.060736
0.98671 34.24 96.068 52.215 63.342 1.4288 0.069316
0.98674 34.187 96.146 52.104 63.341 1.3805 0.078818
0.98681 34.13 96.247 52.031 63.358 1.3118 0.08873
0.98691 34.072 96.347 51.99 63.386 1.2269 0.098496
0.98702 34.016 96.421 51.975 63.418 1.1309 0.10757
0.98716 33.963 96.449 51.976 63.45 1.029 0.11545
0.9873 33.915 96.416 51.982 63.479 0.92651 0.12175
0.98743 33.874 96.317 51.984 63.504 0.82837 0.12618
0.98754 33.838 96.152 51.971 63.526 0.73896 0.12861
0.98763 33.808 95.934 51.935 63.547 0.6618 0.12908
0.98768 33.782 95.681 51.871 63.57 0.59938 0.12775
0.9877 33.76 95.417 51.774 63.599 0.55302 0.12491
0.98769 33.739 95.167 51.645 63.636 0.52285 0.12094
0.98764 33.718 94.959 51.486 63.683 0.50784 0.11628
0.98757 33.695 94.814 51.301 63.741 0.5059 0.11136
0.98747 33.668 94.75 51.099 63.807 0.51409 0.10659
0.98737 33.635 94.775 50.889 63.879 0.52881 0.10229
0.98725 33.597 94.888 50.682 63.954 0.54607 0.098718
0.98712 33.551 95.078 50.489 64.026 0.56176 0.095989
0.98699 33.498 95.324 50.321 64.09 0.57192 0.094116
0.98686 33.439 95.598 50.188 64.142 0.57293 0.093004
0.98673 33.376 95.868 50.097 64.18 0.56174 0.092474
0.98659 33.308 96.101 50.054 64.201 0.536 0.092288
0.98646 33.24 96.266 50.06 64.204 0.49418 0.092181
0.98633 33.173 96.339 50.114 64.192 0.43555 0.091899
0.9862 33.11 96.304 50.213 64.165 0.3602 0.091226
0.98609 33.054 96.156 50.348 64.128 0.269 0.090012
0.986 33.008 95.904 50.51 64.084 0.16345 0.088187
0.98594 32.975 95.564 50.688 64.036 0.045615 0.085772
0.9859 32.958 95.162 50.869 63.987 -0.082066 0.082873
0.98589 32.957 94.73 51.039 63.941 -0.21688 0.079669
0.98592 32.976 94.304 51.186 63.897 -0.356 0.076397
0.98597 33.014 93.916 51.299 63.857 -0.4966 0.07332
0.98605 33.072 93.595 51.369 63.819 -0.63597 0.070704
0.98613 33.147 93.363 51.389 63.782 -0.7716 0.06879
0.98622 33.237 93.232 51.357 63.745 -0.90123 0.067766
0.98631 33.338 93.204 51.273 63.705 -1.0229 0.067754
0.98637 33.447 93.271 51.141 63.662 -1.135 0.068791
0.98641 33.558 93.418 50.969 63.614 -1.2361 0.070827
0.98642 33.665 93.625 50.765 63.562 -1.3253 0.073725
0.98639 33.764 93.867 50.542 63.505 -1.4016 0.077273
0.98632 33.85 94.122 50.314 63.446 -1.4645 0.081196
0.98622 33.918 94.369 50.093 63.387 -1.5135 0.085176
0.9861 33.965 94.595 49.894 63.33 -1.5483 0.088874
0.98596 33.99 94.79 49.729 63.278 -1.5686 0.091952
0.9858 33.991 94.952 49.607 63.233 -1.5744 0.094094
0.98565 33.969 95.086 49.536 63.198 -1.5655 0.095028
0.98552 33.926 95.2 49.521 63.173 -1.542 0.094538
0.98541 33.863 95.306 49.562 63.16 -1.5041 0.092481
0.98534 33.785 95.415 49.659 63.159 -1.4524 0.088794
0.9853 33.696 95.536 49.806 63.17 -1.3876 0.083502
0.98532 33.599 95.677 49.996 63.193 -1.3109 0.076712
0.98538 33.499 95.839 50.22 63.226 -1.2238 0.068616
0.98548 33.4 96.02 50.466 63.27 -1.1285 0.059482
0.98562 33.306 96.212 50.725 63.324 -1.0275 0.049642
0.98579 33.219 96.407 50.986 63.386 -0.92378 0.039482
0.98598 33.142 96.596 51.239 63.457 -0.82081 0.029419
0.98617 33.077 96.77 51.475 63.534 -0.72216 0.019889
0.98636 33.025 96.924 51.689 63.617 -0.63151 0.011318
0.98652 32.987 97.055 51.878 63.702 -0.55227 0.0041049
0.98664 32.964 97.163 52.04 63.787 -0.48743 -0.0014076
0.98673 32.957 97.254 52.176 63.867 -0.43915 -0.0049519
0.98678 32.967 97.334 52.29 63.937 -0.4086 -0.0063591
0.98678 32.993 97.412 52.387 63.992 -0.39561 -0.005575
0.98675 33.037 97.495 52.472 64.025 -0.39859 -0.0026732
0.98669 33.098 97.591 52.553 64.033 -0.41435 0.0021406
0.98661 33.178 97.705 52.636 64.01 -0.43815 0.0085305
0.98653 33.273 97.838 52.724 63.952 -0.46385 0.016043
0.98645 33.382 97.987 52.823 63.859 -0.48413 0.024125
0.98639 33.501 98.143 52.931 63.729 -0.49089 0.032156
0.98637 33.627 98.292 53.05 63.566 -0.47572 0.039483
0.98637 33.753 98.414 53.173 63.374 -0.43044 0.045456
0.98641 33.873 98.488 53.297 63.158 -0.34771 0.049479
0.98648 33.98 98.489 53.412 62.927 -0.22161 0.051047
0.98659 34.067 98.393 53.51 62.69 -0.048137 0.049784
0.98671 34.128 98.18 53.582 62.457 0.17431 0.045475
0.98685 34.158 97.84 53.619 62.237 0.44466 0.038084
0.98698 34.152 97.367 53.614 62.039 0.75903 0.027767
0.98711 34.108 96.77 53.561 61.87 1.1108 0.014859
0.98723 34.028 96.068 53.461 61.734 1.4907 -0.0001404
0.98732 33.912 95.29 53.314 61.634 1.8876 -0.016597
0.98738 33.768 94.477 53.127 61.568 2.2887 -0.033789
0.9874 33.601 93.677 52.911 61.534 2.6804 -0.050951
0.98739 33.422 92.943 52.679 61.527 3.0491 -0.067328
0.98733 33.241 92.327 52.446 61.54 3.3821 -0.082229
0.98724 33.069 91.883 52.231 61.565 3.6678 -0.095068
0.9871 32.917 91.656 52.052 61.597 3.8972 -0.10541
0.98693 32.795 91.68 51.924 61.628 4.0637 -0.11298
0.98671 32.711 91.977 51.862 61.655 4.1637 -0.1177
0.98646 32.669 92.55 51.876 61.674 4.1968 -0.11968
0.98616 32.673 93.382 51.969 61.686 4.1655 -0.11917
0.98584 32.72 94.436 52.141 61.693 4.0754 -0.11658
0.98547 32.806 95.654 52.385 61.696 3.934 -0.11242
0.98507 32.921 96.958 52.685 61.701 3.7509 -0.10725
0.98463 33.055 98.256 53.021 61.713 3.5368 -0.10165
0.98414 33.191 99.449 53.37 61.735 3.3024 -0.096152
0.98362 33.314 100.44 53.702 61.771 3.0586 -0.091243
0.98304 33.406 101.13 53.986 61.821 2.8151 -0.087294
0.98242 33.45 101.45 54.192 61.887 2.5799 -0.084562
0.98174 33.426 101.35 54.291 61.965 2.3593 -0.083174
0.98102 33.321 100.81 54.256 62.049 2.1573 -0.083135
0.98026 33.12 99.85 54.066 62.135 1.9757 -0.084336
0.97947 32.815 98.506 53.707 62.215 1.8138 -0.08658
0.97867 32.4 96.857 53.17 62.282 1.669 -0.089611
0.97787 31.874 94.999 52.456 62.329 1.5369 -0.09314
0.9771 31.24 93.039 51.573 62.351 1.4119 -0.096882
0.97639 30.508 91.089 50.534 62.345 1.2874 -0.10058
0.97578 29.689 89.249 49.363 62.308 1.1569 -0.10405
0.97529 28.8 87.606 48.085 62.243 1.0139 -0.10716
0.97495 27.86 86.222 46.732 62.153 0.85303 -0.10988
0.97481 26.889 85.135 45.338 62.043 0.6701 -0.11226
0.97487 25.908 84.353 43.937 61.921 0.46266 -0.11446
0.97515 24.938 83.862 42.563 61.796 0.23029 -0.11667
0.97567 23.998 83.627 41.248 61.676 -0.025315 -0.11918
0.97639 23.107 83.601 40.019 61.572 -0.30025 -0.12228
0.97731 22.28 83.73 38.899 61.49 -0.58851 -0.12628
0.97839 21.53 83.962 37.907 61.439 -0.88222 -0.13145
0.97958 20.866 84.253 37.055 61.426 -1.1719 -0.13803
0.98082 20.297 84.573 36.349 61.455 -1.447 -0.14617
0.98207 19.826 84.906 35.79 61.529 -1.6964 -0.15592
0.98327 19.453 85.251 35.373 61.648 -1.9085 -0.16721
0.98438 19.176 85.62 35.091 61.811 -2.0727 -0.17986
0.98534 18.992 86.034 34.93 62.015 -2.1792 -0.19354
0.98614 18.893 86.512 34.876 62.255 -2.2196 -0.20781
0.98677 18.87 87.071 34.913 62.524 -2.1878 -0.22212
0.98721 18.913 87.72 35.023 62.814 -2.08 -0.2358
0.98747 19.013 88.453 35.191 63.118 -1.895 -0.24816
0.98759 19.159 89.25 35.399 63.424 -1.6346 -0.25847
0.98757 19.34 90.076 35.633 63.725 -1.303 -0.26601
0.98746 19.546 90.888 35.88 64.011 -0.90758 -0.27016
0.98729 19.769 91.632 36.128 64.274 -0.45768 -0.27037
0.98708 20.002 92.253 36.367 64.508 0.035144 -0.26627
0.98687 20.235 92.702 36.587 64.708 0.55788 -0.25766
0.98669 20.464 92.936 36.781 64.87 1.0965 -0.24456
0.98654 20.683 92.927 36.944 64.993 1.6367 -0.2272
0.98644 20.886 92.669 37.067 65.077 2.1642 -0.20607
0.9864 21.068 92.171 37.147 65.124 2.6657 -0.18184
0.98642 21.226 91.468 37.179 65.137 3.1289 -0.15538
0.98648 21.354 90.61 37.158 65.12 3.5435 -0.12769
0.98658 21.451 89.665 37.081 65.078 3.901 -0.099876
0.98671 21.512 88.71 36.945 65.013 4.1953 -0.073046
0.98686 21.537 87.824 36.751 64.932 4.4225 -0.048287
0.987 21.524 87.085 36.497 64.837 4.5812 -0.026579
0.98713 21.473 86.557 36.187 64.731 4.6721 -0.0087414
0.98724 21.386 86.291 35.826 64.618 4.6979 0.0046133
0.98731 21.264 86.315 35.421 64.499 4.6631 0.013118
0.98734 21.113 86.639 34.98 64.377 4.5735 0.01667
0.98732 20.937 87.248 34.516 64.252 4.4362 0.015432
0.98726 20.741 88.109 34.041 64.125 4.2585 0.0098179
0.98715 20.534 89.174 33.57 63.997 4.0483 0.00046251
0.98701 20.321 90.382 33.117 63.87 3.8135 -0.011826
0.98684 20.111 91.666 32.699 63.744 3.5613 -0.02612
0.98665 19.91 92.958 32.329 63.62 3.2986 -0.041438
0.98645 19.725 94.193 32.018 63.501 3.0313 -0.056806
0.98625 19.563 95.312 31.778 63.388 2.7645 -0.071321
0.98605 19.427 96.269 31.615 63.284 2.5023 -0.084205
0.98588 19.321 97.03 31.532 63.19 2.2475 -0.094852
0.98573 19.247 97.577 31.53 63.108 2.0023 -0.10285
0.9856 19.206 97.905 31.604 63.041 1.7676 -0.10802
0.98551 19.195 98.027 31.748 62.99 1.5438 -0.11038
0.98545 19.214 97.964 31.949 62.954 1.3303 -0.11015
0.98541 19.257 97.751 32.195 62.933 1.1263 -0.10773
0.98541 19.322 97.427 32.471 62.927 0.93031 -0.10363
0.98543 19.402 97.033 32.759 62.931 0.74087 -0.09846
0.98549 19.492 96.611 33.043 62.944 0.55627 -0.092847
0.98557 19.586 96.199 33.307 62.96 0.37484 -0.087396
0.98567 19.679 95.83 33.537 62.978 0.19502 -0.082644
0.9858 19.765 95.528 33.72 62.991 0.015442 -0.079018
0.98595 19.839 95.312 33.847 62.995 -0.16503 -0.076811
0.98612 19.897 95.193 33.912 62.989 -0.34726 -0.076162
0.98629 19.937 95.171 33.911 62.968 -0.53184 -0.077058
0.98646 19.956 95.242 33.846 62.931 -0.71909 -0.079343
0.98662 19.953 95.395 33.721 62.877 -0.90901 -0.082741
0.98675 19.929 95.612 33.542 62.807 -1.1014 -0.086887
0.98684 19.885 95.872 33.319 62.722 -1.2957 -0.091363
0.98688 19.826 96.152 33.064 62.625 -1.4911 -0.095742
0.98685 19.754 96.427 32.788 62.518 -1.6868 -0.099622
0.98677 19.675 96.678 32.504 62.404 -1.8816 -0.10267
0.98661 19.594 96.885 32.225 62.289 -2.0739 -0.10463
0.98641 19.518 97.038 31.962 62.175 -2.2624 -0.10538
0.98616 19.451 97.129 31.725 62.067 -2.4453 -0.1049
0.9859 19.4 97.158 31.522 61.968 -2.6209 -0.1033
0.98563 19.368 97.132 31.358 61.882 -2.7873 -0.10078
0.98539 19.358 97.058 31.237 61.812 -2.943 -0.097645
0.98519 19.374 96.948 31.16 61.76 -3.0863 -0.094244
0.98505 19.414 96.815 31.125 61.728 -3.216 -0.090961
0.98498 19.478 96.671 31.13 61.715 -3.3309 -0.08817
0.985 19.563 96.527 31.17 61.724 -3.4306 -0.086209
0.98508 19.665 96.39 31.239 61.751 -3.5151 -0.085352
0.98523 19.778 96.265 31.33 61.796 -3.5848 -0.085784
0.98543 19.896 96.151 31.437 61.855 -3.641 -0.087589
0.98565 20.012 96.047 31.552 61.925 -3.6854 -0.090745
0.98586 20.119 95.947 31.669 62.001 -3.7202 -0.095123
0.98605 20.211 95.846 31.782 62.081 -3.7484 -0.1005
0.9862 20.283 95.739 31.886 62.16 -3.7732 -0.10657
0.98627 20.333 95.623 31.978 62.234 -3.7978 -0.11299
0.98627 20.36 95.497 32.055 62.299 -3.8258 -0.11935
0.98619 20.363 95.363 32.116 62.354 -3.8603 -0.12527
0.98604 20.346 95.226 32.161 62.396 -3.9044 -0.13039
0.98582 20.314 95.093 32.19 62.424 -3.9604 -0.13438
0.98556 20.272 94.97 32.206 62.437 -4.0298 -0.13701
0.98529 20.226 94.863 32.211 62.438 -4.1134 -0.13812
0.98503 20.185 94.778 32.208 62.426 -4.2111 -0.13766
0.98481 20.154 94.717 32.199 62.404 -4.3216 -0.13568
0.98465 20.139 94.678 32.188 62.375 -4.4429 -0.13233
0.98457 20.143 94.658 32.178 62.341 -4.5722 -0.12788
0.98457 20.169 94.651 32.169 62.305 -4.7059 -0.12264
0.98466 20.217 94.649 32.165 62.27 -4.8401 -0.11702
0.98483 20.286 94.646 32.167 62.238 -4.9706 -0.11143
0.98507 20.371 94.632 32.175 62.212 -5.0936 -0.1063
0.98537 20.467 94.601 32.189 62.192 -5.2054 -0.10205
0.98569 20.57 94.55 32.209 62.179 -5.3029 -0.099036
0.98602 20.672 94.477 32.234 62.172 -5.3842 -0.097544
0.98635 20.767 94.385 32.264 62.169 -5.4481 -0.097763
0.98665 20.851 94.279 32.298 62.169 -5.4946 -0.099773
0.98693 20.917 94.165 32.335 62.168 -5.5248 -0.10353
0.98716 20.963 94.048 32.375 62.164 -5.541 -0.10889
0.98736 20.989 93.933 32.418 62.155 -5.5463 -0.11558
0.98752 20.992 93.819 32.465 62.137 -5.5443 -0.12325
0.98765 20.976 93.702 32.515 62.112 -5.5393 -0.13147
0.98775 20.942 93.573 32.571 62.078 -5.5356 -0.13979
0.98781 20.893 93.421 32.632 62.037 -5.5373 -0.14775
0.98783 20.832 93.232 32.699 61.993 -5.548 -0.1549
0.98782 20.764 92.995 32.773 61.948 -5.5706 -0.16087
0.98775 20.691 92.704 32.854 61.905 -5.6069 -0.16537
0.98762 20.615 92.36 32.939 61.868 -5.6576 -0.1682
0.98742 20.54 91.972 33.029 61.841 -5.7225 -0.1693
0.98714 20.468 91.561 33.119 61.826 -5.8001 -0.1687
0.98677 20.401 91.152 33.208 61.824 -5.8879 -0.16656
0.98631 20.34 90.781 33.293 61.836 -5.9827 -0.16313
0.98578 20.289 90.484 33.369 61.861 -6.0807 -0.15873
0.98518 20.25 90.296 33.435 61.896 -6.1779 -0.15373
0.98454 20.227 90.249 33.488 61.94 -6.2704 -0.14852
0.98389 20.222 90.366 33.526 61.99 -6.3546 -0.14345
0.98327 20.24 90.657 33.551 62.042 -6.4274 -0.13886
0.98272 20.281 91.123 33.562 62.092 -6.4867 -0.13501
0.98228 20.349 91.748 33.564 62.14 -6.5314 -0.1321
0.98198 20.443 92.508 33.559 62.182 -6.5611 -0.13024
0.98186 20.563 93.365 33.553 62.218 -6.5767 -0.12944
0.98192 20.705 94.277 33.552 62.247 -6.5799 -0.12967
0.98217 20.864 95.197 33.561 62.27 -6.5731 -0.13081
0.9826 21.035 96.078 33.586 62.289 -6.5594 -0.13271
0.98318 21.21 96.877 33.631 62.305 -6.5419 -0.1352
0.98386 21.381 97.559 33.699 62.32 -6.5242 -0.13811
0.98462 21.539 98.098 33.791 62.336 -6.5093 -0.14128
0.9854 21.677 98.48 33.905 62.353 -6.5001 -0.14459
0.98615 21.788 98.703 34.038 62.374 -6.4989 -0.14794
0.98684 21.867 98.779 34.185 62.399 -6.5072 -0.15129
0.98742 21.911 98.728 34.338 62.426 -6.5258 -0.15463
0.98789 21.921 98.582 34.487 62.454 -6.555 -0.15799
0.98822 21.898 98.375 34.625 62.481 -6.5942 -0.16139
0.98841 21.846 98.144 34.741 62.505 -6.6424 -0.16489
0.98848 21.771 97.92 34.828 62.523 -6.6981 -0.16852
0.98843 21.679 97.727 34.879 62.533 -6.7596 -0.17228
0.98829 21.58 97.578 34.89 62.533 -6.825 -0.17616
0.9881 21.479 97.471 34.861 62.522 -6.8925 -0.1801
0.98787 21.384 97.39 34.792 62.501 -6.9605 -0.184
0.98762 21.302 97.308 34.69 62.47 -7.0277 -0.18773
0.9874 21.235 97.188 34.562 62.432 -7.0929 -0.19115
0.98721 21.188 96.986 34.419 62.391 -7.1556 -0.19411
0.98708 21.161 96.66 34.272 62.35 -7.2155 -0.19646
0.987 21.154 96.169 34.134 62.313 -7.2724 -0.19809
0.98698 21.164 95.485 34.018 62.284 -7.3266 -0.19893
0.98703 21.189 94.589 33.935 62.267 -7.3785 -0.19897
0.98713 21.226 93.478 33.894 62.264 -7.4286 -0.19826
0.98726 21.27 92.167 33.903 62.276 -7.4773 -0.19693
0.98741 21.32 90.686 33.964 62.303 -7.525 -0.19515
0.98756 21.371 89.081 34.079 62.346 -7.5721 -0.19315
0.98769 21.422 87.414 34.244 62.402 -7.6188 -0.19119
0.98779 21.471 85.754 34.453 62.467 -7.6651 -0.18955
0.98784 21.518 84.18 34.698 62.538 -7.711 -0.18849
0.98784 21.564 82.771 34.969 62.61 -7.7563 -0.18824
0.98778 21.609 81.598 35.254 62.68 -7.8009 -0.18897
0.98767 21.654 80.722 35.541 62.742 -7.8444 -0.1908
0.98752 21.702 80.188 35.82 62.794 -7.8867 -0.19376
0.98735 21.753 80.018 36.082 62.831 -7.9276 -0.1978
0.98716 21.806 80.209 36.317 62.851 -7.967 -0.2028
0.98698 21.864 80.736 36.522 62.853 -8.0046 -0.20859
0.98682 21.923 81.554 36.691 62.836 -8.0406 -0.21494
0.98669 21.982 82.597 36.825 62.8 -8.0747 -0.22162
0.98661 22.04 83.792 36.923 62.747 -8.107 -0.22838
0.98657 22.092 85.06 36.989 62.678 -8.1374 -0.235
0.98657 22.136 86.324 37.026 62.595 -8.1658 -0.24131
0.98661 22.169 87.517 37.038 62.502 -8.1921 -0.24719
0.98667 22.187 88.585 37.029 62.403 -8.2158 -0.25255
0.98673 22.19 89.491 37.004 62.301 -8.2369 -0.2574
0.98679 22.176 90.221 36.966 62.2 -8.2548 -0.26177
0.98682 22.147 90.777 36.918 62.103 -8.2692 -0.26573
0.98682 22.103 91.18 36.863 62.015 -8.2798 -0.2694
0.98677 22.051 91.468 36.801 61.938 -8.2862 -0.27286
0.98667 21.994 91.688 36.735 61.874 -8.2881 -0.27619
0.98652 21.939 91.89 36.668 61.827 -8.2853 -0.27947
0.98633 21.895 92.125 36.601 61.796 -8.2777 -0.28269
0.98611 21.869 92.436 36.538 61.784 -8.2653 -0.28581
0.98588 21.869 92.853 36.485 61.792 -8.2482 -0.28877
0.98564 21.901 93.391 36.446 61.818 -8.2264 -0.29142
0.98543 21.97 94.047 36.429 61.864 -8.2003 -0.29363
0.98524 22.079 94.803 36.442 61.929 -8.1699 -0.29523
0.98511 22.227 95.623 36.491 62.012 -8.1357 -0.29605
0.98504 22.412 96.461 36.585 62.113 -8.0978 -0.29596
0.98503 22.626 97.264 36.728 62.23 -8.0566 -0.29484
0.98509 22.86 97.981 36.924 62.361 -8.0123 -0.29266
0.98519 23.103 98.566 37.173 62.503 -7.9653 -0.2894
0.98532 23.34 98.983 37.473 62.653 -7.916 -0.28514
0.98547 23.557 99.216 37.816 62.806 -7.865 -0.27999
0.9856 23.741 99.267 38.193 62.958 -7.8131 -0.27411
0.98569 23.879 99.16 38.588 63.102 -7.7613 -0.26772
0.98572 23.962 98.937 38.983 63.233 -7.7109 -0.26103
0.98568 23.982 98.655 39.361 63.345 -7.6635 -0.25427
0.98555 23.938 98.378 39.699 63.432 -7.6208 -0.24768
0.98533 23.83 98.172 39.978 63.49 -7.585 -0.24144
0.98503 23.667 98.095 40.18 63.514 -7.558 -0.23573
0.98467 23.456 98.19 40.29 63.503 -7.5421 -0.23068
0.98428 23.211 98.478 40.298 63.457 -7.5392 -0.22638
0.98389 22.948 98.957 40.199 63.376 -7.5511 -0.22288
0.98354 22.681 99.598 39.993 63.263 -7.5788 -0.2202
0.98327 22.427 100.35 39.689 63.123 -7.6231 -0.21833
0.9831 22.199 101.15 39.3 62.961 -7.6835 -0.21723
0.98308 22.01 101.91 38.844 62.783 -7.7592 -0.21686
0.9832 21.868 102.56 38.345 62.596 -7.848 -0.21718
0.98347 21.777 103.01 37.827 62.406 -7.9472 -0.21814
0.98389 21.74 103.2 37.319 62.221 -8.053 -0.2197
0.98444 21.752 103.09 36.846 62.046 -8.1611 -0.22181
0.98507 21.809 102.66 36.435 61.886 -8.2667 -0.22445
0.98576 21.903 101.93 36.105 61.747 -8.3649 -0.22757
0.98646 22.024 100.93 35.875 61.63 -8.4507 -0.23115
0.98713 22.161 99.736 35.755 61.537 -8.5196 -0.23514
0.98775 22.306 98.448 35.752 61.471 -8.5678 -0.23948
0.98828 22.449 97.175 35.864 61.43 -8.5924 -0.2441
0.9887 22.583 96.035 36.087 61.415 -8.5917 -0.24891
0.98899 22.702 95.142 36.407 61.424 -8.5651 -0.25379
0.98917 22.803 94.593 36.809 61.456 -8.5134 -0.25861
0.98922 22.883 94.461 37.275 61.51 -8.4389 -0.26324
0.98916 22.943 94.785 37.782 61.584 -8.3449 -0.26751
0.98901 22.983 95.567 38.307 61.677 -8.2359 -0.27129
0.98879 23.005 96.77 38.829 61.785 -8.1168 -0.27441
0.98851 23.01 98.326 39.324 61.908 -7.9935 -0.27675
0.98821 23.002 100.14 39.773 62.041 -7.8716 -0.27818
0.98789 22.983 102.09 40.159 62.18 -7.7568 -0.27862
0.98758 22.953 104.05 40.467 62.322 -7.654 -0.27801
0.98729 22.914 105.92 40.685 62.461 -7.5674 -0.27633
0.98704 22.867 107.57 40.806 62.591 -7.5003 -0.27361
0.98682 22.812 108.94 40.825 62.707 -7.4546 -0.26989
0.98665 22.749 109.97 40.742 62.803 -7.4308 -0.26529
0.98652 22.678 110.63 40.559 62.873 -7.4283 -0.25993
0.98644 22.598 110.94 40.284 62.912 -7.4449 -0.25397
0.98641 22.511 110.93 39.925 62.917 -7.4776 -0.24761
0.98642 22.417 110.66 39.495 62.886 -7.5223 -0.24105
0.98647 22.317 110.19 39.007 62.817 -7.5743 -0.2345
0.98656 22.215 109.62 38.479 62.712 -7.6285 -0.22817
0.98667 22.111 109.03 37.929 62.573 -7.6798 -0.22225
0.98681 22.009 108.47 37.375 62.407 -7.7234 -0.2169
0.98697 21.913 108.03 36.838 62.221 -7.755 -0.21226
0.98714 21.824 107.73 36.335 62.021 -7.7712 -0.20841
0.98731 21.746 107.6 35.886 61.818 -7.7695 -0.20541
0.98748 21.681 107.66 35.505 61.621 -7.7486 -0.20324
0.98762 21.631 107.88 35.205 61.438 -7.7084 -0.20184
0.98775 21.597 108.26 34.998 61.28 -7.6499 -0.20113
0.98784 21.578 108.76 34.888 61.151 -7.5753 -0.20094
0.9879 21.576 109.34 34.879 61.057 -7.4877 -0.20113
0.98792 21.589 109.96 34.967 61 -7.391 -0.20151
0.9879 21.616 110.58 35.147 60.983 -7.2896 -0.20191
0.98785 21.655 111.16 35.408 61.003 -7.1881 -0.20215
0.98777 21.704 111.67 35.738 61.057 -7.0912 -0.20212
0.98766 21.761 112.09 36.119 61.14 -7.0033 -0.20172
0.98753 21.823 112.4 36.534 61.249 -6.9282 -0.20092
0.98739 21.887 112.59 36.965 61.376 -6.8693 -0.19973
0.98725 21.951 112.65 37.393 61.516 -6.8291 -0.19824
0.98712 22.013 112.59 37.801 61.663 -6.809 -0.19656
0.987 22.07 112.42 38.172 61.812 -6.8097 -0.19487
0.98689 22.121 112.15 38.494 61.959 -6.8309 -0.19334
0.9868 22.166 111.79 38.756 62.1 -6.8717 -0.19217
0.98673 22.203 111.36 38.953 62.232 -6.93 -0.19153
0.98666 22.232 110.88 39.081 62.352 -7.0036 -0.19157
0.98661 22.255 110.35 39.139 62.457 -7.0895 -0.19237
0.98656 22.271 109.79 39.133 62.546 -7.1846 -0.19394
0.98652 22.283 109.23 39.066 62.617 -7.2856 -0.19624
0.98647 22.292 108.67 38.947 62.668 -7.3894 -0.19914
0.98641 22.299 108.12 38.785 62.697 -7.4926 -0.20241
0.98635 22.305 107.62 38.589 62.703 -7.5926 -0.20581
0.98628 22.313 107.17 38.371 62.685 -7.6867 -0.20903
0.98619 22.324 106.78 38.139 62.644 -7.7728 -0.21174
0.98611 22.338 106.47 37.903 62.578 -7.8492 -0.21364
0.98601 22.355 106.25 37.671 62.49 -7.9145 -0.21444
0.98593 22.377 106.11 37.45 62.382 -7.968 -0.21394
0.98585 22.402 106.06 37.245 62.254 -8.0092 -0.21199
0.98578 22.431 106.09 37.06 62.111 -8.0381 -0.20857
0.98574 22.462 106.19 36.901 61.957 -8.055 -0.20374
0.98573 22.494 106.34 36.769 61.796 -8.0607 -0.19769
0.98576 22.526 106.54 36.667 61.633 -8.056 -0.1907
0.98582 22.556 106.74 36.596 61.474 -8.0422 -0.18313
0.98592 22.585 106.95 36.558 61.326 -8.0206 -0.17544
0.98605 22.61 107.14 36.555 61.195 -7.9926 -0.1681
0.98621 22.631 107.29 36.586 61.087 -7.9599 -0.16161
0.98639 22.648 107.38 36.654 61.008 -7.9238 -0.15647
0.98658 22.66 107.42 36.758 60.962 -7.8857 -0.15311
0.98677 22.668 107.4 36.898 60.954 -7.847 -0.15191
0.98695 22.673 107.31 37.073 60.987 -7.8087 -0.15316
0.9871 22.675 107.17 37.282 61.062 -7.7717 -0.15702
0.98724 22.676 106.98 37.522 61.178 -7.7367 -0.16355
0.98734 22.675 106.76 37.79 61.334 -7.704 -0.17266
0.98741 22.675 106.5 38.08 61.525 -7.6739 -0.18412
0.98745 22.675 106.22 38.386 61.748 -7.6464 -0.1976
0.98746 22.676 105.92 38.702 61.994 -7.6216 -0.21264
0.98745 22.679 105.59 39.018 62.257 -7.5993 -0.22865
0.98744 22.682 105.23 39.327 62.525 -7.5794 -0.24501
0.98742 22.685 104.84 39.619 62.791 -7.562 -0.26102
0.98741 22.686 104.4 39.885 63.043 -7.547 -0.27598
0.98743 22.685 103.93 40.117 63.273 -7.5348 -0.28919
0.98747 22.678 103.43 40.307 63.471 -7.5256 -0.3
0.98755 22.665 102.91 40.449 63.632 -7.52 -0.30788
0.98765 22.644 102.39 40.538 63.748 -7.5185 -0.31239
0.98779 22.614 101.9 40.573 63.819 -7.5215 -0.31325
0.98794 22.576 101.44 40.554 63.843 -7.5297 -0.31037
0.98809 22.531 101.06 40.484 63.823 -7.5433 -0.30383
0.98823 22.48 100.76 40.367 63.762 -7.5624 -0.2939
0.98834 22.426 100.55 40.211 63.667 -7.5868 -0.28104
0.98839 22.373 100.44 40.025 63.544 -7.6157 -0.26587
0.98836 22.326 100.44 39.822 63.404 -7.6482 -0.24916
0.98825 22.289 100.52 39.611 63.253 -7.6828 -0.23173
0.98804 22.267 100.69 39.407 63.1 -7.7179 -0.21447
0.98772 22.264 100.92 39.222 62.954 -7.7513 -0.19826
0.98731 22.285 101.19 39.068 62.822 -7.781 -0.18387
0.98683 22.331 101.47 38.955 62.711 -7.8047 -0.17199
0.98628 22.404 101.75 38.894 62.623 -7.8203 -0.16311
0.98572 22.503 102.01 38.89 62.565 -7.8263 -0.15751
0.98516 22.628 102.24 38.95 62.536 -7.8214 -0.15524
0.98466 22.774 102.42 39.075 62.537 -7.8049 -0.15613
0.98425 22.936 102.55 39.265 62.567 -7.7769 -0.15976
0.98396 23.11 102.63 39.517 62.623 -7.7382 -0.16553
0.98382 23.289 102.68 39.827 62.701 -7.6906 -0.17265
0.98384 23.465 102.69 40.186 62.797 -7.6362 -0.18026
0.98401 23.632 102.68 40.585 62.903 -7.5779 -0.18745
0.98434 23.784 102.65 41.014 63.015 -7.519 -0.19336
0.98478 23.916 102.62 41.458 63.123 -7.4631 -0.1972
0.98531 24.023 102.59 41.904 63.223 -7.4136 -0.19838
0.98589 24.102 102.58 42.338 63.306 -7.3737 -0.1965
0.98648 24.152 102.59 42.747 63.367 -7.3458 -0.19143
0.98704 24.175 102.63 43.115 63.4 -7.3319 -0.18329
0.98755 24.171 102.7 43.432 63.402 -7.3327 -0.17249
0.98798 24.146 102.82 43.686 63.373 -7.3479 -0.15965
0.98831 24.105 102.99 43.869 63.312 -7.376 -0.14562
0.98854 24.054 103.21 43.977 63.223 -7.4144 -0.13137
0.98868 23.999 103.48 44.006 63.112 -7.4595 -0.11794
0.98874 23.948 103.81 43.959 62.985 -7.5071 -0.10636
0.98872 23.907 104.16 43.84 62.849 -7.5524 -0.097555
0.98866 23.882 104.54 43.658 62.715 -7.5904 -0.092279
0.98856 23.876 104.91 43.424 62.589 -7.6167 -0.091054
0.98844 23.891 105.26 43.152 62.479 -7.6275 -0.094113
0.98831 23.928 105.55 42.856 62.39 -7.62 -0.10138
0.98818 23.985 105.75 42.552 62.326 -7.593 -0.11245
0.98805 24.059 105.86 42.257 62.289 -7.5467 -0.12663
0.98793 24.144 105.85 41.984 62.279 -7.4834 -0.14299
0.98781 24.234 105.7 41.747 62.293 -7.4067 -0.16041
0.98768 24.324 105.43 41.555 62.328 -7.3219 -0.17767
0.98755 24.407 105.04 41.415 62.379 -7.2354 -0.19355
0.9874 24.478 104.54 41.33 62.439 -7.1544 -0.20694
0.98723 24.533 103.96 41.3 62.502 -7.0861 -0.21693
0.98704 24.571 103.33 41.321 62.56 -7.0373 -0.22289
0.98684 24.59 102.68 41.386 62.606 -7.0136 -0.22452
0.98663 24.593 102.05 41.489 62.632 -7.0189 -0.22192
0.98641 24.582 101.48 41.62 62.632 -7.0548 -0.21558
0.9862 24.561 100.99 41.77 62.599 -7.1204 -0.20637
0.986 24.535 100.62 41.931 62.53 -7.2119 -0.19546
0.98584 24.509 100.39 42.096 62.424 -7.3228 -0.18427
0.98572 24.488 100.32 42.261 62.28 -7.4441 -0.17434
0.98566 24.476 100.4 42.423 62.101 -7.5647 -0.1672
0.98565 24.477 100.64 42.583 61.895 -7.6721 -0.16429
0.98571 24.492 101.03 42.743 61.67 -7.7534 -0.16678
0.98584 24.522 101.56 42.907 61.436 -7.7959 -0.17551
0.98604 24.566 102.2 43.08 61.208 -7.7886 -0.19086
0.98628 24.623 102.95 43.268 60.997 -7.7223 -0.21271
0.98657 24.689 103.75 43.474 60.819 -7.5913 -0.24046
0.9869 24.761 104.6 43.701 60.684 -7.3933 -0.27299
0.98723 24.837 105.46 43.949 60.601 -7.1303 -0.30877
0.98757 24.912 106.3 44.214 60.576 -6.8082 -0.34591
0.9879 24.984 107.09 44.489 60.61 -6.4371 -0.38236
0.98821 25.051 107.82 44.766 60.702 -6.0306 -0.41595
0.98848 25.112 108.46 45.029 60.842 -5.6048 -0.44464
0.98872 25.164 108.97 45.266 61.019 -5.1777 -0.46661
0.9889 25.208 109.35 45.459 61.22 -4.7681 -0.48042
0.98905 25.242 109.55 45.592 61.428 -4.394 -0.4851
0.98914 25.266 109.56 45.65 61.626 -4.0719 -0.48024
0.98918 25.28 109.35 45.62 61.796 -3.8154 -0.46602
0.98917 25.28 108.88 45.493 61.924 -3.6347 -0.44322
0.98911 25.267 108.14 45.265 61.998 -3.5357 -0.41312
0.98899 25.239 107.11 44.934 62.009 -3.5196 -0.37748
0.98883 25.194 105.81 44.508 61.953 -3.5835 -0.33836
0.98861 25.13 104.24 43.996 61.831 -3.7199 -0.29803
0.98836 25.048 102.46 43.414 61.647 -3.918 -0.25878
0.98806 24.949 100.51 42.782 61.411 -4.1639 -0.2228
0.98774 24.832 98.482 42.121 61.137 -4.4421 -0.19201
0.98739 24.702 96.461 41.456 60.839 -4.7363 -0.16796
0.98703 24.563 94.544 40.813 60.536 -5.0304 -0.15175
0.98668 24.42 92.826 40.214 60.245 -5.3099 -0.14392
0.98633 24.279 91.391 39.683 59.984 -5.5623 -0.1445
0.98601 24.148 90.312 39.238 59.769 -5.778 -0.15295
0.98572 24.033 89.634 38.897 59.614 -5.9506 -0.16829
0.98546 23.941 89.382 38.671 59.53 -6.0773 -0.18912
0.98524 23.875 89.55 38.567 59.525 -6.1584 -0.21372
0.98506 23.841 90.11 38.588 59.602 -6.1975 -0.24024
0.98493 23.84 91.01 38.734 59.763 -6.2003 -0.26671
0.98484 23.871 92.179 38.999 60.002 -6.1747 -0.29128
0.98479 23.934 93.54 39.375 60.313 -6.1295 -0.31224
0.98479 24.024 95.005 39.85 60.685 -6.0738 -0.32816
0.98484 24.136 96.492 40.412 61.106 -6.0163 -0.33797
0.98493 24.266 97.926 41.045 61.561 -5.9647 -0.34099
0.98507 24.407 99.241 41.734 62.034 -5.925 -0.33698
0.98527 24.555 100.39 42.461 62.508 -5.9014 -0.32611
0.98551 24.702 101.34 43.21 62.967 -5.896 -0.30894
0.98579 24.847 102.06 43.962 63.397 -5.9087 -0.28639
0.98611 24.985 102.57 44.702 63.783 -5.9376 -0.25966
0.98645 25.116 102.87 45.413 64.115 -5.9792 -0.23014
0.98679 25.237 102.98 46.079 64.384 -6.0286 -0.19935
0.98713 25.351 102.92 46.683 64.586 -6.0802 -0.16882
0.98745 25.457 102.74 47.213 64.718 -6.1281 -0.14003
0.98772 25.557 102.46 47.655 64.779 -6.1666 -0.1143
0.98795 25.653 102.11 47.998 64.772 -6.1906 -0.092762
0.9881 25.744 101.74 48.232 64.702 -6.1959 -0.076267
0.98819 25.832 101.36 48.351 64.575 -6.1798 -0.065375
0.98821 25.916 101 48.351 64.4 -6.1407 -0.06033
0.98817 25.995 100.68 48.233 64.184 -6.0787 -0.06106
0.98806 26.068 100.39 48.001 63.94 -5.9953 -0.067193
0.98791 26.132 100.15 47.663 63.678 -5.8932 -0.078099
0.98773 26.187 99.94 47.23 63.409 -5.7765 -0.092927
0.98753 26.232 99.754 46.72 63.147 -5.65 -0.11067
0.98733 26.265 99.572 46.151 62.902 -5.5192 -0.13022
0.98713 26.288 99.377 45.548 62.685 -5.3897 -0.15044
0.98696 26.303 99.154 44.933 62.506 -5.2674 -0.17022
0.98682 26.312 98.893 44.332 62.373 -5.1576 -0.18854
0.98671 26.317 98.592 43.77 62.289 -5.0653 -0.20453
0.98663 26.324 98.261 43.27 62.259 -4.9945 -0.21749
0.98658 26.334 97.918 42.853 62.281 -4.9482 -0.22692
0.98654 26.351 97.591 42.534 62.352 -4.9284 -0.23254
0.98652 26.376 97.314 42.326 62.467 -4.9361 -0.23428
0.9865 26.411 97.121 42.233 62.62 -4.9707 -0.23228
0.98647 26.453 97.049 42.257 62.801 -5.0309 -0.22683
0.98643 26.501 97.125 42.39 63.003 -5.1141 -0.21839
0.98637 26.551 97.371 42.622 63.217 -5.2172 -0.20748
0.9863 26.598 97.795 42.937 63.435 -5.3361 -0.19472
0.98621 26.637 98.396 43.315 63.65 -5.4665 -0.18071
0.98613 26.661 99.16 43.734 63.857 -5.6039 -0.16602
0.98605 26.668 100.06 44.171 64.052 -5.7436 -0.1512
0.98599 26.653 101.06 44.602 64.234 -5.8816 -0.13669
0.98596 26.614 102.13 45.005 64.401 -6.0141 -0.12285
0.98597 26.554 103.21 45.362 64.555 -6.1379 -0.10993
0.98602 26.473 104.26 45.657 64.695 -6.2507 -0.098106
0.98612 26.379 105.23 45.878 64.823 -6.351 -0.087465
0.98625 26.276 106.08 46.02 64.94 -6.4379 -0.078038
0.98641 26.174 106.77 46.08 65.046 -6.5115 -0.069813
0.9866 26.08 107.26 46.061 65.139 -6.5725 -0.062763
0.98679 26.003 107.53 45.97 65.217 -6.622 -0.056861
0.98697 25.95 107.57 45.817 65.28 -6.6618 -0.052099
0.98715 25.926 107.36 45.615 65.322 -6.6934 -0.048491
0.9873 25.935 106.91 45.377 65.343 -6.7188 -0.04608
0.98742 25.976 106.22 45.12 65.339 -6.7398 -0.044932
0.98751 26.049 105.32 44.858 65.31 -6.7577 -0.045124
0.98757 26.148 104.23 44.606 65.256 -6.7738 -0.046731
0.9876 26.267 103.01 44.375 65.178 -6.7889 -0.049804
0.9876 26.399 101.71 44.176 65.081 -6.8035 -0.054353
0.9876 26.536 100.4 44.019 64.97 -6.8176 -0.060327
0.98759 26.671 99.144 43.908 64.854 -6.8312 -0.067605
0.98758 26.795 98.024 43.847 64.739 -6.8439 -0.075983
0.98758 26.905 97.111 43.837 64.635 -6.8554 -0.085172
0.9876 26.996 96.469 43.877 64.551 -6.8654 -0.094811
0.98764 27.065 96.151 43.962 64.494 -6.8735 -0.10448
0.9877 27.115 96.189 44.089 64.469 -6.8799 -0.1137
0.98778 27.145 96.599 44.249 64.479 -6.8849 -0.122
0.98788 27.16 97.372 44.435 64.524 -6.8889 -0.12892
0.98798 27.163 98.482 44.638 64.601 -6.8928 -0.13402
0.98808 27.159 99.885 44.849 64.706 -6.8978 -0.13698
0.98817 27.152 101.53 45.057 64.831 -6.9049 -0.13754
0.98825 27.145 103.34 45.255 64.967 -6.9155 -0.13559
0.98831 27.142 105.26 45.433 65.108 -6.9306 -0.13112
0.98834 27.145 107.22 45.585 65.243 -6.9515 -0.12428
0.98834 27.156 109.16 45.704 65.367 -6.9787 -0.11534
0.98831 27.174 111.04 45.786 65.474 -7.0126 -0.10467
0.98825 27.199 112.8 45.831 65.562 -7.0531 -0.092726
0.98818 27.229 114.43 45.838 65.629 -7.0997 -0.08003
0.9881 27.263 115.89 45.811 65.676 -7.1514 -0.067102
0.98801 27.299 117.18 45.754 65.707 -7.2067 -0.054446
0.98793 27.336 118.29 45.674 65.725 -7.2639 -0.042501
0.98787 27.37 119.22 45.579 65.735 -7.321 -0.031615
0.98783 27.402 119.98 45.477 65.741 -7.3758 -0.022021
0.98783 27.429 120.55 45.377 65.746 -7.4263 -0.013812
0.98785 27.451 120.93 45.288 65.755 -7.4704 -0.0069505
0.98791 27.468 121.13 45.215 65.767 -7.5067 -0.0012642
0.98801 27.479 121.14 45.164 65.784 -7.5338 0.0035271
0.98812 27.485 120.95 45.136 65.803 -7.551 0.007784
0.98826 27.485 120.57 45.133 65.822 -7.558 0.01191
0.98839 27.479 119.99 45.151 65.835 -7.5551 0.016307
0.98853 27.469 119.23 45.185 65.838 -7.5431 0.021336
0.98865 27.454 118.3 45.229 65.825 -7.523 0.027269
0.98875 27.435 117.24 45.274 65.791 -7.4965 0.034265
0.98881 27.414 116.09 45.31 65.732 -7.4653 0.042336
0.98884 27.39 114.88 45.33 65.645 -7.4312 0.051343
0.98884 27.365 113.66 45.326 65.529 -7.3961 0.060997
0.9888 27.34 112.47 45.291 65.385 -7.3616 0.070872
0.98874 27.317 111.35 45.223 65.217 -7.3291 0.080444
0.98866 27.298 110.34 45.121 65.03 -7.2998 0.089121
0.98857 27.284 109.46 44.988 64.83 -7.2745 0.096299
0.98848 27.276 108.73 44.829 64.626 -7.2534 0.10141
0.9884 27.275 108.17 44.655 64.427 -7.2365 0.10396
0.98834 27.281 107.78 44.475 64.239 -7.2234 0.10359
0.98831 27.295 107.56 44.304 64.071 -7.2135 0.10009
0.98832 27.315 107.52 44.154 63.927 -7.2058 0.093428
0.98835 27.342 107.66 44.039 63.811 -7.1994 0.083754
0.98841 27.374 107.96 43.972 63.726 -7.193 0.071378
0.98849 27.409 108.41 43.962 63.672 -7.1858 0.056757
0.98858 27.445 109.01 44.018 63.646 -7.1768 0.040455
0.98866 27.481 109.71 44.143 63.646 -7.1651 0.023097
0.98871 27.515 110.5 44.338 63.667 -7.1503 0.0053291
0.98872 27.546 111.33 44.6 63.705 -7.1318 -0.012233
0.98868 27.572 112.15 44.921 63.753 -7.1097 -0.029041
0.98856 27.592 112.94 45.291 63.806 -7.0838 -0.044642
0.98836 27.607 113.66 45.696 63.86 -7.0545 -0.058703
0.98808 27.616 114.27 46.122 63.908 -7.0221 -0.071012
0.98771 27.62 114.78 46.551 63.947 -6.9872 -0.08147
0.98726 27.619 115.18 46.966 63.975 -6.9502 -0.090081
0.98674 27.616 115.5 47.35 63.991 -6.9118 -0.096918
0.98616 27.613 115.78 47.69 63.994 -6.8728 -0.10209
0.98553 27.611 116.06 47.971 63.986 -6.8339 -0.10573
0.98489 27.612 116.41 48.185 63.97 -6.7959 -0.10794
0.98424 27.619 116.89 48.326 63.949 -6.7597 -0.10879
0.9836 27.635 117.54 48.391 63.926 -6.7261 -0.10828
0.98299 27.66 118.41 48.382 63.906 -6.6963 -0.10638
0.98242 27.696 119.51 48.306 63.89 -6.6714 -0.10302
0.98191 27.743 120.84 48.173 63.881 -6.6524 -0.098087
0.98146 27.801 122.36 47.995 63.88 -6.6407 -0.091486
0.98109 27.869 124.03 47.788 63.885 -6.6373 -0.083154
0.9808 27.945 125.77 47.57 63.895 -6.6433 -0.073093
0.9806 28.025 127.49 47.359 63.907 -6.6597 -0.061393
0.98049 28.106 129.08 47.172 63.916 -6.687 -0.048252
0.98046 28.183 130.47 47.027 63.92 -6.7254 -0.033981
0.98053 28.251 131.55 46.936 63.915 -6.7747 -0.018996
0.98069 28.307 132.26 46.909 63.898 -6.8342 -0.0038028
0.98092 28.346 132.54 46.953 63.865 -6.9024 0.011035
0.98121 28.365 132.37 47.066 63.815 -6.9773 0.024932
0.98156 28.362 131.76 47.242 63.748 -7.0565 0.037329
0.98195 28.338 130.73 47.468 63.663 -7.1368 0.04773
0.98236 28.293 129.34 47.726 63.56 -7.2148 0.055746
0.98277 28.231 127.67 47.989 63.44 -7.2868 0.061125
0.98317 28.154 125.82 48.227 63.307 -7.3492 0.063775
0.98355 28.069 123.88 48.403 63.161 -7.3984 0.063765
0.9839 27.981 121.98 48.48 63.006 -7.4311 0.061326
0.98422 27.896 120.22 48.415 62.847 -7.4447 0.056819
0.9845 27.82 118.69 48.168 62.688 -7.4372 0.050713
0.98475 27.757 117.47 47.701 62.536 -7.4074 0.043539
0.98497 27.712 116.62 46.977 62.396 -7.3549 0.035845
0.98515 27.687 116.16 45.968 62.276 -7.2803 0.028152
0.98532 27.685 116.07 44.65 62.182 -7.1849 0.020916
0.98547 27.706 116.34 43.012 62.121 -7.0706 0.014495
0.98561 27.748 116.88 41.052 62.096 -6.9402 0.0091285
0.98574 27.811 117.62 38.777 62.112 -6.7965 0.0049316
0.98586 27.892 118.44 36.212 62.17 -6.6427 0.0018973
0.98597 27.988 119.25 33.389 62.267 -6.4819 -8.4708e-05
0.98606 28.096 119.91 30.357 62.4 -6.3173 -0.0012033
0.98613 28.211 120.34 27.174 62.561 -6.1516 -0.0016942
0.98618 28.33 120.45 23.91 62.743 -5.9872 -0.0018062
0.98621 28.449 120.17 20.643 62.935 -5.8261 -0.0017699
0.98622 28.565 119.49 17.461 63.126 -5.6699 -0.0017712
0.9862 28.674 118.41 14.453 63.306 -5.52 -0.0019335
0.98616 28.774 116.96 11.711 63.465 -5.3772 -0.002309
0.98611 28.863 115.22 9.3243 63.596 -5.2424 -0.0028813
0.98604 28.937 113.27 7.3765 63.693 -5.1163 -0.0035774
0.98598 28.995 111.21 5.942 63.753 -4.9996 -0.0042874
0.98593 29.038 109.15 5.0818 63.775 -4.8931 -0.0048901
0.98589 29.062 107.17 4.8404 63.761 -4.7975 -0.0052802
0.98588 29.07 105.38 5.2426 63.716 -4.7138 -0.0053944
0.9859 29.06 103.81 6.2915 63.644 -4.643 -0.0052323
0.98595 29.035 102.54 7.9674 63.553 -4.5861 -0.0048703
0.98605 28.995 101.56 10.227 63.45 -4.5439 -0.0044662
0.98618 28.943 100.89 13.005 63.344 -4.5173 -0.0042533
0.98635 28.88 100.51 16.217 63.241 -4.5065 -0.0045245
0.98655 28.81 100.38 19.761 63.148 -4.5118 -0.0056084
0.98677 28.734 100.47 23.522 63.072 -4.5327 -0.0078376
0.98701 28.657 100.74 27.381 63.017 -4.5683 -0.011515
0.98724 28.58 101.13 31.216 62.984 -4.6174 -0.01688
0.98747 28.506 101.61 34.908 62.976 -4.6781 -0.024074
0.98767 28.438 102.12 38.352 62.991 -4.7483 -0.033122
0.98783 28.377 102.64 41.456 63.026 -4.8253 -0.04391
0.98794 28.326 103.12 44.148 63.076 -4.9066 -0.056185
0.988 28.284 103.53 46.378 63.135 -4.9894 -0.069559
0.98799 28.253 103.85 48.12 63.196 -5.0714 -0.08353
0.98791 28.233 104.06 49.372 63.251 -5.1501 -0.09751
0.98776 28.224 104.15 50.156 63.294 -5.224 -0.11086
0.98755 28.225 104.12 50.512 63.318 -5.2915 -0.12294
0.98728 28.236 103.97 50.499 63.32 -5.3522 -0.13316
0.98697 28.256 103.72 50.187 63.295 -5.4058 -0.14098
0.98663 28.283 103.37 49.652 63.243 -5.453 -0.14604
0.98627 28.318 102.98 48.977 63.166 -5.4948 -0.14808
0.98593 28.357 102.56 48.237 63.065 -5.5326 -0.14708
0.9856 28.4 102.17 47.507 62.946 -5.5684 -0.14318
0.98532 28.446 101.85 46.847 62.813 -5.6039 -0.13669
0.98509 28.492 101.63 46.309 62.674 -5.6412 -0.12815
0.98493 28.537 101.57 45.929 62.535 -5.6818 -0.11818
0.98484 28.578 101.7 45.729 62.404 -5.7273 -0.10754
0.98483 28.616 102.04 45.719 62.285 -5.7785 -0.097027
0.98489 28.648 102.6 45.894 62.186 -5.8358 -0.087446
0.98502 28.675 103.37 46.239 62.111 -5.8992 -0.079533
0.98521 28.697 104.35 46.731 62.063 -5.9678 -0.07392
0.98545 28.713 105.49 47.34 62.044 -6.0405 -0.071078
