//co2 data for Study 28 _2
steady: none
chosen_param: SaO2sup, Pa_CO2, P_a, Vmca_d, TOI_d, HbT_d, CCO_d
time_step: 1.0
******
0.97728 38.295 87.071 51.157 61.424 0.013672 0.00094977
0.97927 38.49 86.731 51.597 61.558 0.10896 -0.00062299
0.9812 38.68 86.399 52.027 61.688 0.20544 -0.0027446
0.98301 38.856 86.089 52.431 61.811 0.30537 -0.0056957
0.98463 39.012 85.813 52.797 61.925 0.41063 -0.0096643
0.98602 39.144 85.579 53.113 62.026 0.52253 -0.014724
0.98715 39.248 85.392 53.37 62.114 0.64172 -0.020826
0.98801 39.323 85.252 53.562 62.188 0.76821 -0.027802
0.98859 39.368 85.154 53.686 62.247 0.90138 -0.035385
0.9889 39.385 85.093 53.741 62.293 1.0401 -0.043237
0.98898 39.377 85.06 53.732 62.326 1.1829 -0.05099
0.98885 39.348 85.047 53.663 62.349 1.3281 -0.05829
0.98855 39.303 85.047 53.543 62.362 1.4743 -0.06484
0.98813 39.249 85.053 53.381 62.367 1.62 -0.070441
0.98764 39.191 85.06 53.188 62.365 1.7643 -0.075022
0.9871 39.135 85.066 52.977 62.359 1.9067 -0.078657
0.98657 39.088 85.069 52.758 62.347 2.0471 -0.081571
0.98608 39.054 85.067 52.543 62.332 2.1859 -0.084124
0.98565 39.037 85.061 52.343 62.312 2.3238 -0.086786
0.98532 39.041 85.048 52.166 62.289 2.4617 -0.090097
0.9851 39.067 85.027 52.019 62.263 2.6001 -0.094614
0.98499 39.117 84.993 51.907 62.234 2.7397 -0.10086
0.98501 39.188 84.945 51.835 62.202 2.8803 -0.10929
0.98515 39.28 84.878 51.802 62.168 3.0215 -0.12019
0.98539 39.388 84.79 51.808 62.134 3.1617 -0.13371
0.98571 39.507 84.679 51.851 62.101 3.2989 -0.14979
0.9861 39.632 84.545 51.925 62.069 3.4302 -0.16819
0.98651 39.755 84.386 52.026 62.041 3.5523 -0.18846
0.98693 39.872 84.205 52.145 62.018 3.6613 -0.20999
0.98732 39.974 84.003 52.277 62 3.7533 -0.23207
0.98766 40.058 83.781 52.412 61.987 3.8244 -0.2539
0.98793 40.119 83.542 52.542 61.979 3.8715 -0.27467
0.98812 40.153 83.285 52.66 61.975 3.8918 -0.29363
0.98821 40.159 83.011 52.76 61.975 3.884 -0.31012
0.98821 40.138 82.72 52.833 61.975 3.8475 -0.32365
0.98812 40.09 82.413 52.877 61.976 3.7833 -0.3339
0.98797 40.018 82.093 52.886 61.974 3.6936 -0.3408
0.98776 39.927 81.763 52.86 61.97 3.5818 -0.34448
0.98752 39.821 81.432 52.798 61.962 3.4523 -0.34528
0.98727 39.707 81.11 52.701 61.95 3.3106 -0.34375
0.98702 39.588 80.809 52.573 61.935 3.1623 -0.34058
0.9868 39.471 80.545 52.417 61.918 3.0134 -0.33656
0.98662 39.36 80.336 52.24 61.899 2.8697 -0.33252
0.9865 39.258 80.197 52.049 61.88 2.7365 -0.32929
0.98644 39.168 80.143 51.853 61.86 2.6182 -0.3276
0.98643 39.091 80.185 51.659 61.841 2.5183 -0.32806
0.98649 39.027 80.328 51.478 61.822 2.439 -0.33108
0.9866 38.975 80.572 51.317 61.802 2.3812 -0.33687
0.98675 38.934 80.906 51.185 61.78 2.3446 -0.34538
0.98693 38.901 81.315 51.09 61.754 2.3276 -0.35633
0.98712 38.876 81.776 51.036 61.723 2.3279 -0.36918
0.98732 38.856 82.261 51.029 61.687 2.342 -0.3832
0.9875 38.839 82.74 51.069 61.645 2.3662 -0.39749
0.98766 38.826 83.183 51.156 61.597 2.3964 -0.41104
0.98779 38.817 83.565 51.286 61.547 2.4286 -0.42278
0.98787 38.811 83.866 51.455 61.495 2.4592 -0.4317
0.98792 38.809 84.075 51.654 61.448 2.4852 -0.43684
0.98792 38.812 84.19 51.873 61.407 2.5042 -0.43746
0.98788 38.822 84.218 52.102 61.379 2.5149 -0.43301
0.9878 38.838 84.174 52.328 61.366 2.517 -0.42324
0.98769 38.86 84.078 52.54 61.373 2.5108 -0.40821
0.98755 38.889 83.951 52.728 61.4 2.498 -0.38829
0.9874 38.923 83.812 52.88 61.449 2.4808 -0.36417
0.98723 38.959 83.679 52.992 61.518 2.4621 -0.33684
0.98707 38.995 83.56 53.057 61.604 2.4453 -0.3075
0.98691 39.029 83.461 53.076 61.703 2.4339 -0.27753
0.98677 39.057 83.378 53.051 61.809 2.4314 -0.24839
0.98665 39.076 83.304 52.986 61.917 2.441 -0.22152
0.98655 39.084 83.231 52.891 62.019 2.4654 -0.19829
0.98648 39.08 83.148 52.776 62.11 2.5067 -0.17985
0.98643 39.062 83.048 52.652 62.183 2.5662 -0.1671
0.98641 39.031 82.928 52.533 62.234 2.6441 -0.1606
0.98641 38.987 82.79 52.43 62.258 2.7398 -0.16054
0.98643 38.932 82.643 52.353 62.254 2.8516 -0.16673
0.98647 38.87 82.499 52.311 62.222 2.9769 -0.1786
0.98652 38.802 82.376 52.31 62.162 3.1126 -0.19522
0.98658 38.733 82.29 52.35 62.076 3.2547 -0.21541
0.98666 38.666 82.261 52.431 61.969 3.3989 -0.23775
0.98675 38.603 82.301 52.546 61.847 3.5407 -0.26072
0.98685 38.547 82.419 52.687 61.714 3.6758 -0.28281
0.98697 38.501 82.617 52.843 61.579 3.8 -0.30257
0.9871 38.464 82.888 53.001 61.447 3.9097 -0.31874
0.98725 38.436 83.216 53.145 61.326 4.0023 -0.33034
0.9874 38.418 83.579 53.262 61.22 4.0756 -0.3367
0.98756 38.406 83.949 53.34 61.136 4.1287 -0.33753
0.98771 38.4 84.296 53.365 61.076 4.1618 -0.33291
0.98784 38.396 84.586 53.33 61.044 4.1759 -0.32329
0.98795 38.393 84.79 53.229 61.038 4.1731 -0.30944
0.98801 38.39 84.883 53.061 61.058 4.1561 -0.29241
0.98803 38.385 84.848 52.828 61.1 4.1287 -0.27346
0.98799 38.381 84.675 52.534 61.16 4.0946 -0.25392
0.9879 38.378 84.366 52.189 61.233 4.0581 -0.23516
0.98777 38.38 83.934 51.805 61.313 4.0233 -0.21849
0.98759 38.391 83.401 51.393 61.393 3.994 -0.20504
0.98738 38.415 82.798 50.969 61.468 3.9738 -0.19572
0.98716 38.457 82.16 50.547 61.533 3.9653 -0.19118
0.98694 38.522 81.527 50.141 61.583 3.9705 -0.19173
0.98674 38.611 80.938 49.763 61.615 3.9904 -0.19741
0.98658 38.727 80.427 49.424 61.627 4.0252 -0.2079
0.98646 38.867 80.022 49.133 61.621 4.0743 -0.22264
0.98639 39.029 79.741 48.895 61.597 4.1362 -0.24082
0.98638 39.208 79.59 48.712 61.559 4.2086 -0.26147
0.98643 39.395 79.565 48.587 61.509 4.2889 -0.28349
0.98652 39.58 79.651 48.516 61.452 4.3739 -0.30576
0.98665 39.755 79.823 48.495 61.395 4.4605 -0.32718
0.98681 39.908 80.049 48.521 61.34 4.5454 -0.34673
0.98698 40.031 80.294 48.587 61.294 4.6255 -0.36356
0.98715 40.115 80.524 48.686 61.261 4.6982 -0.37695
0.98732 40.156 80.703 48.812 61.243 4.761 -0.38644
0.98747 40.15 80.806 48.96 61.242 4.8123 -0.39174
0.98761 40.099 80.811 49.123 61.259 4.8508 -0.39281
0.98772 40.005 80.708 49.298 61.293 4.8758 -0.38979
0.9878 39.875 80.496 49.48 61.344 4.8873 -0.38301
0.98786 39.716 80.185 49.666 61.407 4.8857 -0.37295
0.98789 39.539 79.797 49.854 61.48 4.8721 -0.3602
0.9879 39.352 79.358 50.041 61.558 4.8478 -0.34543
0.98788 39.167 78.905 50.224 61.637 4.8146 -0.32934
0.98784 38.991 78.473 50.402 61.713 4.7745 -0.31263
0.98778 38.831 78.101 50.571 61.784 4.7298 -0.29597
0.98771 38.695 77.822 50.728 61.845 4.6828 -0.27997
0.98762 38.583 77.66 50.87 61.896 4.636 -0.26517
0.98753 38.498 77.634 50.992 61.935 4.5915 -0.25198
0.98744 38.439 77.748 51.09 61.962 4.5515 -0.24074
0.98736 38.403 77.995 51.163 61.978 4.518 -0.23165
0.98728 38.386 78.356 51.205 61.985 4.4923 -0.2248
0.98723 38.383 78.802 51.217 61.983 4.4757 -0.22018
0.9872 38.388 79.299 51.196 61.975 4.4685 -0.21769
0.98719 38.397 79.806 51.144 61.963 4.4709 -0.21713
0.98722 38.404 80.286 51.064 61.949 4.4824 -0.21827
0.98728 38.405 80.703 50.959 61.933 4.5017 -0.22081
0.98736 38.398 81.032 50.833 61.917 4.5274 -0.22446
0.98746 38.382 81.255 50.695 61.902 4.5575 -0.22891
0.98759 38.356 81.366 50.551 61.889 4.5897 -0.23391
0.98773 38.321 81.37 50.409 61.877 4.6217 -0.23924
0.98787 38.282 81.28 50.275 61.868 4.6513 -0.24474
0.98802 38.243 81.117 50.159 61.864 4.6764 -0.25033
0.98817 38.206 80.908 50.065 61.864 4.6956 -0.256
0.98831 38.179 80.68 49.998 61.871 4.7079 -0.26179
0.98845 38.166 80.458 49.962 61.886 4.713 -0.26782
0.98859 38.171 80.265 49.958 61.911 4.7114 -0.27421
0.98871 38.197 80.12 49.985 61.947 4.7043 -0.28113
0.98884 38.246 80.035 50.042 61.993 4.6936 -0.2887
0.98896 38.317 80.016 50.125 62.05 4.6815 -0.297
0.98907 38.408 80.065 50.228 62.116 4.6709 -0.30604
0.98919 38.514 80.18 50.347 62.186 4.6645 -0.31573
0.98929 38.631 80.357 50.474 62.258 4.6649 -0.32586
0.98939 38.752 80.588 50.604 62.327 4.6743 -0.33612
0.98948 38.871 80.869 50.728 62.387 4.6941 -0.34607
0.98954 38.98 81.196 50.843 62.434 4.7249 -0.35516
0.98958 39.074 81.566 50.942 62.464 4.7661 -0.36278
0.98957 39.148 81.978 51.023 62.475 4.8163 -0.36828
0.98952 39.199 82.436 51.082 62.465 4.8727 -0.37099
0.98942 39.227 82.939 51.119 62.436 4.9318 -0.37031
0.98925 39.231 83.491 51.133 62.39 4.9892 -0.36571
0.98903 39.215 84.093 51.126 62.329 5.0401 -0.35684
0.98876 39.181 84.74 51.101 62.26 5.0797 -0.34351
0.98844 39.136 85.427 51.06 62.186 5.1034 -0.32573
0.98809 39.085 86.142 51.007 62.114 5.1072 -0.30377
0.98772 39.033 86.866 50.947 62.046 5.0881 -0.27812
0.98736 38.988 87.577 50.884 61.988 5.0445 -0.24952
0.98703 38.955 88.247 50.822 61.943 4.9763 -0.21887
0.98675 38.939 88.844 50.766 61.911 4.8847 -0.18725
0.98653 38.944 89.337 50.719 61.896 4.7728 -0.15585
0.98639 38.973 89.695 50.683 61.897 4.645 -0.12587
0.98634 39.028 89.892 50.66 61.915 4.5069 -0.098484
0.98637 39.109 89.91 50.652 61.949 4.3649 -0.074774
0.98648 39.215 89.743 50.658 61.997 4.2258 -0.055639
0.98665 39.343 89.396 50.679 62.061 4.0963 -0.041754
0.98686 39.486 88.888 50.714 62.137 3.9827 -0.033524
0.98708 39.639 88.251 50.761 62.224 3.8903 -0.031057
0.98729 39.794 87.53 50.818 62.319 3.8228 -0.034156
0.98744 39.941 86.777 50.884 62.42 3.7826 -0.042335
0.98753 40.071 86.049 50.958 62.524 3.7702 -0.054851
0.98752 40.176 85.403 51.038 62.626 3.7843 -0.070753
0.9874 40.246 84.894 51.125 62.722 3.8218 -0.088946
0.98716 40.277 84.565 51.216 62.808 3.8783 -0.10826
0.9868 40.264 84.449 51.312 62.88 3.9482 -0.12754
0.98632 40.206 84.566 51.413 62.935 4.0252 -0.1457
0.98573 40.107 84.919 51.518 62.971 4.1029 -0.16181
0.98507 39.973 85.496 51.626 62.986 4.1749 -0.17513
0.98436 39.812 86.271 51.734 62.979 4.2356 -0.18517
0.98362 39.637 87.204 51.84 62.952 4.2804 -0.1917
0.9829 39.46 88.246 51.937 62.908 4.3063 -0.19473
0.98223 39.297 89.338 52.02 62.847 4.3113 -0.19454
0.98163 39.161 90.418 52.081 62.775 4.2953 -0.1916
0.98114 39.064 91.419 52.108 62.693 4.2595 -0.18654
0.98078 39.014 92.276 52.093 62.606 4.2063 -0.18009
0.98055 39.019 92.928 52.025 62.516 4.1391 -0.17303
0.98047 39.078 93.319 51.893 62.426 4.0618 -0.16613
0.98052 39.188 93.406 51.689 62.339 3.9788 -0.16006
0.98068 39.34 93.157 51.407 62.254 3.8941 -0.15543
0.98093 39.523 92.558 51.043 62.173 3.8113 -0.15268
0.98121 39.722 91.614 50.598 62.096 3.7334 -0.15209
0.98149 39.919 90.352 50.078 62.022 3.6625 -0.1538
0.98172 40.098 88.821 49.49 61.951 3.5995 -0.15781
0.98185 40.243 87.089 48.848 61.881 3.5447 -0.16398
0.98184 40.341 85.241 48.168 61.812 3.4972 -0.17206
0.98166 40.381 83.375 47.469 61.743 3.4557 -0.18177
0.98132 40.358 81.594 46.771 61.674 3.4183 -0.19276
0.98082 40.27 79.995 46.094 61.605 3.3829 -0.20469
0.98021 40.118 78.668 45.456 61.537 3.3474 -0.21724
0.97954 39.907 77.681 44.873 61.472 3.3101 -0.23011
0.9789 39.644 77.077 44.355 61.412 3.2694 -0.24306
0.97835 39.336 76.869 43.909 61.357 3.2248 -0.25588
0.978 38.993 77.04 43.534 61.31 3.1759 -0.2684
0.97791 38.622 77.543 43.225 61.272 3.1231 -0.2805
0.97813 38.227 78.307 42.97 61.243 3.0674 -0.29204
0.97867 37.812 79.241 42.753 61.223 3.0102 -0.30295
0.97953 37.379 80.246 42.555 61.211 2.9531 -0.3131
0.98063 36.927 81.222 42.352 61.205 2.898 -0.32239
0.98188 36.457 82.08 42.122 61.203 2.8465 -0.33072
0.98312 35.968 82.745 41.842 61.201 2.8002 -0.33796
0.9842 35.462 83.164 41.493 61.198 2.7604 -0.34402
0.98494 34.942 83.312 41.059 61.191 2.7281 -0.34879
0.98517 34.416 83.189 40.531 61.177 2.7037 -0.35221
0.98473 33.892 82.822 39.906 61.156 2.6874 -0.35426
0.98353 33.382 82.261 39.186 61.128 2.6789 -0.35493
0.98151 32.901 81.573 38.383 61.093 2.6777 -0.35431
0.97869 32.463 80.836 37.515 61.052 2.683 -0.35249
0.97517 32.084 80.128 36.603 61.008 2.6938 -0.34963
0.97111 31.776 79.526 35.679 60.962 2.7092 -0.3459
0.96674 31.551 79.092 34.773 60.918 2.728 -0.34151
0.96234 31.414 78.871 33.92 60.877 2.7493 -0.33664
0.95823 31.369 78.888 33.155 60.844 2.7721 -0.33146
0.95469 31.416 79.144 32.512 60.82 2.7956 -0.32612
0.95201 31.55 79.62 32.019 60.806 2.8188 -0.32069
0.9504 31.762 80.279 31.701 60.805 2.8411 -0.31521
0.95 32.042 81.07 31.576 60.816 2.8619 -0.30963
0.95085 32.378 81.937 31.652 60.841 2.8806 -0.30388
0.95291 32.754 82.822 31.928 60.877 2.897 -0.29783
0.95604 33.159 83.671 32.395 60.925 2.9107 -0.29132
0.96001 33.578 84.441 33.03 60.981 2.922 -0.28423
0.96456 34 85.099 33.804 61.044 2.931 -0.27642
0.96939 34.415 85.627 34.678 61.112 2.9387 -0.26783
0.97422 34.815 86.021 35.603 61.183 2.9461 -0.25847
0.97875 35.195 86.292 36.529 61.256 2.955 -0.24841
0.98279 35.552 86.457 37.401 61.329 2.9674 -0.23786
0.98615 35.883 86.545 38.164 61.401 2.9861 -0.2271
0.98874 36.188 86.586 38.766 61.472 3.0142 -0.21648
0.99054 36.469 86.609 39.164 61.542 3.0549 -0.20644
0.99157 36.725 86.639 39.322 61.611 3.1117 -0.19743
0.9919 36.958 86.694 39.216 61.68 3.188 -0.18993
0.99166 37.168 86.781 38.837 61.749 3.2867 -0.18434
0.99098 37.356 86.9 38.19 61.82 3.41 -0.18101
0.99 37.521 87.042 37.296 61.892 3.5593 -0.18017
0.98887 37.662 87.193 36.193 61.966 3.7346 -0.18193
0.98769 37.778 87.333 34.929 62.042 3.9347 -0.18622
0.98657 37.869 87.447 33.565 62.118 4.1569 -0.19284
0.9856 37.935 87.519 32.169 62.194 4.3968 -0.20142
0.98481 37.976 87.544 30.816 62.267 4.6487 -0.21149
0.98423 37.995 87.522 29.577 62.334 4.906 -0.22248
0.98388 37.996 87.461 28.521 62.394 5.1608 -0.23378
0.98372 37.982 87.378 27.708 62.443 5.4054 -0.24476
0.98374 37.962 87.296 27.187 62.48 5.632 -0.25486
0.98391 37.941 87.24 26.992 62.502 5.8338 -0.2636
0.98419 37.927 87.239 27.141 62.511 6.0053 -0.27065
0.98454 37.926 87.316 27.635 62.505 6.143 -0.27581
0.98493 37.946 87.49 28.458 62.486 6.2459 -0.27906
0.98533 37.988 87.773 29.577 62.457 6.3153 -0.28053
0.98572 38.057 88.167 30.949 62.421 6.3557 -0.28049
0.98607 38.151 88.667 32.518 62.382 6.3737 -0.27933
0.98637 38.267 89.254 34.223 62.343 6.3785 -0.27749
0.98662 38.402 89.907 35.999 62.31 6.3807 -0.27544
0.98683 38.548 90.593 37.782 62.284 6.392 -0.27359
0.98699 38.697 91.28 39.513 62.27 6.4239 -0.27229
0.98712 38.84 91.931 41.142 62.268 6.4869 -0.27176
0.98723 38.968 92.511 42.626 62.28 6.5898 -0.27206
0.98735 39.074 92.988 43.937 62.306 6.7386 -0.27307
0.98747 39.15 93.336 45.058 62.342 6.9355 -0.27454
0.98762 39.193 93.533 45.984 62.388 7.1791 -0.27603
0.98779 39.199 93.566 46.723 62.44 7.4639 -0.27702
0.988 39.169 93.43 47.29 62.495 7.7801 -0.27688
0.98824 39.104 93.127 47.71 62.551 8.1146 -0.27497
0.98849 39.008 92.67 48.012 62.605 8.4514 -0.27068
0.98875 38.887 92.082 48.227 62.657 8.7728 -0.26348
0.98898 38.748 91.394 48.386 62.706 9.06 -0.25295
0.98918 38.599 90.646 48.518 62.752 9.2952 -0.23882
0.98932 38.447 89.886 48.644 62.795 9.4619 -0.22103
0.98938 38.3 89.166 48.781 62.838 9.5467 -0.19967
0.98933 38.166 88.54 48.938 62.88 9.5399 -0.17501
0.98918 38.05 88.061 49.119 62.923 9.4361 -0.14751
0.98892 37.958 87.773 49.318 62.966 9.2348 -0.11772
0.98856 37.892 87.713 49.524 63.009 8.9403 -0.086292
0.9881 37.855 87.903 49.725 63.05 8.5613 -0.053934
0.98758 37.849 88.346 49.902 63.086 8.1103 -0.021347
0.98703 37.871 89.032 50.039 63.117 7.6029 0.010797
0.98647 37.92 89.928 50.121 63.137 7.0569 0.041894
0.98595 37.994 90.989 50.137 63.146 6.4907 0.071428
0.98549 38.089 92.156 50.079 63.14 5.9226 0.098991
0.98513 38.201 93.362 49.946 63.118 5.3695 0.12429
0.98487 38.325 94.54 49.743 63.078 4.8464 0.14712
0.98474 38.458 95.627 49.482 63.021 4.3653 0.16742
0.98472 38.595 96.567 49.177 62.949 3.9347 0.18516
0.98479 38.732 97.322 48.849 62.863 3.56 0.20043
0.98494 38.865 97.865 48.52 62.767 3.2429 0.21334
0.98513 38.991 98.191 48.213 62.664 2.9821 0.22404
0.98534 39.108 98.309 47.948 62.559 2.7734 0.23272
0.98553 39.212 98.242 47.745 62.457 2.6109 0.23957
0.9857 39.303 98.024 47.617 62.362 2.4869 0.24478
0.98581 39.378 97.695 47.572 62.279 2.3934 0.24854
0.98589 39.436 97.297 47.611 62.21 2.3222 0.25106
0.98593 39.479 96.872 47.729 62.16 2.2656 0.25254
0.98594 39.505 96.453 47.914 62.13 2.2169 0.25318
0.98595 39.516 96.069 48.151 62.121 2.1707 0.25318
0.98598 39.512 95.738 48.417 62.132 2.1233 0.25276
0.98605 39.496 95.471 48.689 62.163 2.0721 0.25214
0.98617 39.468 95.27 48.944 62.211 2.016 0.25153
0.98634 39.431 95.129 49.157 62.273 1.955 0.25115
0.98657 39.385 95.038 49.311 62.344 1.8901 0.25121
0.98686 39.334 94.983 49.389 62.42 1.8226 0.25189
0.98717 39.278 94.95 49.381 62.496 1.754 0.25334
0.98751 39.219 94.921 49.286 62.566 1.6858 0.25568
0.98783 39.158 94.883 49.105 62.626 1.619 0.259
0.98814 39.097 94.822 48.85 62.673 1.5541 0.26332
0.9884 39.036 94.728 48.535 62.705 1.491 0.2686
0.98861 38.976 94.59 48.179 62.721 1.4289 0.27477
0.98875 38.92 94.404 47.806 62.721 1.3666 0.28167
0.98883 38.867 94.165 47.439 62.708 1.3023 0.28914
0.98884 38.82 93.872 47.1 62.686 1.2341 0.29692
0.98879 38.78 93.528 46.808 62.659 1.1599 0.30476
0.98871 38.749 93.141 46.581 62.631 1.078 0.31238
0.98858 38.728 92.723 46.428 62.607 0.9869 0.31948
0.98844 38.72 92.29 46.354 62.59 0.88587 0.32576
0.9883 38.727 91.864 46.358 62.58 0.7747 0.33095
0.98816 38.749 91.47 46.433 62.58 0.65396 0.3348
0.98804 38.787 91.136 46.566 62.586 0.52501 0.33707
0.98794 38.842 90.885 46.741 62.596 0.38988 0.33757
0.98786 38.913 90.74 46.939 62.606 0.25117 0.33616
0.9878 38.999 90.711 47.142 62.609 0.11194 0.33272
0.98777 39.098 90.8 47.33 62.601 -0.024516 0.32718
0.98775 39.205 90.996 47.487 62.578 -0.15488 0.31952
0.98774 39.317 91.273 47.602 62.536 -0.276 0.30975
0.98773 39.431 91.596 47.667 62.474 -0.38512 0.29795
0.9877 39.54 91.918 47.682 62.394 -0.48002 0.28422
0.98766 39.64 92.19 47.65 62.299 -0.55919 0.26876
0.9876 39.727 92.365 47.581 62.195 -0.62193 0.25179
0.9875 39.797 92.402 47.488 62.088 -0.66836 0.23361
0.98739 39.846 92.272 47.387 61.987 -0.69946 0.2146
0.98725 39.872 91.965 47.297 61.9 -0.71698 0.19519
0.98709 39.874 91.487 47.234 61.835 -0.7233 0.17588
0.98694 39.85 90.864 47.214 61.798 -0.72131 0.15722
0.9868 39.801 90.137 47.249 61.791 -0.71419 0.13976
0.98668 39.729 89.358 47.346 61.816 -0.70516 0.12408
0.98661 39.637 88.587 47.506 61.871 -0.69727 0.1107
0.98659 39.526 87.882 47.725 61.95 -0.69318 0.10005
0.98663 39.402 87.296 47.994 62.046 -0.69487 0.092466
0.98674 39.269 86.869 48.296 62.152 -0.70355 0.08812
0.98692 39.133 86.623 48.613 62.257 -0.71948 0.086989
0.98716 38.997 86.566 48.925 62.353 -0.7419 0.08884
0.98745 38.869 86.683 49.208 62.43 -0.76906 0.093218
0.98777 38.751 86.944 49.442 62.482 -0.79827 0.099454
0.9881 38.647 87.306 49.61 62.506 -0.82609 0.10669
0.98843 38.561 87.719 49.695 62.499 -0.8485 0.1139
0.98873 38.495 88.13 49.69 62.463 -0.86119 0.11997
0.98898 38.448 88.488 49.591 62.401 -0.85988 0.12378
0.98917 38.42 88.753 49.402 62.319 -0.84061 0.12421
0.98929 38.409 88.897 49.131 62.224 -0.80008 0.12029
0.98934 38.413 88.907 48.794 62.124 -0.73591 0.11125
0.98931 38.428 88.783 48.41 62.027 -0.64687 0.096543
0.98922 38.451 88.542 48 61.939 -0.53302 0.075959
0.98908 38.479 88.214 47.59 61.866 -0.39578 0.049599
0.9889 38.507 87.836 47.202 61.811 -0.23786 0.017897
0.9887 38.532 87.449 46.861 61.776 -0.063179 -0.018397
0.98849 38.552 87.095 46.585 61.761 0.12342 -0.058267
0.98831 38.566 86.81 46.39 61.764 0.31645 -0.10049
0.98816 38.572 86.626 46.288 61.781 0.51013 -0.14372
0.98806 38.57 86.559 46.283 61.81 0.69875 -0.18656
0.98801 38.561 86.619 46.374 61.845 0.87709 -0.22767
0.98802 38.544 86.802 46.556 61.884 1.0407 -0.26586
0.98807 38.523 87.093 46.817 61.923 1.1863 -0.30013
0.98817 38.498 87.471 47.142 61.96 1.3118 -0.32976
0.98829 38.472 87.909 47.513 61.993 1.4165 -0.35433
0.98843 38.446 88.378 47.908 62.024 1.5011 -0.37374
0.98855 38.424 88.85 48.308 62.053 1.5676 -0.38821
0.98865 38.406 89.301 48.691 62.08 1.6188 -0.3982
0.98871 38.396 89.711 49.039 62.107 1.6583 -0.40441
0.98871 38.393 90.068 49.337 62.136 1.6901 -0.40767
0.98865 38.401 90.367 49.574 62.166 1.7181 -0.40885
0.98853 38.419 90.611 49.742 62.198 1.7458 -0.40884
0.98835 38.448 90.807 49.84 62.231 1.7758 -0.40839
0.98811 38.488 90.969 49.868 62.263 1.8097 -0.40809
0.98784 38.537 91.114 49.834 62.293 1.8478 -0.4083
0.98756 38.596 91.26 49.747 62.319 1.8893 -0.40913
0.98728 38.662 91.425 49.62 62.339 1.9318 -0.41044
0.98702 38.734 91.625 49.467 62.351 1.972 -0.41182
0.98682 38.811 91.875 49.301 62.354 2.0055 -0.41268
0.98667 38.89 92.183 49.136 62.348 2.0275 -0.41229
0.98659 38.971 92.554 48.985 62.335 2.0331 -0.40982
0.98658 39.052 92.986 48.856 62.316 2.0177 -0.40449
0.98665 39.132 93.469 48.758 62.293 1.9772 -0.39559
0.98679 39.21 93.99 48.691 62.269 1.9089 -0.38259
0.98698 39.284 94.527 48.658 62.248 1.8113 -0.36522
0.98721 39.355 95.055 48.654 62.231 1.6846 -0.34346
0.98746 39.42 95.541 48.674 62.221 1.5308 -0.31762
0.98773 39.479 95.956 48.711 62.218 1.3535 -0.28832
0.98798 39.53 96.266 48.758 62.224 1.1581 -0.25644
0.98822 39.572 96.444 48.805 62.238 0.95114 -0.22313
0.98843 39.603 96.468 48.847 62.26 0.74029 -0.18968
0.9886 39.622 96.325 48.877 62.288 0.53381 -0.15747
0.98873 39.629 96.013 48.893 62.323 0.34008 -0.12786
0.98882 39.623 95.541 48.893 62.362 0.16716 -0.10213
0.98886 39.604 94.93 48.879 62.405 0.022325 -0.081375
0.98886 39.573 94.213 48.855 62.451 -0.088359 -0.06642
0.98882 39.532 93.429 48.826 62.501 -0.16034 -0.057795
0.98875 39.484 92.626 48.797 62.554 -0.19082 -0.05569
0.98865 39.432 91.848 48.777 62.609 -0.17888 -0.059949
0.98853 39.379 91.138 48.771 62.666 -0.1255 -0.070096
0.9884 39.33 90.533 48.783 62.723 -0.033423 -0.085368
0.98828 39.286 90.058 48.817 62.778 0.093047 -0.10478
0.98815 39.251 89.724 48.874 62.829 0.24834 -0.12721
0.98805 39.227 89.531 48.953 62.874 0.42599 -0.15146
0.98797 39.214 89.464 49.048 62.91 0.61907 -0.17637
0.98791 39.211 89.497 49.154 62.935 0.82055 -0.20088
0.98788 39.217 89.596 49.262 62.947 1.0237 -0.22408
0.98788 39.23 89.722 49.365 62.945 1.2226 -0.24532
0.98791 39.245 89.837 49.452 62.928 1.4122 -0.26418
0.98794 39.258 89.906 49.515 62.898 1.5885 -0.28051
0.98798 39.266 89.901 49.545 62.856 1.7488 -0.29443
0.98802 39.263 89.806 49.535 62.804 1.8918 -0.30624
0.98804 39.248 89.613 49.483 62.745 2.0171 -0.31645
0.98803 39.217 89.328 49.386 62.683 2.1253 -0.32562
0.988 39.171 88.966 49.245 62.62 2.2177 -0.33437
0.98794 39.109 88.548 49.064 62.562 2.2959 -0.34324
0.98785 39.035 88.104 48.847 62.509 2.3619 -0.35266
0.98774 38.952 87.663 48.602 62.465 2.417 -0.36289
0.98763 38.865 87.254 48.339 62.43 2.4623 -0.37394
0.98753 38.78 86.903 48.066 62.407 2.4984 -0.38563
0.98745 38.703 86.63 47.793 62.394 2.5249 -0.3975
0.98743 38.64 86.452 47.53 62.39 2.5407 -0.40892
0.98748 38.596 86.374 47.285 62.395 2.5443 -0.4191
0.9876 38.576 86.4 47.065 62.406 2.5335 -0.42718
0.98782 38.582 86.523 46.875 62.421 2.5059 -0.43228
0.98811 38.615 86.734 46.72 62.439 2.4594 -0.43362
0.98848 38.675 87.018 46.602 62.455 2.3919 -0.43061
0.98891 38.759 87.358 46.522 62.471 2.3025 -0.42285
0.98934 38.863 87.734 46.478 62.483 2.1909 -0.41028
0.98976 38.983 88.123 46.469 62.492 2.0582 -0.39313
0.99011 39.113 88.506 46.492 62.496 1.9065 -0.37196
0.99033 39.245 88.86 46.542 62.497 1.7393 -0.34762
0.9904 39.375 89.169 46.618 62.494 1.5613 -0.32118
0.99025 39.495 89.416 46.714 62.487 1.3779 -0.29389
0.98987 39.6 89.591 46.828 62.476 1.1952 -0.26703
0.98924 39.686 89.687 46.958 62.463 1.0194 -0.24185
0.98835 39.748 89.702 47.102 62.447 0.8565 -0.21943
0.98722 39.786 89.638 47.26 62.428 0.71194 -0.20064
0.98591 39.796 89.502 47.433 62.406 0.59002 -0.18599
0.98446 39.78 89.306 47.623 62.383 0.49368 -0.17566
0.98295 39.739 89.061 47.831 62.359 0.4243 -0.16944
0.98146 39.674 88.784 48.062 62.334 0.38154 -0.16672
0.98008 39.591 88.491 48.318 62.311 0.36337 -0.16662
0.97889 39.493 88.199 48.602 62.291 0.36621 -0.16796
0.97796 39.387 87.923 48.916 62.276 0.38511 -0.16944
0.97736 39.277 87.678 49.261 62.267 0.41417 -0.16969
0.97712 39.171 87.478 49.634 62.266 0.44689 -0.1674
0.97724 39.076 87.333 50.032 62.275 0.47662 -0.16142
0.97773 38.999 87.251 50.445 62.294 0.49696 -0.15084
0.97853 38.945 87.236 50.864 62.323 0.50222 -0.13508
0.97959 38.919 87.288 51.273 62.361 0.48773 -0.11389
0.98085 38.924 87.4 51.654 62.408 0.45007 -0.087374
0.98221 38.961 87.564 51.985 62.46 0.38728 -0.055993
0.98361 39.027 87.761 52.242 62.515 0.29888 -0.020489
0.98496 39.117 87.97 52.4 62.568 0.18581 0.01816
0.98621 39.223 88.162 52.435 62.616 0.050305 0.058825
0.9873 39.333 88.305 52.321 62.654 -0.1043 0.10031
0.98819 39.431 88.359 52.038 62.677 -0.27388 0.14141
0.98888 39.5 88.287 51.57 62.681 -0.45376 0.18103
0.98937 39.522 88.048 50.905 62.662 -0.639 0.21818
0.98967 39.477 87.605 50.039 62.617 -0.82471 0.25207
0.98981 39.349 86.924 48.978 62.544 -1.0062 0.28207
0.98983 39.121 85.98 47.733 62.445 -1.1791 0.30778
0.98975 38.784 84.757 46.327 62.32 -1.3397 0.32894
0.98962 38.333 83.253 44.79 62.173 -1.4846 0.34545
0.98948 37.772 81.478 43.157 62.01 -1.6111 0.35731
0.98935 37.109 79.458 41.47 61.835 -1.717 0.36458
0.98925 36.365 77.235 39.776 61.658 -1.8005 0.36738
0.9892 35.564 74.861 38.12 61.484 -1.8601 0.36579
0.9892 34.737 72.402 36.551 61.321 -1.8948 0.3599
0.98924 33.921 69.931 35.109 61.175 -1.9038 0.34978
0.98933 33.152 67.53 33.835 61.053 -1.8869 0.33548
0.98945 32.466 65.279 32.757 60.958 -1.8441 0.31708
0.98958 31.894 63.257 31.898 60.892 -1.776 0.29467
0.98972 31.461 61.539 31.271 60.856 -1.6835 0.26844
0.98984 31.184 60.189 30.88 60.85 -1.5685 0.23865
0.98994 31.069 59.259 30.717 60.871 -1.4335 0.20572
0.99 31.112 58.784 30.768 60.914 -1.2816 0.17018
0.99003 31.303 58.78 31.011 60.977 -1.1169 0.13273
0.99001 31.619 59.244 31.418 61.053 -0.94388 0.094198
0.98996 32.034 60.149 31.956 61.138 -0.76774 0.055534
0.98988 32.517 61.449 32.592 61.228 -0.59391 0.017749
0.98977 33.036 63.078 33.291 61.317 -0.42786 -0.018121
0.98965 33.56 64.954 34.021 61.403 -0.27485 -0.051073
0.98951 34.059 66.985 34.752 61.484 -0.13961 -0.0802
0.98938 34.511 69.072 35.458 61.558 -0.026078 -0.10475
0.98926 34.897 71.118 36.118 61.625 0.062881 -0.12417
0.98916 35.204 73.032 36.716 61.685 0.12561 -0.13814
0.98908 35.427 74.738 37.242 61.737 0.1618 -0.14662
0.98901 35.565 76.178 37.688 61.781 0.17245 -0.14981
0.98897 35.622 77.315 38.053 61.818 0.15981 -0.14817
0.98896 35.606 78.138 38.338 61.846 0.12719 -0.14237
0.98896 35.528 78.66 38.545 61.864 0.078679 -0.13324
0.98897 35.4 78.915 38.68 61.871 0.018845 -0.12172
0.989 35.234 78.954 38.749 61.866 -0.047638 -0.10878
0.98903 35.043 78.841 38.759 61.847 -0.11634 -0.095345
0.98907 34.838 78.645 38.715 61.814 -0.1834 -0.082249
0.98911 34.63 78.435 38.626 61.767 -0.24583 -0.07016
0.98915 34.426 78.269 38.497 61.707 -0.30167 -0.059546
0.98918 34.233 78.194 38.334 61.637 -0.35012 -0.050649
0.98922 34.057 78.24 38.145 61.56 -0.39151 -0.043479
0.98925 33.9 78.419 37.934 61.48 -0.42724 -0.037829
0.98927 33.765 78.723 37.71 61.403 -0.45951 -0.03331
0.98929 33.653 79.13 37.477 61.333 -0.49112 -0.029398
0.98931 33.562 79.606 37.245 61.275 -0.52511 -0.025495
0.98933 33.493 80.107 37.018 61.233 -0.56442 -0.020997
0.98935 33.444 80.591 36.804 61.21 -0.61161 -0.015354
0.98937 33.413 81.018 36.609 61.208 -0.66855 -0.0081398
0.98939 33.398 81.355 36.437 61.225 -0.73625 0.00090942
0.98941 33.399 81.58 36.292 61.259 -0.8147 0.011856
0.98944 33.412 81.683 36.177 61.308 -0.90297 0.02455
0.98947 33.437 81.667 36.092 61.366 -0.99922 0.038634
0.98951 33.472 81.544 36.036 61.428 -1.101 0.053575
0.98954 33.516 81.338 36.007 61.488 -1.2053 0.068703
0.98959 33.566 81.077 36.001 61.541 -1.3094 0.083276
0.98963 33.622 80.794 36.013 61.584 -1.4104 0.096544
0.98967 33.682 80.523 36.039 61.612 -1.5066 0.10782
0.98972 33.744 80.295 36.073 61.624 -1.5966 0.11656
0.98976 33.807 80.138 36.112 61.62 -1.6806 0.12239
0.9898 33.87 80.073 36.15 61.601 -1.7597 0.12516
0.98983 33.93 80.115 36.187 61.57 -1.836 0.12498
0.98986 33.986 80.269 36.221 61.531 -1.9128 0.12221
0.98989 34.036 80.53 36.253 61.488 -1.9939 0.11742
0.98992 34.08 80.883 36.286 61.445 -2.0833 0.11134
0.98994 34.116 81.304 36.323 61.408 -2.1848 0.10484
0.98996 34.146 81.762 36.37 61.381 -2.3015 0.098807
0.98998 34.169 82.219 36.431 61.368 -2.4352 0.094079
0.98998 34.186 82.639 36.511 61.37 -2.5864 0.091383
0.98999 34.2 82.983 36.614 61.391 -2.7536 0.091248
0.98998 34.212 83.221 36.744 61.428 -2.9332 0.093957
0.98996 34.224 83.334 36.903 61.482 -3.12 0.099517
0.98993 34.24 83.313 37.089 61.549 -3.3066 0.10765
0.98989 34.26 83.166 37.302 61.626 -3.4847 0.11781
0.98983 34.288 82.914 37.536 61.708 -3.6448 0.12924
0.98976 34.323 82.593 37.785 61.791 -3.7775 0.141
0.98968 34.367 82.248 38.042 61.87 -3.8737 0.15209
0.9896 34.418 81.928 38.299 61.94 -3.9255 0.16152
0.9895 34.475 81.686 38.546 61.998 -3.9271 0.16841
0.98941 34.536 81.566 38.774 62.041 -3.8747 0.17204
0.98932 34.598 81.604 38.975 62.068 -3.7675 0.17196
0.98924 34.658 81.821 39.142 62.079 -3.6077 0.16805
0.98918 34.712 82.223 39.27 62.073 -3.4005 0.16048
0.98913 34.756 82.798 39.354 62.053 -3.1535 0.14976
0.9891 34.787 83.518 39.392 62.021 -2.877 0.1367
0.9891 34.803 84.341 39.386 61.979 -2.5827 0.12233
0.98912 34.801 85.215 39.337 61.929 -2.2832 0.10783
0.98916 34.781 86.085 39.247 61.875 -1.9915 0.094448
0.98922 34.744 86.894 39.122 61.818 -1.7196 0.083379
0.9893 34.69 87.593 38.966 61.762 -1.4783 0.075672
0.98938 34.622 88.142 38.786 61.707 -1.2763 0.072145
0.98948 34.542 88.515 38.586 61.657 -1.1196 0.073307
0.98957 34.456 88.701 38.373 61.611 -1.0114 0.079311
0.98966 34.367 88.705 38.152 61.573 -0.95215 0.089939
0.98974 34.28 88.547 37.928 61.543 -0.93934 0.10461
0.98981 34.2 88.256 37.706 61.523 -0.96809 0.12243
0.98987 34.129 87.872 37.492 61.512 -1.0316 0.14223
0.98991 34.071 87.433 37.291 61.513 -1.1215 0.16271
0.98993 34.029 86.979 37.109 61.525 -1.2292 0.1825
0.98993 34.001 86.541 36.951 61.549 -1.3456 0.20026
0.98991 33.99 86.143 36.825 61.582 -1.4625 0.21483
0.98986 33.991 85.796 36.737 61.624 -1.5729 0.22528
0.9898 34.005 85.501 36.694 61.673 -1.6712 0.231
0.98972 34.026 85.25 36.704 61.727 -1.7539 0.23174
0.98962 34.054 85.027 36.774 61.783 -1.8191 0.22765
0.98949 34.085 84.815 36.908 61.84 -1.8668 0.21921
0.98936 34.116 84.596 37.111 61.894 -1.8988 0.20727
0.98921 34.147 84.357 37.383 61.944 -1.9179 0.19289
0.98905 34.178 84.092 37.723 61.991 -1.9279 0.17734
0.98888 34.21 83.805 38.125 62.032 -1.9328 0.16192
0.98871 34.243 83.51 38.581 62.069 -1.9368 0.14794
0.98855 34.28 83.228 39.079 62.101 -1.9432 0.13655
0.98839 34.323 82.989 39.601 62.131 -1.9549 0.12869
0.98825 34.373 82.824 40.129 62.157 -1.9736 0.12501
0.98813 34.432 82.764 40.641 62.181 -1.9996 0.12585
0.98803 34.498 82.838 41.113 62.202 -2.0324 0.13119
0.98796 34.57 83.065 41.52 62.218 -2.0703 0.14072
0.98792 34.641 83.454 41.841 62.228 -2.1108 0.15378
0.98791 34.705 83.999 42.054 62.229 -2.151 0.16953
0.98794 34.754 84.682 42.141 62.217 -2.1875 0.18695
0.988 34.777 85.469 42.09 62.189 -2.2176 0.20493
0.98809 34.764 86.316 41.893 62.143 -2.2384 0.22239
0.9882 34.704 87.166 41.55 62.076 -2.2484 0.23833
0.98834 34.588 87.958 41.064 61.988 -2.2466 0.25191
0.98849 34.41 88.626 40.448 61.88 -2.2333 0.26249
0.98865 34.168 89.11 39.721 61.754 -2.2096 0.26968
0.98882 33.862 89.356 38.905 61.615 -2.178 0.27336
0.98897 33.498 89.323 38.028 61.47 -2.1414 0.27363
0.98911 33.087 88.985 37.12 61.325 -2.1035 0.27083
0.98923 32.644 88.336 36.214 61.188 -2.0681 0.26546
0.98933 32.185 87.392 35.339 61.069 -2.0393 0.25816
0.9894 31.733 86.187 34.526 60.973 -2.0204 0.24961
0.98945 31.306 84.776 33.801 60.905 -2.0145 0.24052
0.98947 30.925 83.228 33.185 60.871 -2.0235 0.23154
0.98947 30.608 81.624 32.693 60.87 -2.0485 0.22324
0.98945 30.369 80.052 32.336 60.902 -2.0894 0.21604
0.98941 30.216 78.597 32.117 60.962 -2.1452 0.21024
0.98937 30.153 77.338 32.031 61.047 -2.2137 0.206
0.98933 30.18 76.34 32.07 61.148 -2.2919 0.20334
0.98929 30.288 75.653 32.219 61.259 -2.3765 0.20215
0.98926 30.467 75.305 32.46 61.373 -2.4634 0.20226
0.98923 30.701 75.302 32.771 61.482 -2.5488 0.20343
0.98922 30.973 75.629 33.128 61.58 -2.629 0.20543
0.98922 31.264 76.251 33.509 61.664 -2.7006 0.208
0.98923 31.556 77.121 33.889 61.729 -2.761 0.21095
0.98926 31.832 78.177 34.248 61.775 -2.8084 0.21414
0.98929 32.076 79.355 34.567 61.802 -2.8416 0.21747
0.98934 32.278 80.587 34.832 61.809 -2.8606 0.22092
0.98939 32.429 81.81 35.029 61.8 -2.8659 0.22449
0.98944 32.526 82.964 35.152 61.777 -2.859 0.22823
0.9895 32.568 84.002 35.197 61.743 -2.8417 0.2322
0.98955 32.558 84.881 35.165 61.7 -2.8164 0.23644
0.9896 32.501 85.573 35.058 61.652 -2.7856 0.24096
0.98964 32.405 86.057 34.884 61.601 -2.7519 0.24572
0.98968 32.279 86.325 34.652 61.549 -2.7177 0.25065
0.98971 32.133 86.375 34.372 61.498 -2.6853 0.25561
0.98973 31.975 86.217 34.058 61.45 -2.6565 0.26042
0.98975 31.816 85.868 33.721 61.405 -2.6328 0.26486
0.98976 31.663 85.352 33.375 61.364 -2.6151 0.26871
0.98976 31.523 84.696 33.033 61.327 -2.6039 0.27176
0.98977 31.401 83.932 32.707 61.294 -2.5993 0.27385
0.98978 31.302 83.095 32.407 61.265 -2.6007 0.27486
0.98979 31.227 82.217 32.144 61.239 -2.6075 0.27476
0.9898 31.177 81.331 31.924 61.217 -2.6184 0.27362
0.98982 31.152 80.465 31.753 61.196 -2.6323 0.2716
0.98983 31.148 79.647 31.635 61.176 -2.6475 0.26895
0.98985 31.165 78.898 31.573 61.157 -2.6624 0.26602
0.98987 31.198 78.237 31.564 61.136 -2.6756 0.2632
0.98988 31.243 77.68 31.609 61.113 -2.6855 0.26093
0.98989 31.296 77.237 31.702 61.086 -2.691 0.25963
0.98988 31.354 76.916 31.838 61.055 -2.691 0.25969
0.98987 31.412 76.722 32.012 61.019 -2.6851 0.26142
0.98984 31.469 76.653 32.215 60.979 -2.6732 0.26503
0.9898 31.523 76.706 32.441 60.935 -2.6557 0.27058
0.98974 31.573 76.873 32.68 60.888 -2.6336 0.27795
0.98968 31.618 77.144 32.925 60.841 -2.6085 0.28688
0.98961 31.66 77.503 33.168 60.796 -2.5825 0.29692
0.98954 31.7 77.932 33.403 60.756 -2.5579 0.30747
0.98947 31.739 78.412 33.622 60.725 -2.5375 0.31779
0.9894 31.778 78.92 33.823 60.705 -2.5241 0.32706
0.98935 31.82 79.432 34 60.698 -2.5204 0.3344
0.98931 31.864 79.926 34.153 60.705 -2.5287 0.33896
0.98929 31.912 80.379 34.281 60.729 -2.5508 0.33994
0.98929 31.961 80.768 34.384 60.767 -2.5877 0.3367
0.9893 32.011 81.076 34.466 60.82 -2.6391 0.32875
0.98933 32.061 81.286 34.528 60.885 -2.7038 0.31585
0.98938 32.107 81.387 34.575 60.959 -2.7793 0.29804
0.98943 32.148 81.372 34.611 61.041 -2.8618 0.27562
0.98949 32.181 81.24 34.642 61.127 -2.9461 0.2492
0.98955 32.205 80.995 34.67 61.213 -3.0263 0.21965
0.98961 32.218 80.647 34.701 61.297 -3.0954 0.18809
0.98966 32.219 80.211 34.736 61.376 -3.1462 0.1558
0.98971 32.211 79.707 34.777 61.447 -3.1714 0.1242
0.98975 32.191 79.161 34.825 61.506 -3.1638 0.094736
0.98977 32.164 78.599 34.879 61.551 -3.1174 0.068807
0.98979 32.128 78.05 34.935 61.581 -3.0273 0.04769
0.9898 32.087 77.546 34.99 61.592 -2.89 0.032457
0.9898 32.041 77.114 35.04 61.584 -2.704 0.023909
0.9898 31.991 76.781 35.078 61.555 -2.4702 0.022529
0.98979 31.937 76.57 35.099 61.505 -2.1911 0.028456
0.98978 31.88 76.497 35.097 61.436 -1.8717 0.041473
0.98978 31.817 76.572 35.067 61.35 -1.5189 0.061027
0.98977 31.75 76.798 35.005 61.249 -1.1411 0.086266
0.98977 31.676 77.172 34.909 61.138 -0.74811 0.1161
0.98978 31.595 77.679 34.778 61.021 -0.35048 0.14925
0.98978 31.507 78.3 34.614 60.904 0.040902 0.18436
0.9898 31.412 79.009 34.42 60.793 0.41538 0.22007
0.98981 31.312 79.774 34.202 60.693 0.76298 0.25507
0.98984 31.207 80.561 33.967 60.608 1.0749 0.2882
0.98986 31.101 81.336 33.723 60.542 1.344 0.3185
0.98988 30.995 82.063 33.481 60.499 1.5647 0.34525
0.9899 30.894 82.712 33.251 60.479 1.7335 0.36796
0.98992 30.801 83.254 33.041 60.483 1.8492 0.38644
0.98994 30.718 83.669 32.861 60.51 1.9122 0.40068
0.98995 30.649 83.942 32.717 60.556 1.9251 0.41091
0.98995 30.595 84.064 32.615 60.619 1.8917 0.4175
0.98995 30.556 84.034 32.559 60.696 1.8175 0.42091
0.98994 30.534 83.855 32.547 60.781 1.7088 0.42164
0.98992 30.527 83.538 32.579 60.872 1.5724 0.42019
0.98988 30.533 83.1 32.649 60.964 1.4154 0.41699
0.98984 30.549 82.558 32.752 61.053 1.2449 0.4124
0.9898 30.572 81.936 32.878 61.137 1.0673 0.40665
0.98974 30.598 81.261 33.019 61.212 0.88879 0.39986
0.98969 30.623 80.56 33.165 61.277 0.71433 0.39205
0.98963 30.645 79.86 33.306 61.33 0.54812 0.38317
0.98957 30.66 79.189 33.435 61.368 0.39327 0.37308
0.98952 30.667 78.572 33.544 61.391 0.2519 0.36167
0.98947 30.666 78.031 33.628 61.397 0.12512 0.34881
0.98943 30.657 77.583 33.684 61.387 0.013128 0.33445
0.9894 30.643 77.239 33.711 61.361 -0.084654 0.31859
0.98938 30.628 77.007 33.713 61.319 -0.16949 0.30135
0.98938 30.615 76.886 33.691 61.264 -0.24317 0.28296
0.98938 30.61 76.873 33.653 61.199 -0.30787 0.26374
0.98939 30.618 76.957 33.605 61.127 -0.36602 0.24411
0.98941 30.642 77.127 33.555 61.052 -0.42018 0.22455
0.98942 30.686 77.37 33.51 60.978 -0.47292 0.2056
0.98944 30.753 77.671 33.477 60.911 -0.5267 0.18777
0.98946 30.842 78.017 33.462 60.853 -0.5838 0.17158
0.98946 30.951 78.396 33.469 60.809 -0.64622 0.15747
0.98946 31.077 78.801 33.5 60.78 -0.71562 0.1458
0.98944 31.214 79.226 33.554 60.766 -0.7933 0.13682
0.98941 31.356 79.667 33.629 60.767 -0.88008 0.13067
0.98938 31.494 80.123 33.719 60.782 -0.97634 0.12735
0.98933 31.62 80.594 33.819 60.807 -1.082 0.12675
0.98928 31.727 81.081 33.922 60.838 -1.1963 0.12867
0.98923 31.809 81.583 34.018 60.871 -1.3184 0.13278
0.98919 31.861 82.099 34.101 60.901 -1.4466 0.13871
0.98915 31.88 82.622 34.162 60.924 -1.5791 0.14605
0.98913 31.865 83.142 34.197 60.938 -1.7136 0.15436
0.98912 31.818 83.644 34.201 60.94 -1.8478 0.16321
0.98913 31.744 84.111 34.173 60.928 -1.9791 0.17217
0.98916 31.646 84.519 34.112 60.905 -2.105 0.18089
0.9892 31.534 84.843 34.022 60.87 -2.2231 0.18905
0.98926 31.414 85.06 33.908 60.828 -2.3314 0.19637
0.98934 31.294 85.146 33.775 60.781 -2.4281 0.20267
0.98942 31.183 85.083 33.633 60.734 -2.5119 0.20779
0.98951 31.086 84.86 33.489 60.691 -2.5822 0.21166
0.98961 31.009 84.474 33.352 60.654 -2.6388 0.21423
0.98969 30.955 83.929 33.229 60.628 -2.6822 0.21551
0.98977 30.926 83.242 33.128 60.613 -2.7136 0.21555
0.98984 30.922 82.437 33.054 60.613 -2.7345 0.21441
0.98988 30.94 81.545 33.01 60.625 -2.7469 0.21219
0.9899 30.975 80.605 32.999 60.65 -2.7531 0.20899
0.9899 31.023 79.661 33.019 60.686 -2.7558 0.20495
0.98986 31.078 78.758 33.07 60.731 -2.7575 0.20018
0.98979 31.133 77.939 33.147 60.78 -2.7605 0.19482
0.98968 31.181 77.244 33.246 60.831 -2.7671 0.18898
0.98954 31.219 76.707 33.362 60.881 -2.7791 0.18277
0.98937 31.241 76.353 33.489 60.925 -2.798 0.17628
0.98917 31.245 76.194 33.623 60.961 -2.8245 0.16958
0.98896 31.231 76.231 33.756 60.986 -2.8592 0.16272
0.98873 31.199 76.455 33.886 60.999 -2.9017 0.15572
0.98851 31.153 76.842 34.007 60.999 -2.9516 0.14859
0.98831 31.096 77.362 34.117 60.988 -3.0079 0.1413
0.98814 31.036 77.978 34.212 60.967 -3.0693 0.13384
0.988 30.977 78.65 34.291 60.937 -3.1343 0.12619
0.98791 30.927 79.339 34.352 60.903 -3.2014 0.11834
0.98788 30.892 80.009 34.394 60.867 -3.2689 0.11031
0.98789 30.875 80.633 34.415 60.831 -3.3356 0.10214
0.98796 30.882 81.19 34.415 60.799 -3.4001 0.093938
0.98808 30.914 81.668 34.393 60.773 -3.4613 0.085834
0.98823 30.971 82.067 34.348 60.752 -3.5185 0.078014
0.98842 31.051 82.392 34.281 60.737 -3.571 0.070696
0.98862 31.15 82.656 34.191 60.726 -3.6186 0.064128
0.98884 31.264 82.877 34.079 60.718 -3.661 0.058567
0.98904 31.386 83.074 33.947 60.711 -3.6984 0.05426
0.98924 31.509 83.267 33.796 60.703 -3.7307 0.051426
0.98942 31.625 83.471 33.63 60.691 -3.7583 0.050232
0.98957 31.73 83.699 33.452 60.674 -3.7812 0.050776
0.98968 31.816 83.955 33.267 60.653 -3.7998 0.053075
0.98977 31.88 84.237 33.079 60.628 -3.8144 0.057056
0.98982 31.919 84.536 32.893 60.599 -3.825 0.062555
0.98984 31.93 84.837 32.715 60.57 -3.8321 0.069326
0.98983 31.916 85.119 32.551 60.541 -3.8359 0.07705
0.98981 31.876 85.361 32.405 60.517 -3.8366 0.085359
0.98976 31.814 85.54 32.282 60.5 -3.8347 0.093858
0.98971 31.734 85.638 32.185 60.493 -3.8305 0.10215
0.98966 31.641 85.641 32.115 60.498 -3.8246 0.10986
0.98961 31.539 85.54 32.074 60.515 -3.8173 0.11666
0.98958 31.434 85.336 32.063 60.547 -3.8093 0.12229
0.98955 31.331 85.038 32.078 60.591 -3.8012 0.12655
0.98955 31.234 84.662 32.119 60.647 -3.7934 0.12933
0.98955 31.146 84.23 32.182 60.711 -3.7865 0.13061
0.98957 31.07 83.772 32.264 60.78 -3.7807 0.13041
0.9896 31.007 83.317 32.361 60.851 -3.7765 0.12881
0.98964 30.957 82.899 32.469 60.918 -3.7738 0.12595
0.98967 30.919 82.546 32.587 60.979 -3.7729 0.12196
0.98969 30.89 82.284 32.711 61.03 -3.7736 0.11699
0.98971 30.869 82.13 32.84 61.069 -3.7757 0.11117
0.9897 30.85 82.092 32.973 61.095 -3.7791 0.10461
0.98969 30.832 82.17 33.111 61.108 -3.7835 0.097393
0.98965 30.81 82.35 33.253 61.109 -3.7888 0.089586
0.98959 30.784 82.612 33.401 61.102 -3.7949 0.081245
0.98953 30.751 82.928 33.555 61.09 -3.8017 0.072428
0.98945 30.712 83.267 33.717 61.075 -3.8096 0.063217
0.98937 30.669 83.596 33.886 61.063 -3.8187 0.053728
0.98929 30.626 83.883 34.061 61.057 -3.8297 0.044134
0.98923 30.588 84.108 34.241 61.058 -3.8429 0.034674
0.98918 30.559 84.254 34.421 61.068 -3.859 0.025654
0.98915 30.546 84.319 34.599 61.088 -3.8787 0.017453
0.98915 30.555 84.311 34.768 61.115 -3.9025 0.0105
0.98918 30.59 84.248 34.924 61.149 -3.9309 0.0052606
0.98923 30.657 84.157 35.06 61.186 -3.9641 0.0022053
0.98931 30.757 84.068 35.171 61.222 -4.0019 0.0017729
0.98941 30.89 84.012 35.252 61.256 -4.0442 0.0043333
0.98952 31.053 84.015 35.301 61.283 -4.0903 0.010149
0.98963 31.243 84.099 35.316 61.304 -4.1391 0.01934
0.98974 31.452 84.273 35.298 61.318 -4.1893 0.031858
0.98984 31.674 84.537 35.251 61.325 -4.2394 0.047472
0.98992 31.9 84.881 35.181 61.327 -4.2874 0.065764
0.98997 32.122 85.285 35.094 61.326 -4.3313 0.086142
0.98999 32.331 85.723 35.001 61.326 -4.3693 0.10787
0.98998 32.521 86.166 34.913 61.33 -4.3992 0.13012
0.98993 32.688 86.584 34.839 61.338 -4.4194 0.15199
0.98984 32.827 86.952 34.792 61.354 -4.4283 0.17262
0.98972 32.939 87.248 34.781 61.377 -4.4249 0.19122
0.98957 33.023 87.458 34.813 61.406 -4.4086 0.20711
0.98939 33.082 87.577 34.894 61.44 -4.3793 0.21983
0.9892 33.121 87.605 35.028 61.475 -4.3376 0.22912
0.989 33.144 87.553 35.214 61.507 -4.2847 0.23498
0.9888 33.156 87.436 35.45 61.532 -4.2223 0.23763
0.98862 33.163 87.274 35.729 61.548 -4.1528 0.23755
0.98845 33.168 87.09 36.044 61.55 -4.0786 0.23537
0.9883 33.176 86.909 36.384 61.537 -4.003 0.23188
0.98819 33.19 86.751 36.739 61.509 -3.9289 0.22791
0.98811 33.212 86.636 37.098 61.466 -3.8594 0.2243
0.98807 33.242 86.574 37.448 61.412 -3.7976 0.22182
0.98806 33.283 86.571 37.78 61.351 -3.7459 0.22109
0.98809 33.332 86.626 38.086 61.286 -3.7065 0.22255
0.98814 33.389 86.728 38.357 61.222 -3.6808 0.22643
0.98822 33.452 86.862 38.589 61.165 -3.6696 0.23271
0.98831 33.521 87.01 38.78 61.117 -3.6729 0.24116
0.9884 33.592 87.151 38.929 61.082 -3.69 0.25134
0.98849 33.666 87.265 39.037 61.062 -3.7194 0.26266
0.98856 33.74 87.337 39.109 61.055 -3.7592 0.27441
0.98861 33.814 87.356 39.148 61.063 -3.8067 0.28581
0.98863 33.886 87.316 39.16 61.082 -3.8592 0.29612
0.98862 33.956 87.22 39.152 61.111 -3.9134 0.30464
0.98857 34.023 87.075 39.128 61.148 -3.9664 0.31078
0.98848 34.088 86.896 39.096 61.192 -4.0153 0.31409
0.98836 34.149 86.699 39.06 61.239 -4.0577 0.31429
0.98822 34.206 86.506 39.025 61.289 -4.0914 0.31124
0.98806 34.26 86.336 38.995 61.342 -4.1152 0.30502
0.9879 34.311 86.212 38.975 61.396 -4.1283 0.2958
0.98776 34.359 86.153 38.965 61.451 -4.1308 0.28392
0.98763 34.403 86.175 38.97 61.506 -4.1232 0.2698
0.98754 34.446 86.289 38.99 61.561 -4.1069 0.25392
0.98749 34.486 86.501 39.027 61.615 -4.0835 0.2368
0.98747 34.525 86.812 39.082 61.666 -4.0553 0.21897
0.98749 34.564 87.211 39.158 61.714 -4.0244 0.20095
0.98754 34.601 87.683 39.254 61.756 -3.9933 0.18323
0.9876 34.638 88.205 39.371 61.794 -3.964 0.16624
0.98766 34.674 88.748 39.511 61.825 -3.9384 0.15039
0.9877 34.71 89.28 39.673 61.851 -3.9179 0.13603
0.9877 34.743 89.768 39.856 61.872 -3.9035 0.12346
0.98766 34.774 90.181 40.059 61.891 -3.8954 0.11297
0.98756 34.8 90.494 40.278 61.908 -3.8936 0.10477
0.98742 34.822 90.693 40.51 61.925 -3.8973 0.099083
0.98723 34.839 90.771 40.749 61.944 -3.9054 0.096066
0.98701 34.848 90.736 40.989 61.966 -3.9164 0.095864
0.98679 34.851 90.605 41.221 61.99 -3.9288 0.098586
0.98659 34.847 90.406 41.439 62.016 -3.9409 0.1043
0.98643 34.838 90.174 41.633 62.044 -3.9514 0.11302
0.98635 34.825 89.944 41.796 62.07 -3.9589 0.12472
0.98636 34.809 89.748 41.922 62.095 -3.9626 0.13929
0.98647 34.795 89.613 42.007 62.116 -3.9621 0.15655
0.98667 34.784 89.551 42.048 62.133 -3.9573 0.17624
0.98696 34.78 89.562 42.048 62.144 -3.9486 0.19799
0.9873 34.786 89.63 42.012 62.149 -3.9367 0.22136
0.98766 34.805 89.726 41.946 62.151 -3.9228 0.2458
0.988 34.837 89.81 41.863 62.15 -3.9081 0.27069
0.98827 34.884 89.839 41.777 62.148 -3.8938 0.29534
0.98843 34.947 89.77 41.703 62.146 -3.8812 0.31902
0.98842 35.022 89.57 41.659 62.147 -3.8714 0.34094
0.98824 35.109 89.22 41.66 62.15 -3.8653 0.36035
0.98785 35.204 88.719 41.721 62.155 -3.8633 0.37653
0.98726 35.301 88.088 41.852 62.161 -3.8657 0.38881
0.98649 35.398 87.368 42.061 62.165 -3.8723 0.39665
0.98558 35.488 86.619 42.349 62.165 -3.8826 0.39964
0.98458 35.567 85.911 42.712 62.156 -3.896 0.39753
0.98354 35.631 85.319 43.141 62.135 -3.9115 0.39027
0.98255 35.677 84.914 43.62 62.099 -3.9281 0.378
0.98167 35.704 84.756 44.13 62.045 -3.9449 0.3611
0.98097 35.712 84.885 44.647 61.973 -3.9609 0.34011
0.98048 35.702 85.316 45.148 61.883 -3.9755 0.31579
0.98026 35.677 86.036 45.605 61.779 -3.9881 0.28904
0.9803 35.64 87.003 45.997 61.664 -3.9985 0.26088
0.9806 35.598 88.152 46.303 61.545 -4.0068 0.23241
0.98113 35.555 89.394 46.508 61.429 -4.0132 0.20472
0.98185 35.517 90.626 46.602 61.324 -4.0184 0.1789
0.98271 35.489 91.742 46.582 61.236 -4.023 0.15592
0.98365 35.474 92.64 46.453 61.171 -4.0278 0.13661
0.98461 35.476 93.231 46.224 61.133 -4.0339 0.12159
0.98553 35.497 93.451 45.912 61.126 -4.0421 0.11128
0.98637 35.535 93.264 45.536 61.148 -4.0532 0.10585
0.9871 35.59 92.666 45.118 61.197 -4.0677 0.10519
0.9877 35.657 91.688 44.683 61.269 -4.0862 0.10898
0.98816 35.734 90.391 44.253 61.356 -4.1088 0.11668
0.98849 35.813 88.863 43.849 61.452 -4.1356 0.12753
0.98869 35.89 87.206 43.488 61.549 -4.1661 0.14069
0.98879 35.96 85.533 43.182 61.639 -4.1999 0.15522
0.98881 36.017 83.95 42.938 61.717 -4.2364 0.17017
0.98877 36.057 82.554 42.757 61.778 -4.2746 0.18464
0.9887 36.077 81.419 42.637 61.818 -4.3138 0.19784
0.98861 36.077 80.595 42.569 61.837 -4.3528 0.20912
0.98851 36.057 80.105 42.543 61.836 -4.3908 0.21803
0.98842 36.018 79.941 42.545 61.817 -4.4269 0.22433
0.98834 35.964 80.075 42.562 61.786 -4.4604 0.22798
0.98827 35.899 80.456 42.578 61.748 -4.4906 0.22916
0.98821 35.828 81.024 42.583 61.708 -4.5172 0.22825
0.98816 35.757 81.711 42.566 61.671 -4.5397 0.22574
0.98812 35.691 82.449 42.521 61.643 -4.5583 0.22226
0.98809 35.634 83.181 42.444 61.628 -4.5731 0.21846
0.98807 35.591 83.854 42.336 61.627 -4.5845 0.21498
0.98806 35.564 84.434 42.199 61.643 -4.5929 0.21244
0.98806 35.554 84.898 42.04 61.674 -4.5991 0.2113
0.98807 35.563 85.237 41.867 61.718 -4.6039 0.21192
0.9881 35.588 85.455 41.689 61.772 -4.6083 0.21448
0.98814 35.626 85.565 41.515 61.832 -4.6134 0.21899
0.9882 35.675 85.589 41.355 61.894 -4.6201 0.22527
0.98827 35.731 85.551 41.215 61.954 -4.6296 0.23301
0.98836 35.788 85.48 41.101 62.007 -4.6426 0.24178
0.98844 35.843 85.399 41.018 62.05 -4.6601 0.25105
0.98852 35.891 85.334 40.965 62.082 -4.6828 0.26028
0.98858 35.931 85.302 40.942 62.101 -4.7109 0.26893
0.98863 35.958 85.318 40.944 62.109 -4.7446 0.27653
0.98865 35.973 85.39 40.966 62.104 -4.7838 0.28269
0.98864 35.975 85.522 41 62.091 -4.828 0.28718
0.98859 35.967 85.715 41.04 62.072 -4.8763 0.28989
0.98851 35.95 85.964 41.077 62.048 -4.9278 0.29085
0.9884 35.927 86.266 41.104 62.024 -4.9811 0.29027
0.98827 35.902 86.613 41.115 62.002 -5.0347 0.28843
0.98811 35.879 87 41.108 61.985 -5.0872 0.28571
0.98794 35.861 87.418 41.079 61.975 -5.1369 0.28255
0.98777 35.853 87.861 41.031 61.973 -5.1826 0.27934
0.98759 35.856 88.322 40.967 61.982 -5.2229 0.27647
0.98742 35.873 88.793 40.891 62.001 -5.257 0.27422
0.98726 35.903 89.265 40.813 62.031 -5.2843 0.27275
0.98712 35.947 89.729 40.742 62.071 -5.3046 0.2721
0.98699 36.002 90.174 40.687 62.121 -5.3181 0.27216
0.98688 36.067 90.589 40.659 62.18 -5.3254 0.27268
0.98679 36.137 90.964 40.668 62.246 -5.3273 0.27329
0.98671 36.209 91.288 40.721 62.316 -5.3251 0.27356
0.98665 36.281 91.554 40.824 62.39 -5.3199 0.27301
0.9866 36.347 91.758 40.98 62.463 -5.3132 0.27117
0.98657 36.407 91.899 41.189 62.535 -5.3061 0.26761
0.98655 36.457 91.98 41.447 62.601 -5.2997 0.26202
0.98655 36.498 92.008 41.747 62.66 -5.2949 0.25421
0.98657 36.53 91.995 42.079 62.71 -5.292 0.24419
0.98659 36.555 91.952 42.431 62.747 -5.2913 0.23211
0.98664 36.573 91.895 42.787 62.77 -5.2926 0.21832
0.98669 36.589 91.836 43.131 62.779 -5.2952 0.20334
0.98676 36.604 91.787 43.449 62.772 -5.2986 0.18782
0.98684 36.621 91.754 43.724 62.75 -5.3017 0.1725
0.98692 36.642 91.739 43.944 62.713 -5.3036 0.15817
0.987 36.67 91.737 44.098 62.663 -5.3033 0.14559
0.98709 36.703 91.736 44.18 62.599 -5.3 0.13547
0.98717 36.743 91.717 44.187 62.526 -5.2929 0.1284
0.98723 36.787 91.656 44.12 62.443 -5.2817 0.12481
0.98729 36.833 91.525 43.985 62.354 -5.2662 0.12492
0.98733 36.877 91.296 43.793 62.262 -5.2467 0.12877
0.98735 36.917 90.941 43.557 62.168 -5.2236 0.13618
0.98735 36.95 90.438 43.293 62.076 -5.1975 0.14679
0.98733 36.97 89.773 43.02 61.988 -5.1693 0.1601
0.9873 36.978 88.944 42.757 61.908 -5.14 0.17546
0.98726 36.97 87.96 42.52 61.839 -5.1104 0.19218
0.98722 36.946 86.846 42.327 61.783 -5.0815 0.20956
0.98717 36.908 85.639 42.192 61.743 -5.054 0.22693
0.98711 36.857 84.388 42.126 61.721 -5.0285 0.24371
0.98706 36.797 83.15 42.133 61.717 -5.0053 0.25942
0.98702 36.734 81.99 42.216 61.733 -4.9845 0.27374
0.98698 36.671 80.97 42.372 61.766 -4.966 0.28645
0.98694 36.616 80.152 42.594 61.816 -4.9493 0.29751
0.98691 36.573 79.584 42.87 61.878 -4.9341 0.30696
0.98688 36.548 79.304 43.188 61.95 -4.9194 0.31492
0.98686 36.546 79.332 43.531 62.026 -4.9045 0.32159
0.98684 36.568 79.67 43.883 62.102 -4.8885 0.32714
0.98683 36.617 80.301 44.227 62.173 -4.8707 0.33174
0.98682 36.69 81.186 44.548 62.237 -4.8502 0.3355
0.98681 36.787 82.272 44.833 62.288 -4.8264 0.33846
0.9868 36.901 83.494 45.072 62.327 -4.799 0.34059
0.98679 37.028 84.776 45.259 62.351 -4.7678 0.34182
0.98678 37.16 86.043 45.389 62.362 -4.7326 0.34199
0.98677 37.291 87.22 45.465 62.361 -4.694 0.34096
0.98674 37.411 88.244 45.49 62.349 -4.6524 0.33857
0.98671 37.516 89.063 45.471 62.331 -4.6084 0.33473
0.98666 37.599 89.643 45.417 62.31 -4.563 0.32939
0.98659 37.657 89.97 45.339 62.288 -4.5172 0.32262
0.9865 37.688 90.048 45.247 62.268 -4.4718 0.31457
0.9864 37.693 89.901 45.154 62.253 -4.4278 0.30548
0.98627 37.673 89.568 45.068 62.243 -4.386 0.29569
0.98613 37.635 89.102 45 62.239 -4.3469 0.28557
0.98597 37.582 88.56 44.958 62.24 -4.3107 0.27553
0.9858 37.522 88.004 44.946 62.245 -4.2774 0.26595
0.98563 37.462 87.49 44.969 62.253 -4.2467 0.25715
0.98546 37.409 87.068 45.029 62.263 -4.2178 0.24937
0.98528 37.368 86.776 45.128 62.273 -4.19 0.2427
0.98511 37.343 86.635 45.265 62.284 -4.1622 0.2371
0.98495 37.338 86.654 45.438 62.294 -4.1334 0.23242
0.98479 37.354 86.826 45.646 62.304 -4.1024 0.22835
0.98463 37.391 87.129 45.887 62.314 -4.0684 0.22449
0.98448 37.445 87.534 46.156 62.325 -4.0309 0.22038
0.98433 37.515 88.005 46.451 62.338 -3.9898 0.21552
0.98419 37.594 88.506 46.766 62.353 -3.9452 0.20947
0.98406 37.68 89.002 47.097 62.369 -3.8981 0.20184
0.98394 37.768 89.468 47.437 62.387 -3.8495 0.19234
0.98385 37.854 89.884 47.777 62.405 -3.8011 0.18086
0.98379 37.935 90.243 48.11 62.424 -3.7548 0.16741
0.98376 38.011 90.545 48.425 62.441 -3.7128 0.15221
0.98378 38.082 90.8 48.711 62.456 -3.6771 0.13558
0.98384 38.148 91.02 48.958 62.469 -3.6498 0.11803
0.98395 38.212 91.219 49.155 62.479 -3.6325 0.10013
0.98411 38.276 91.408 49.294 62.487 -3.6263 0.08254
0.98433 38.343 91.594 49.368 62.494 -3.6319 0.065905
0.9846 38.414 91.773 49.372 62.501 -3.6492 0.050857
0.98491 38.491 91.936 49.305 62.51 -3.6774 0.037947
0.98525 38.574 92.066 49.172 62.521 -3.715 0.02761
0.98563 38.661 92.14 48.98 62.536 -3.7598 0.020135
0.986 38.749 92.136 48.74 62.556 -3.8091 0.015644
0.98637 38.835 92.032 48.466 62.58 -3.8596 0.014079
0.98671 38.915 91.815 48.177 62.608 -3.9078 0.015197
