//co2 data for Study 25 _2
steady: none
chosen_param: SaO2sup, Pa_CO2, P_a, Vmca_d, TOI_d, HbT_d, CCO_d
time_step: 1.0
******
0.98362 38.283 81.132 57.801 65.376 -0.0022172 3.1479e-05
0.98423 38.001 81.883 57.843 65.652 0.14453 -0.032127
0.98481 37.735 82.602 57.874 65.923 0.28785 -0.063422
0.98534 37.499 83.27 57.881 66.183 0.42394 -0.092861
0.98579 37.306 83.871 57.853 66.427 0.54933 -0.11954
0.98614 37.164 84.388 57.779 66.653 0.66106 -0.14268
0.9864 37.08 84.808 57.653 66.857 0.75687 -0.1617
0.98656 37.056 85.119 57.473 67.037 0.83523 -0.17622
0.98665 37.09 85.316 57.239 67.191 0.89545 -0.18609
0.98668 37.177 85.394 56.954 67.319 0.93767 -0.19139
0.98667 37.307 85.358 56.626 67.42 0.96278 -0.19244
0.98665 37.47 85.216 56.266 67.494 0.97239 -0.18975
0.98663 37.653 84.982 55.886 67.542 0.96864 -0.18399
0.98664 37.843 84.674 55.498 67.565 0.95413 -0.17595
0.98668 38.025 84.317 55.117 67.566 0.93167 -0.16653
0.98676 38.188 83.935 54.756 67.545 0.90419 -0.15658
0.98687 38.322 83.553 54.425 67.507 0.87451 -0.14697
0.98702 38.42 83.197 54.135 67.454 0.84525 -0.13845
0.98718 38.477 82.887 53.892 67.39 0.81865 -0.13163
0.98735 38.492 82.642 53.7 67.319 0.79651 -0.12697
0.98751 38.466 82.472 53.56 67.243 0.7801 -0.12471
0.98765 38.403 82.388 53.469 67.167 0.77014 -0.12491
0.98777 38.309 82.39 53.424 67.093 0.76677 -0.1274
0.98785 38.189 82.48 53.418 67.024 0.76962 -0.13184
0.98789 38.053 82.651 53.445 66.962 0.77786 -0.13773
0.9879 37.906 82.897 53.497 66.908 0.79024 -0.14444
0.98788 37.755 83.206 53.566 66.862 0.80527 -0.15129
0.98782 37.607 83.566 53.645 66.826 0.82125 -0.15758
0.98775 37.465 83.962 53.73 66.799 0.83646 -0.16267
0.98767 37.332 84.377 53.816 66.781 0.84926 -0.16599
0.98759 37.21 84.795 53.9 66.773 0.8582 -0.16714
0.98751 37.098 85.197 53.982 66.774 0.86214 -0.16589
0.98746 36.997 85.565 54.061 66.784 0.86032 -0.16222
0.98742 36.904 85.883 54.139 66.804 0.85243 -0.15632
0.98741 36.819 86.134 54.215 66.833 0.83863 -0.14857
0.98743 36.739 86.307 54.292 66.871 0.81957 -0.13955
0.98747 36.664 86.39 54.369 66.919 0.79632 -0.12993
0.98753 36.593 86.38 54.446 66.974 0.77033 -0.1205
0.98761 36.524 86.274 54.52 67.037 0.74332 -0.11202
0.9877 36.458 86.075 54.591 67.104 0.71718 -0.10524
0.98779 36.397 85.792 54.653 67.175 0.69383 -0.10074
0.98787 36.341 85.436 54.701 67.247 0.67508 -0.098975
0.98794 36.292 85.023 54.732 67.317 0.66251 -0.10014
0.98799 36.252 84.575 54.739 67.383 0.65738 -0.10422
0.98802 36.224 84.112 54.719 67.444 0.6605 -0.11091
0.98803 36.209 83.658 54.666 67.497 0.67225 -0.11972
0.98801 36.209 83.238 54.579 67.543 0.69251 -0.12992
0.98797 36.223 82.873 54.455 67.58 0.72073 -0.14067
0.98792 36.252 82.583 54.294 67.609 0.75598 -0.15104
0.98785 36.293 82.384 54.098 67.632 0.79706 -0.16013
0.98778 36.345 82.286 53.871 67.648 0.84263 -0.16711
0.98771 36.403 82.294 53.617 67.66 0.89132 -0.17133
0.98764 36.464 82.404 53.34 67.667 0.94188 -0.17236
0.98758 36.522 82.608 53.049 67.67 0.99331 -0.17006
0.98752 36.574 82.89 52.749 67.67 1.0449 -0.16456
0.98748 36.614 83.23 52.449 67.664 1.0964 -0.1563
0.98744 36.64 83.603 52.155 67.651 1.1478 -0.14599
0.98741 36.649 83.983 51.873 67.63 1.1995 -0.13454
0.98737 36.64 84.344 51.612 67.599 1.2523 -0.12298
0.98734 36.613 84.661 51.375 67.554 1.3069 -0.11242
0.9873 36.568 84.916 51.169 67.495 1.3643 -0.10388
0.98726 36.509 85.095 50.996 67.421 1.4253 -0.098277
0.98721 36.438 85.193 50.86 67.331 1.4903 -0.096278
0.98714 36.362 85.211 50.763 67.228 1.5594 -0.098268
0.98707 36.283 85.158 50.705 67.113 1.6325 -0.1043
0.98699 36.207 85.051 50.687 66.991 1.7087 -0.11407
0.98691 36.139 84.909 50.708 66.865 1.7867 -0.12697
0.98684 36.082 84.757 50.766 66.742 1.8648 -0.14207
0.98677 36.042 84.616 50.858 66.626 1.9411 -0.15826
0.98671 36.019 84.51 50.98 66.524 2.0135 -0.17427
0.98667 36.015 84.454 51.129 66.44 2.0797 -0.18885
0.98665 36.032 84.458 51.3 66.377 2.1379 -0.20078
0.98666 36.068 84.526 51.488 66.339 2.1864 -0.20905
0.98669 36.121 84.65 51.69 66.328 2.2241 -0.21291
0.98675 36.19 84.82 51.899 66.343 2.2505 -0.21194
0.98683 36.271 85.014 52.113 66.382 2.2658 -0.20607
0.98694 36.362 85.21 52.329 66.442 2.2706 -0.1956
0.98706 36.46 85.38 52.545 66.521 2.2663 -0.18118
0.98719 36.562 85.5 52.758 66.613 2.2545 -0.16375
0.98733 36.666 85.548 52.97 66.713 2.2374 -0.14447
0.98747 36.771 85.508 53.181 66.816 2.2171 -0.12461
0.9876 36.877 85.372 53.393 66.918 2.1955 -0.10548
0.98773 36.982 85.143 53.609 67.013 2.1747 -0.088286
0.98784 37.089 84.834 53.833 67.1 2.156 -0.074096
0.98793 37.197 84.468 54.069 67.174 2.1405 -0.063715
0.98801 37.308 84.076 54.32 67.235 2.1285 -0.057656
0.98806 37.421 83.696 54.592 67.28 2.1199 -0.056101
0.98809 37.537 83.369 54.886 67.309 2.1142 -0.058903
0.9881 37.656 83.134 55.207 67.324 2.1103 -0.065612
0.98809 37.776 83.025 55.556 67.323 2.1069 -0.07552
0.98806 37.894 83.068 55.932 67.31 2.1027 -0.087727
0.98802 38.01 83.275 56.334 67.287 2.0962 -0.10122
0.98798 38.12 83.647 56.759 67.257 2.0861 -0.11496
0.98794 38.22 84.166 57.199 67.225 2.0715 -0.12795
0.98791 38.309 84.804 57.647 67.195 2.0519 -0.13933
0.98789 38.383 85.518 58.093 67.174 2.027 -0.14842
0.98789 38.439 86.257 58.524 67.167 1.9969 -0.15476
0.9879 38.475 86.965 58.926 67.179 1.9625 -0.15817
0.98793 38.489 87.586 59.283 67.214 1.9244 -0.15868
0.98797 38.479 88.07 59.58 67.275 1.8838 -0.15659
0.98802 38.443 88.374 59.8 67.363 1.8419 -0.15238
0.98808 38.381 88.471 59.929 67.476 1.7999 -0.14668
0.98813 38.29 88.345 59.952 67.609 1.7589 -0.14021
0.98818 38.171 88 59.861 67.755 1.7197 -0.13374
0.98821 38.025 87.453 59.648 67.905 1.6829 -0.12798
0.98822 37.852 86.736 59.313 68.047 1.6488 -0.12358
0.98822 37.655 85.89 58.859 68.171 1.6174 -0.12104
0.98819 37.437 84.965 58.295 68.265 1.5883 -0.1207
0.98814 37.203 84.013 57.638 68.32 1.5612 -0.12272
0.98807 36.958 83.084 56.908 68.328 1.5351 -0.12705
0.98798 36.708 82.223 56.131 68.285 1.5095 -0.13348
0.98787 36.46 81.467 55.337 68.19 1.4833 -0.14163
0.98775 36.221 80.841 54.56 68.046 1.4558 -0.15099
0.98762 35.997 80.358 53.833 67.861 1.4264 -0.16096
0.98748 35.794 80.022 53.188 67.645 1.3944 -0.17088
0.98734 35.618 79.823 52.657 67.412 1.3595 -0.1801
0.98721 35.471 79.744 52.265 67.175 1.3216 -0.18799
0.98709 35.356 79.765 52.032 66.951 1.2806 -0.19402
0.98698 35.274 79.86 51.969 66.756 1.2368 -0.19772
0.9869 35.224 80.007 52.081 66.601 1.1905 -0.19879
0.98684 35.203 80.187 52.361 66.5 1.1423 -0.19706
0.98681 35.208 80.386 52.795 66.458 1.0928 -0.19249
0.98682 35.232 80.599 53.357 66.479 1.0425 -0.18521
0.98686 35.27 80.826 54.016 66.564 0.99216 -0.17549
0.98693 35.316 81.076 54.734 66.706 0.94241 -0.16371
0.98704 35.362 81.36 55.468 66.898 0.89386 -0.15036
0.98716 35.402 81.694 56.172 67.127 0.84707 -0.13602
0.98731 35.431 82.093 56.801 67.379 0.80251 -0.1213
0.98746 35.444 82.568 57.314 67.638 0.76059 -0.10684
0.9876 35.438 83.127 57.671 67.888 0.7216 -0.093288
0.98774 35.413 83.771 57.845 68.114 0.68574 -0.081237
0.98785 35.371 84.49 57.813 68.3 0.65312 -0.071224
0.98794 35.316 85.27 57.566 68.436 0.62372 -0.063697
0.988 35.256 86.084 57.106 68.513 0.59745 -0.058994
0.98802 35.199 86.9 56.446 68.525 0.57412 -0.057324
0.98801 35.157 87.682 55.612 68.472 0.55344 -0.058754
0.98798 35.142 88.387 54.64 68.355 0.53507 -0.063208
0.98791 35.168 88.976 53.577 68.182 0.51863 -0.070459
0.98783 35.247 89.412 52.475 67.962 0.5037 -0.080142
0.98774 35.388 89.663 51.391 67.706 0.48989 -0.091767
0.98764 35.6 89.708 50.385 67.429 0.47685 -0.10474
0.98754 35.885 89.537 49.516 67.143 0.46433 -0.11838
0.98745 36.241 89.15 48.836 66.866 0.45219 -0.13197
0.98737 36.663 88.564 48.393 66.609 0.44047 -0.14478
0.98731 37.136 87.805 48.222 66.387 0.42939 -0.15612
0.98726 37.643 86.912 48.347 66.209 0.41939 -0.16535
0.98722 38.161 85.931 48.778 66.086 0.41111 -0.17194
0.9872 38.665 84.914 49.507 66.022 0.40537 -0.17552
0.98719 39.126 83.916 50.514 66.023 0.40317 -0.17584
0.98718 39.518 82.991 51.761 66.088 0.40558 -0.17286
0.98718 39.816 82.186 53.198 66.216 0.41365 -0.16673
0.98717 39.999 81.541 54.764 66.401 0.42836 -0.15775
0.98716 40.053 81.086 56.387 66.636 0.45046 -0.14642
0.98715 39.97 80.835 57.992 66.911 0.48041 -0.13337
0.98712 39.751 80.789 59.504 67.214 0.51822 -0.11932
0.9871 39.403 80.934 60.847 67.531 0.56342 -0.10507
0.98706 38.943 81.243 61.955 67.848 0.61496 -0.091433
0.98703 38.393 81.676 62.772 68.151 0.67127 -0.0792
0.987 37.778 82.187 63.254 68.426 0.73024 -0.069077
0.98698 37.129 82.726 63.373 68.658 0.78932 -0.061658
0.98696 36.473 83.242 63.12 68.838 0.84569 -0.057388
0.98696 35.838 83.691 62.502 68.957 0.89638 -0.056538
0.98697 35.248 84.038 61.544 69.01 0.93855 -0.059197
0.98701 34.721 84.261 60.285 68.993 0.96963 -0.065266
0.98706 34.27 84.353 58.779 68.908 0.98758 -0.074472
0.98713 33.901 84.32 57.09 68.759 0.9911 -0.086386
0.98722 33.615 84.18 55.286 68.551 0.97971 -0.10045
0.98733 33.407 83.961 53.441 68.294 0.95392 -0.11603
0.98746 33.27 83.697 51.625 67.999 0.91519 -0.13242
0.98761 33.192 83.421 49.904 67.676 0.86587 -0.14891
0.98776 33.162 83.164 48.336 67.338 0.80911 -0.16481
0.98791 33.166 82.948 46.967 66.998 0.74859 -0.17949
0.98806 33.193 82.787 45.832 66.667 0.68831 -0.19242
0.98819 33.234 82.684 44.951 66.357 0.63228 -0.20314
0.98829 33.279 82.637 44.332 66.075 0.58421 -0.21135
0.98838 33.323 82.633 43.969 65.831 0.54721 -0.21685
0.98842 33.363 82.659 43.843 65.63 0.52359 -0.21958
0.98843 33.398 82.701 43.927 65.476 0.51462 -0.21957
0.98841 33.428 82.748 44.186 65.373 0.52049 -0.217
0.98835 33.456 82.794 44.579 65.321 0.54024 -0.21211
0.98827 33.483 82.839 45.064 65.319 0.57189 -0.20521
0.98816 33.515 82.89 45.598 65.364 0.61256 -0.19671
0.98804 33.553 82.955 46.139 65.452 0.65877 -0.18702
0.9879 33.602 83.048 46.652 65.578 0.70666 -0.17658
0.98777 33.661 83.179 47.107 65.734 0.75237 -0.16588
0.98765 33.732 83.355 47.479 65.911 0.79232 -0.15536
0.98754 33.813 83.577 47.754 66.1 0.82352 -0.14548
0.98745 33.903 83.839 47.921 66.288 0.8438 -0.13666
0.98738 33.998 84.126 47.982 66.466 0.852 -0.12928
0.98734 34.093 84.417 47.941 66.621 0.84801 -0.12371
0.98731 34.183 84.685 47.811 66.743 0.83282 -0.12023
0.98731 34.264 84.901 47.609 66.823 0.80839 -0.11906
0.98732 34.331 85.034 47.355 66.855 0.77751 -0.12036
0.98734 34.381 85.059 47.07 66.836 0.74355 -0.1242
0.98737 34.41 84.952 46.778 66.765 0.71021 -0.13055
0.9874 34.417 84.704 46.499 66.645 0.68118 -0.13929
0.98743 34.403 84.311 46.253 66.484 0.65992 -0.1502
0.98746 34.369 83.783 46.055 66.292 0.64935 -0.16295
0.98749 34.318 83.141 45.917 66.081 0.65167 -0.17712
0.9875 34.254 82.418 45.847 65.866 0.66817 -0.1922
0.98751 34.181 81.654 45.845 65.66 0.69921 -0.20764
0.9875 34.105 80.894 45.909 65.478 0.74413 -0.22281
0.98749 34.03 80.187 46.033 65.331 0.80139 -0.23709
0.98747 33.96 79.58 46.204 65.228 0.86866 -0.24986
0.98744 33.899 79.113 46.409 65.175 0.943 -0.26057
0.98741 33.849 78.818 46.632 65.173 1.0211 -0.26871
0.98737 33.811 78.717 46.856 65.219 1.0995 -0.27392
0.98733 33.784 78.817 47.064 65.309 1.1747 -0.27594
0.98729 33.766 79.112 47.243 65.432 1.2438 -0.27469
0.98725 33.756 79.582 47.377 65.577 1.3039 -0.27023
0.98721 33.75 80.197 47.458 65.731 1.3532 -0.26278
0.98717 33.744 80.917 47.479 65.881 1.3903 -0.25273
0.98713 33.736 81.698 47.438 66.017 1.4147 -0.24057
0.98709 33.722 82.496 47.334 66.126 1.4266 -0.22693
0.98705 33.701 83.267 47.172 66.201 1.4268 -0.21246
0.98702 33.671 83.974 46.959 66.238 1.4169 -0.19786
0.98698 33.632 84.588 46.705 66.234 1.3986 -0.1838
0.98695 33.585 85.089 46.42 66.191 1.3743 -0.17092
0.98692 33.532 85.466 46.118 66.113 1.3463 -0.15972
0.9869 33.476 85.719 45.809 66.005 1.3169 -0.15062
0.98689 33.418 85.855 45.507 65.875 1.2882 -0.14387
0.98689 33.361 85.89 45.221 65.733 1.262 -0.13957
0.9869 33.309 85.841 44.962 65.584 1.2399 -0.13767
0.98693 33.263 85.73 44.736 65.439 1.2227 -0.13799
0.98698 33.225 85.58 44.55 65.303 1.2111 -0.14021
0.98704 33.196 85.408 44.407 65.181 1.205 -0.14394
0.9871 33.174 85.233 44.309 65.077 1.204 -0.14871
0.98718 33.16 85.064 44.255 64.992 1.2071 -0.15403
0.98727 33.152 84.909 44.245 64.927 1.2133 -0.15942
0.98735 33.147 84.769 44.274 64.881 1.221 -0.16446
0.98744 33.144 84.641 44.339 64.852 1.2287 -0.16876
0.98752 33.14 84.519 44.434 64.838 1.235 -0.17207
0.9876 33.132 84.396 44.556 64.837 1.2383 -0.1742
0.98767 33.118 84.266 44.696 64.846 1.2373 -0.1751
0.98774 33.098 84.124 44.85 64.864 1.2312 -0.17482
0.98779 33.069 83.969 45.012 64.889 1.2191 -0.17351
0.98784 33.033 83.802 45.175 64.921 1.2009 -0.17141
0.98789 32.989 83.628 45.334 64.957 1.1767 -0.16883
0.98793 32.939 83.457 45.483 64.997 1.1469 -0.16614
0.98797 32.885 83.296 45.617 65.041 1.1123 -0.16372
0.98801 32.828 83.155 45.733 65.085 1.0741 -0.16196
0.98804 32.772 83.043 45.825 65.13 1.0335 -0.16125
0.98807 32.719 82.967 45.892 65.173 0.99196 -0.16191
0.98809 32.671 82.931 45.93 65.213 0.95079 -0.16421
0.98811 32.632 82.938 45.937 65.249 0.91127 -0.16838
0.98812 32.604 82.986 45.913 65.281 0.87446 -0.17451
0.98811 32.589 83.073 45.858 65.307 0.84114 -0.18264
0.98808 32.588 83.195 45.774 65.327 0.81172 -0.19269
0.98804 32.603 83.344 45.661 65.341 0.78628 -0.20449
0.98798 32.634 83.515 45.523 65.351 0.76449 -0.21777
0.9879 32.68 83.698 45.365 65.355 0.74568 -0.23218
0.98781 32.741 83.886 45.192 65.354 0.7289 -0.2473
0.98771 32.814 84.071 45.01 65.349 0.71299 -0.26267
0.98761 32.898 84.246 44.827 65.339 0.69671 -0.27778
0.98751 32.989 84.404 44.651 65.324 0.67881 -0.29214
0.98742 33.084 84.542 44.491 65.304 0.65817 -0.30527
0.98735 33.18 84.655 44.359 65.279 0.63394 -0.31674
0.98729 33.276 84.745 44.263 65.249 0.60557 -0.32621
0.98725 33.368 84.814 44.216 65.216 0.57295 -0.3334
0.98724 33.454 84.865 44.227 65.18 0.53638 -0.33818
0.98724 33.536 84.908 44.306 65.145 0.49662 -0.34054
0.98726 33.611 84.953 44.461 65.113 0.45485 -0.34057
0.98728 33.682 85.01 44.699 65.09 0.41256 -0.33851
0.98731 33.749 85.093 45.023 65.079 0.37155 -0.3347
0.98733 33.813 85.215 45.434 65.084 0.33369 -0.32957
0.98733 33.878 85.388 45.931 65.11 0.3009 -0.3236
0.98731 33.943 85.621 46.507 65.159 0.27494 -0.31731
0.98727 34.01 85.922 47.151 65.234 0.2573 -0.3112
0.9872 34.081 86.295 47.851 65.334 0.24913 -0.30574
0.98711 34.155 86.738 48.587 65.459 0.25112 -0.30132
0.98699 34.233 87.244 49.34 65.604 0.26343 -0.29823
0.98687 34.312 87.801 50.084 65.764 0.28573 -0.29663
0.98673 34.392 88.392 50.794 65.935 0.3172 -0.29654
0.98661 34.471 88.994 51.445 66.107 0.35656 -0.29783
0.9865 34.545 89.579 52.009 66.274 0.4022 -0.30026
0.98643 34.611 90.115 52.464 66.429 0.45228 -0.30345
0.98639 34.665 90.568 52.789 66.565 0.50481 -0.30694
0.98639 34.704 90.903 52.968 66.678 0.55783 -0.3102
0.98644 34.725 91.086 52.992 66.764 0.60948 -0.31268
0.98654 34.723 91.088 52.858 66.823 0.6581 -0.31383
0.98667 34.697 90.886 52.572 66.855 0.70232 -0.31317
0.98682 34.646 90.466 52.147 66.863 0.74106 -0.31029
0.987 34.57 89.828 51.605 66.85 0.77358 -0.30489
0.98718 34.471 88.981 50.976 66.82 0.79943 -0.29683
0.98735 34.355 87.95 50.293 66.777 0.81841 -0.28609
0.9875 34.226 86.77 49.599 66.728 0.83051 -0.27281
0.98761 34.093 85.49 48.937 66.677 0.83585 -0.2573
0.98768 33.967 84.165 48.349 66.628 0.83459 -0.23999
0.9877 33.857 82.853 47.88 66.585 0.8269 -0.22142
0.98767 33.775 81.616 47.565 66.551 0.81289 -0.20224
0.98759 33.731 80.509 47.434 66.531 0.79262 -0.18314
0.98746 33.734 79.583 47.509 66.526 0.76612 -0.16486
0.98729 33.791 78.878 47.799 66.54 0.73339 -0.14809
0.98709 33.905 78.423 48.3 66.572 0.69446 -0.1335
0.98688 34.075 78.233 48.994 66.625 0.64949 -0.1217
0.98667 34.298 78.31 49.853 66.698 0.59879 -0.11316
0.98647 34.565 78.642 50.835 66.788 0.54291 -0.10823
0.98631 34.862 79.206 51.887 66.894 0.48266 -0.10712
0.98618 35.174 79.965 52.949 67.008 0.41913 -0.10989
0.9861 35.479 80.875 53.959 67.125 0.35363 -0.11641
0.98608 35.755 81.882 54.852 67.237 0.28771 -0.1264
0.98611 35.977 82.93 55.565 67.333 0.223 -0.13944
0.9862 36.121 83.958 56.044 67.403 0.16111 -0.15496
0.98634 36.162 84.908 56.244 67.438 0.10355 -0.17229
0.98652 36.081 85.724 56.134 67.429 0.051521 -0.19067
0.98673 35.861 86.358 55.695 67.367 0.0058559 -0.20931
0.98696 35.49 86.769 54.926 67.247 -0.03309 -0.22739
0.9872 34.963 86.93 53.842 67.069 -0.065491 -0.24417
0.98743 34.284 86.825 52.472 66.833 -0.092046 -0.25893
0.98765 33.464 86.454 50.859 66.543 -0.11393 -0.2711
0.98785 32.522 85.829 49.055 66.208 -0.13268 -0.28025
0.98802 31.484 84.976 47.122 65.836 -0.15007 -0.28613
0.98817 30.38 83.931 45.123 65.441 -0.16788 -0.28868
0.98828 29.245 82.739 43.121 65.034 -0.18774 -0.28805
0.98837 28.116 81.449 41.179 64.628 -0.21092 -0.28458
0.98845 27.028 80.111 39.35 64.235 -0.23814 -0.27878
0.98851 26.015 78.776 37.68 63.865 -0.26946 -0.27135
0.98857 25.103 77.486 36.204 63.528 -0.30424 -0.26307
0.98862 24.317 76.278 34.945 63.23 -0.34107 -0.25481
0.98867 23.67 75.182 33.915 62.975 -0.37791 -0.24744
0.98873 23.171 74.215 33.114 62.765 -0.41224 -0.24179
0.98879 22.819 73.387 32.535 62.601 -0.44123 -0.23858
0.98885 22.608 72.7 32.161 62.482 -0.46205 -0.2384
0.9889 22.526 72.149 31.968 62.406 -0.4721 -0.24164
0.98895 22.555 71.722 31.93 62.371 -0.46934 -0.24845
0.98898 22.675 71.405 32.018 62.374 -0.4525 -0.25877
0.98899 22.864 71.182 32.204 62.412 -0.42125 -0.2723
0.98899 23.101 71.037 32.462 62.482 -0.3764 -0.28851
0.98896 23.364 70.955 32.767 62.581 -0.31983 -0.30671
0.98891 23.636 70.925 33.097 62.705 -0.2545 -0.32605
0.98884 23.903 70.939 33.436 62.85 -0.18424 -0.34563
0.98876 24.153 70.993 33.77 63.013 -0.11355 -0.36451
0.98868 24.38 71.086 34.088 63.189 -0.047249 -0.38183
0.98859 24.581 71.222 34.383 63.372 0.0097901 -0.39681
0.98851 24.755 71.408 34.649 63.559 0.053052 -0.40885
0.98844 24.904 71.653 34.883 63.743 0.078678 -0.41756
0.98838 25.033 71.965 35.082 63.919 0.08375 -0.42277
0.98835 25.146 72.355 35.246 64.083 0.066509 -0.42455
0.98833 25.249 72.829 35.373 64.23 0.026481 -0.42319
0.98833 25.348 73.392 35.465 64.357 -0.035491 -0.41916
0.98833 25.446 74.044 35.521 64.463 -0.1173 -0.41311
0.98835 25.548 74.781 35.546 64.546 -0.21572 -0.40579
0.98836 25.658 75.591 35.541 64.608 -0.32663 -0.39796
0.98837 25.775 76.461 35.512 64.651 -0.44527 -0.3904
0.98837 25.903 77.372 35.464 64.677 -0.56652 -0.38381
0.98836 26.04 78.301 35.405 64.691 -0.68524 -0.37877
0.98834 26.185 79.227 35.342 64.696 -0.79652 -0.37569
0.9883 26.338 80.125 35.282 64.696 -0.89591 -0.37484
0.98824 26.496 80.977 35.236 64.694 -0.97964 -0.37628
0.98818 26.656 81.764 35.209 64.693 -1.0447 -0.37992
0.98812 26.817 82.474 35.209 64.694 -1.0891 -0.38549
0.98806 26.973 83.102 35.239 64.698 -1.1114 -0.39264
0.98801 27.123 83.644 35.303 64.706 -1.1113 -0.4009
0.98798 27.262 84.104 35.399 64.716 -1.0891 -0.40978
0.98796 27.388 84.489 35.525 64.727 -1.0459 -0.41877
0.98797 27.498 84.811 35.675 64.736 -0.98294 -0.4274
0.988 27.588 85.081 35.841 64.742 -0.90231 -0.43526
0.98806 27.655 85.313 36.013 64.741 -0.80617 -0.44202
0.98813 27.698 85.52 36.18 64.732 -0.69694 -0.44742
0.98822 27.714 85.712 36.33 64.713 -0.57722 -0.45131
0.98833 27.701 85.899 36.451 64.682 -0.44966 -0.45361
0.98844 27.657 86.085 36.535 64.639 -0.31703 -0.45433
0.98855 27.58 86.274 36.572 64.582 -0.18213 -0.45354
0.98867 27.47 86.466 36.556 64.513 -0.04777 -0.45134
0.98878 27.325 86.659 36.484 64.432 0.083204 -0.44787
0.98888 27.147 86.85 36.357 64.341 0.20799 -0.4433
0.98897 26.935 87.036 36.176 64.241 0.32386 -0.43781
0.98905 26.693 87.216 35.948 64.135 0.42822 -0.43159
0.98912 26.423 87.39 35.679 64.024 0.51869 -0.42482
0.98918 26.13 87.56 35.381 63.913 0.59319 -0.41771
0.98921 25.82 87.728 35.062 63.802 0.65002 -0.41047
0.98924 25.501 87.9 34.736 63.694 0.68796 -0.40332
0.98924 25.181 88.083 34.411 63.592 0.70633 -0.39647
0.98921 24.869 88.285 34.1 63.496 0.70505 -0.39017
0.98917 24.575 88.513 33.81 63.408 0.6847 -0.38463
0.9891 24.307 88.772 33.549 63.329 0.64648 -0.38008
0.98901 24.075 89.067 33.322 63.259 0.59221 -0.37673
0.9889 23.886 89.4 33.132 63.197 0.52425 -0.37473
0.98878 23.744 89.768 32.982 63.142 0.44543 -0.37422
0.98864 23.654 90.167 32.872 63.096 0.35895 -0.37529
0.98851 23.617 90.585 32.799 63.056 0.26821 -0.37796
0.98838 23.63 91.01 32.763 63.023 0.1767 -0.38221
0.98827 23.69 91.422 32.76 62.996 0.087846 -0.38795
0.98818 23.792 91.801 32.786 62.977 0.0048663 -0.39507
0.98811 23.927 92.124 32.837 62.965 -0.06934 -0.40338
0.98809 24.087 92.368 32.91 62.962 -0.13231 -0.41271
0.9881 24.262 92.514 33.001 62.969 -0.18212 -0.42283
0.98816 24.441 92.544 33.106 62.986 -0.21741 -0.43354
0.98825 24.616 92.448 33.22 63.015 -0.23745 -0.44462
0.98837 24.777 92.222 33.341 63.053 -0.24216 -0.45588
0.98852 24.918 91.87 33.463 63.101 -0.23205 -0.46713
0.98868 25.034 91.403 33.584 63.156 -0.2082 -0.4782
0.98885 25.12 90.841 33.698 63.216 -0.17224 -0.48895
0.98901 25.175 90.208 33.802 63.278 -0.12618 -0.49921
0.98916 25.2 89.531 33.891 63.337 -0.072418 -0.50884
0.98928 25.197 88.842 33.962 63.39 -0.013557 -0.51769
0.98937 25.169 88.169 34.011 63.433 0.047668 -0.52559
0.98941 25.12 87.539 34.036 63.463 0.10852 -0.53237
0.98941 25.057 86.973 34.036 63.478 0.16637 -0.53787
0.98936 24.985 86.487 34.009 63.477 0.2188 -0.54191
0.98927 24.91 86.089 33.956 63.46 0.26374 -0.54436
0.98914 24.838 85.778 33.881 63.427 0.2995 -0.54507
0.98899 24.774 85.548 33.786 63.381 0.32488 -0.54399
0.98881 24.722 85.386 33.677 63.325 0.33918 -0.54109
0.98863 24.685 85.276 33.561 63.26 0.34226 -0.53641
0.98845 24.666 85.198 33.443 63.191 0.33446 -0.53009
0.98829 24.665 85.134 33.332 63.12 0.31665 -0.52233
0.98815 24.682 85.066 33.235 63.05 0.29008 -0.51338
0.98804 24.717 84.98 33.16 62.985 0.25632 -0.50358
0.98797 24.767 84.868 33.114 62.924 0.21717 -0.49329
0.98794 24.83 84.728 33.1 62.871 0.1745 -0.48287
0.98794 24.903 84.563 33.124 62.825 0.13015 -0.4727
0.98797 24.981 84.381 33.187 62.787 0.085809 -0.4631
0.98804 25.062 84.196 33.289 62.758 0.042893 -0.45434
0.98812 25.142 84.024 33.428 62.737 0.0024896 -0.4466
0.98822 25.218 83.885 33.601 62.725 -0.034709 -0.44
0.98832 25.288 83.795 33.802 62.723 -0.068422 -0.43455
0.98843 25.35 83.771 34.026 62.73 -0.098761 -0.43017
0.98853 25.403 83.825 34.264 62.748 -0.12619 -0.42674
0.98863 25.446 83.964 34.511 62.775 -0.15145 -0.42405
0.98872 25.482 84.191 34.757 62.813 -0.17546 -0.42191
0.98881 25.512 84.502 34.998 62.86 -0.1992 -0.42009
0.98889 25.538 84.888 35.227 62.915 -0.22366 -0.41841
0.98897 25.562 85.335 35.44 62.975 -0.24965 -0.41676
0.98905 25.59 85.826 35.634 63.04 -0.2778 -0.41506
0.98914 25.622 86.34 35.81 63.105 -0.30848 -0.41333
0.98922 25.664 86.857 35.967 63.168 -0.34173 -0.41167
0.98931 25.717 87.356 36.108 63.226 -0.37732 -0.41023
0.98939 25.783 87.82 36.237 63.275 -0.41475 -0.40923
0.98946 25.864 88.232 36.359 63.314 -0.45331 -0.4089
0.98951 25.959 88.583 36.478 63.341 -0.49214 -0.40948
0.98955 26.067 88.866 36.601 63.355 -0.53034 -0.41119
0.98955 26.186 89.081 36.732 63.358 -0.56705 -0.41418
0.98952 26.314 89.232 36.876 63.349 -0.60153 -0.41854
0.98945 26.446 89.331 37.034 63.333 -0.63323 -0.42426
0.98935 26.578 89.389 37.209 63.311 -0.66184 -0.43123
0.98921 26.706 89.425 37.399 63.287 -0.68733 -0.43926
0.98903 26.825 89.458 37.602 63.264 -0.70995 -0.44806
0.98883 26.93 89.509 37.813 63.244 -0.73021 -0.45728
0.9886 27.017 89.598 38.025 63.229 -0.74886 -0.46651
0.98837 27.084 89.745 38.232 63.221 -0.76682 -0.47537
0.98814 27.128 89.964 38.424 63.217 -0.78513 -0.48344
0.98793 27.148 90.267 38.593 63.218 -0.80484 -0.49038
0.98774 27.143 90.659 38.73 63.22 -0.82703 -0.4959
0.98759 27.115 91.137 38.828 63.22 -0.85262 -0.4998
0.98748 27.066 91.69 38.881 63.214 -0.88244 -0.50199
0.98742 26.998 92.298 38.885 63.197 -0.91707 -0.50245
0.98742 26.917 92.932 38.839 63.167 -0.95688 -0.50129
0.98746 26.826 93.557 38.744 63.122 -1.002 -0.49868
0.98755 26.728 94.133 38.605 63.058 -1.0522 -0.49489
0.98768 26.628 94.618 38.428 62.975 -1.1071 -0.49023
0.98784 26.529 94.969 38.223 62.874 -1.1661 -0.48503
0.98802 26.432 95.152 37.999 62.754 -1.2282 -0.47964
0.9882 26.338 95.139 37.768 62.619 -1.2922 -0.47439
0.98838 26.247 94.914 37.541 62.468 -1.3571 -0.46958
0.98854 26.158 94.477 37.328 62.305 -1.4213 -0.46547
0.98867 26.068 93.842 37.14 62.13 -1.4836 -0.46222
0.98878 25.974 93.037 36.982 61.945 -1.5424 -0.45997
0.98885 25.874 92.106 36.86 61.75 -1.5965 -0.45875
0.98888 25.766 91.098 36.775 61.548 -1.6447 -0.45852
0.98887 25.647 90.07 36.727 61.34 -1.686 -0.4592
0.98883 25.516 89.076 36.711 61.127 -1.7196 -0.46061
0.98876 25.374 88.167 36.721 60.914 -1.745 -0.46256
0.98867 25.221 87.382 36.749 60.705 -1.7622 -0.46479
0.98856 25.061 86.745 36.788 60.506 -1.7714 -0.46705
0.98844 24.897 86.265 36.827 60.322 -1.773 -0.46905
0.98833 24.732 85.933 36.859 60.161 -1.7679 -0.47052
0.98822 24.572 85.724 36.875 60.032 -1.7571 -0.47124
0.98812 24.421 85.6 36.872 59.939 -1.742 -0.47098
0.98804 24.284 85.518 36.846 59.888 -1.7237 -0.4696
0.98798 24.166 85.43 36.796 59.883 -1.7038 -0.46699
0.98793 24.069 85.295 36.724 59.925 -1.6834 -0.46313
0.98791 23.996 85.08 36.636 60.01 -1.6638 -0.45805
0.98791 23.95 84.769 36.536 60.135 -1.6458 -0.45187
0.98792 23.93 84.361 36.434 60.291 -1.6302 -0.44474
0.98795 23.937 83.875 36.338 60.471 -1.6173 -0.43691
0.98798 23.968 83.348 36.256 60.664 -1.6071 -0.42864
0.98802 24.021 82.829 36.197 60.858 -1.5997 -0.42023
0.98807 24.095 82.375 36.166 61.043 -1.5944 -0.41198
0.98811 24.184 82.045 36.169 61.211 -1.5909 -0.40421
0.98815 24.287 81.892 36.208 61.353 -1.5884 -0.39718
0.98819 24.399 81.956 36.284 61.464 -1.5864 -0.39112
0.98822 24.518 82.259 36.394 61.541 -1.5842 -0.38621
0.98825 24.639 82.799 36.533 61.584 -1.5814 -0.38255
0.98827 24.763 83.55 36.693 61.596 -1.5777 -0.38019
0.98829 24.885 84.464 36.867 61.581 -1.5728 -0.37908
0.9883 25.005 85.467 37.044 61.545 -1.5669 -0.37912
0.9883 25.124 86.474 37.214 61.494 -1.5602 -0.38015
0.9883 25.239 87.387 37.367 61.436 -1.5528 -0.38197
0.98829 25.352 88.108 37.494 61.378 -1.5452 -0.38435
0.98826 25.462 88.55 37.587 61.325 -1.5379 -0.38704
0.98823 25.571 88.639 37.64 61.284 -1.5313 -0.38982
0.98818 25.676 88.327 37.651 61.257 -1.5257 -0.39249
0.98812 25.78 87.593 37.618 61.249 -1.5215 -0.39488
0.98804 25.879 86.453 37.544 61.26 -1.5189 -0.39688
0.98795 25.973 84.95 37.433 61.292 -1.518 -0.39845
0.98785 26.06 83.161 37.292 61.343 -1.5188 -0.3996
0.98774 26.138 81.184 37.13 61.413 -1.5213 -0.40039
0.98764 26.203 79.138 36.955 61.501 -1.5256 -0.40094
0.98754 26.252 77.147 36.778 61.604 -1.5314 -0.40142
0.98745 26.282 75.336 36.609 61.719 -1.5388 -0.40198
0.98739 26.29 73.816 36.457 61.844 -1.5477 -0.40283
0.98735 26.273 72.683 36.33 61.974 -1.5581 -0.40414
0.98734 26.228 72.007 36.235 62.105 -1.5699 -0.40606
0.98737 26.154 71.827 36.174 62.232 -1.5832 -0.40871
0.98744 26.052 72.153 36.149 62.349 -1.598 -0.41215
0.98754 25.922 72.968 36.158 62.451 -1.6144 -0.41641
0.98767 25.768 74.225 36.199 62.531 -1.6322 -0.42144
0.98782 25.595 75.858 36.266 62.585 -1.6514 -0.42714
0.98799 25.409 77.786 36.352 62.608 -1.6719 -0.43337
0.98818 25.217 79.917 36.448 62.597 -1.6933 -0.43993
0.98836 25.029 82.16 36.546 62.549 -1.7154 -0.44662
0.98854 24.854 84.426 36.639 62.465 -1.7377 -0.45318
0.98871 24.698 86.636 36.718 62.348 -1.7598 -0.45939
0.98887 24.571 88.722 36.779 62.203 -1.7813 -0.465
0.989 24.478 90.629 36.815 62.036 -1.8015 -0.46982
0.98911 24.423 92.316 36.826 61.858 -1.8201 -0.47367
0.9892 24.408 93.757 36.811 61.677 -1.8364 -0.47643
0.98925 24.433 94.935 36.772 61.505 -1.8501 -0.47801
0.98927 24.494 95.845 36.712 61.353 -1.8607 -0.47841
0.98927 24.587 96.489 36.637 61.23 -1.8679 -0.47763
0.98924 24.706 96.878 36.553 61.145 -1.8714 -0.47579
0.98918 24.841 97.03 36.467 61.102 -1.8709 -0.47299
0.9891 24.985 96.966 36.385 61.104 -1.8664 -0.46943
0.989 25.128 96.716 36.315 61.151 -1.8576 -0.46529
0.9889 25.261 96.31 36.26 61.239 -1.8447 -0.46079
0.98879 25.376 95.787 36.226 61.362 -1.8278 -0.45616
0.98868 25.466 95.186 36.214 61.512 -1.8071 -0.45161
0.98858 25.527 94.546 36.226 61.679 -1.7832 -0.44733
0.98849 25.554 93.909 36.26 61.854 -1.7566 -0.44346
0.98842 25.548 93.311 36.313 62.028 -1.7281 -0.44012
0.98838 25.51 92.784 36.382 62.191 -1.6987 -0.43735
0.98836 25.443 92.355 36.461 62.338 -1.6696 -0.43515
0.98837 25.355 92.04 36.547 62.463 -1.642 -0.43344
0.9884 25.252 91.848 36.633 62.565 -1.6174 -0.4321
0.98845 25.143 91.776 36.715 62.642 -1.5971 -0.43096
0.98852 25.038 91.812 36.791 62.697 -1.5824 -0.42982
0.9886 24.944 91.937 36.86 62.731 -1.5745 -0.42845
0.98868 24.871 92.125 36.921 62.747 -1.5745 -0.42664
0.98876 24.824 92.343 36.978 62.748 -1.5829 -0.4242
0.98883 24.81 92.562 37.036 62.737 -1.6001 -0.42099
0.98889 24.83 92.752 37.1 62.714 -1.6259 -0.41693
0.98892 24.885 92.891 37.178 62.679 -1.6599 -0.41202
0.98893 24.973 92.965 37.279 62.632 -1.7011 -0.40637
0.98891 25.092 92.971 37.411 62.57 -1.7482 -0.40017
0.98886 25.235 92.92 37.582 62.491 -1.7997 -0.3937
0.98879 25.396 92.834 37.797 62.392 -1.8537 -0.38732
0.98869 25.568 92.747 38.061 62.272 -1.9086 -0.38144
0.98857 25.745 92.701 38.375 62.13 -1.9624 -0.37651
0.98845 25.918 92.741 38.736 61.967 -2.0136 -0.37293
0.98831 26.081 92.911 39.137 61.785 -2.0609 -0.37112
0.98818 26.231 93.249 39.569 61.588 -2.1032 -0.37136
0.98806 26.361 93.78 40.018 61.382 -2.1399 -0.37385
0.98795 26.47 94.513 40.469 61.174 -2.1706 -0.37864
0.98786 26.555 95.44 40.903 60.97 -2.1956 -0.38563
0.98779 26.617 96.53 41.301 60.778 -2.2151 -0.39454
0.98775 26.657 97.735 41.642 60.604 -2.2297 -0.40495
0.98773 26.675 98.991 41.91 60.451 -2.2402 -0.4163
0.98774 26.674 100.22 42.087 60.325 -2.2473 -0.42791
0.98776 26.656 101.34 42.161 60.227 -2.2517 -0.43905
0.9878 26.624 102.28 42.123 60.156 -2.2538 -0.44897
0.98785 26.579 102.96 41.971 60.111 -2.254 -0.45695
0.98791 26.523 103.33 41.705 60.089 -2.2526 -0.46236
0.98797 26.459 103.36 41.334 60.086 -2.2494 -0.46472
0.98803 26.385 103.02 40.869 60.097 -2.2443 -0.46373
0.98809 26.304 102.34 40.327 60.118 -2.2372 -0.45929
0.98814 26.215 101.34 39.729 60.145 -2.2279 -0.45152
0.98819 26.118 100.09 39.098 60.173 -2.2163 -0.44077
0.98822 26.014 98.65 38.458 60.201 -2.2026 -0.42761
0.98825 25.904 97.107 37.833 60.228 -2.1872 -0.41276
0.98827 25.787 95.543 37.246 60.253 -2.1706 -0.39709
0.98829 25.666 94.039 36.718 60.279 -2.1539 -0.38154
0.9883 25.543 92.666 36.265 60.307 -2.1382 -0.36706
0.9883 25.42 91.483 35.901 60.341 -2.1248 -0.35457
0.9883 25.3 90.529 35.633 60.382 -2.1149 -0.34489
0.98829 25.188 89.826 35.466 60.435 -2.11 -0.33867
0.98828 25.085 89.376 35.398 60.501 -2.111 -0.33638
0.98826 24.996 89.166 35.424 60.581 -2.1187 -0.33826
0.98824 24.924 89.167 35.536 60.673 -2.1335 -0.34434
0.9882 24.871 89.343 35.721 60.776 -2.1554 -0.35438
0.98816 24.839 89.651 35.967 60.887 -2.1837 -0.36796
0.98812 24.83 90.048 36.259 61 -2.2176 -0.38446
0.98807 24.845 90.493 36.583 61.109 -2.2556 -0.4031
0.98802 24.884 90.956 36.925 61.208 -2.2961 -0.42304
0.98798 24.945 91.413 37.271 61.29 -2.3373 -0.44334
0.98794 25.027 91.853 37.612 61.349 -2.3775 -0.46311
0.98791 25.128 92.275 37.936 61.382 -2.4148 -0.48148
0.98789 25.243 92.688 38.237 61.385 -2.4478 -0.4977
0.98789 25.37 93.108 38.508 61.359 -2.4752 -0.51111
0.9879 25.503 93.553 38.745 61.306 -2.4964 -0.52126
0.98793 25.638 94.045 38.946 61.23 -2.5107 -0.52783
0.98797 25.769 94.601 39.108 61.138 -2.5182 -0.53069
0.98801 25.891 95.231 39.231 61.035 -2.5192 -0.52989
0.98806 26 95.938 39.313 60.932 -2.514 -0.52564
0.98811 26.092 96.717 39.354 60.834 -2.5034 -0.5183
0.98816 26.165 97.548 39.355 60.749 -2.488 -0.50832
0.98821 26.216 98.407 39.317 60.681 -2.4683 -0.49627
0.98824 26.246 99.259 39.24 60.633 -2.4447 -0.48275
0.98827 26.253 100.06 39.127 60.607 -2.4173 -0.46838
0.98829 26.241 100.78 38.98 60.599 -2.386 -0.45377
0.98829 26.212 101.38 38.805 60.608 -2.3505 -0.43949
0.98827 26.169 101.81 38.605 60.629 -2.3102 -0.42603
0.98824 26.118 102.05 38.389 60.657 -2.2646 -0.4138
0.9882 26.063 102.09 38.165 60.687 -2.2131 -0.4031
0.98814 26.008 101.92 37.942 60.717 -2.1551 -0.3941
0.98808 25.96 101.55 37.732 60.742 -2.0905 -0.38688
0.98802 25.92 100.99 37.544 60.763 -2.0194 -0.38139
0.98796 25.894 100.28 37.392 60.779 -1.9423 -0.37748
0.98791 25.883 99.455 37.286 60.793 -1.8605 -0.37492
0.98788 25.889 98.545 37.235 60.806 -1.7753 -0.37342
0.98788 25.911 97.594 37.249 60.823 -1.6888 -0.37267
0.98791 25.948 96.64 37.332 60.847 -1.6033 -0.37235
0.98796 25.998 95.715 37.488 60.881 -1.5215 -0.37214
0.98805 26.057 94.846 37.715 60.926 -1.4459 -0.37179
0.98815 26.122 94.057 38.01 60.982 -1.3791 -0.3711
0.98827 26.19 93.361 38.366 61.049 -1.3236 -0.36998
0.98838 26.256 92.772 38.772 61.122 -1.2813 -0.3684
0.98848 26.319 92.3 39.212 61.197 -1.2537 -0.36642
0.98854 26.377 91.953 39.673 61.268 -1.2416 -0.36419
0.98854 26.428 91.741 40.136 61.329 -1.2454 -0.36193
0.98848 26.472 91.674 40.583 61.372 -1.2646 -0.35988
0.98834 26.509 91.763 40.996 61.393 -1.2981 -0.35832
0.9881 26.541 92.016 41.359 61.387 -1.3444 -0.35752
0.98778 26.568 92.44 41.657 61.352 -1.4016 -0.35771
0.98736 26.589 93.035 41.88 61.289 -1.4672 -0.35907
0.98688 26.606 93.792 42.02 61.2 -1.5388 -0.36172
0.98635 26.618 94.692 42.074 61.09 -1.6139 -0.36568
0.9858 26.622 95.707 42.04 60.965 -1.69 -0.37091
0.98526 26.617 96.797 41.924 60.834 -1.7648 -0.37726
0.98476 26.601 97.911 41.734 60.703 -1.8364 -0.38454
0.98434 26.57 98.993 41.48 60.582 -1.9029 -0.3925
0.98402 26.521 99.984 41.174 60.477 -1.9632 -0.40088
0.98383 26.453 100.82 40.831 60.392 -2.0162 -0.40939
0.98377 26.364 101.46 40.466 60.331 -2.0614 -0.41778
0.98384 26.255 101.84 40.093 60.294 -2.0983 -0.42585
0.98405 26.127 101.95 39.725 60.281 -2.1271 -0.43345
0.98436 25.985 101.75 39.376 60.288 -2.148 -0.44049
0.98476 25.835 101.25 39.054 60.311 -2.1613 -0.44698
0.98522 25.684 100.46 38.769 60.346 -2.1677 -0.45298
0.98571 25.54 99.427 38.525 60.387 -2.168 -0.45862
0.98619 25.415 98.192 38.328 60.432 -2.1628 -0.46407
0.98665 25.316 96.817 38.18 60.477 -2.153 -0.46953
0.98707 25.253 95.371 38.082 60.522 -2.1397 -0.47519
0.98743 25.233 93.925 38.035 60.566 -2.1235 -0.48122
0.98773 25.262 92.548 38.037 60.613 -2.1056 -0.48776
0.98796 25.34 91.301 38.089 60.667 -2.0866 -0.49487
0.98813 25.468 90.235 38.19 60.731 -2.0676 -0.50254
0.98825 25.643 89.386 38.337 60.811 -2.0493 -0.5107
0.98834 25.858 88.773 38.531 60.911 -2.0324 -0.51919
0.98839 26.105 88.4 38.77 61.033 -2.0176 -0.5278
0.98843 26.375 88.254 39.051 61.178 -2.0055 -0.53625
0.98845 26.657 88.31 39.371 61.346 -1.9967 -0.54426
0.98847 26.94 88.532 39.725 61.533 -1.9916 -0.55153
0.98849 27.215 88.881 40.107 61.733 -1.9907 -0.55775
0.98849 27.473 89.314 40.511 61.938 -1.9943 -0.5627
0.9885 27.706 89.794 40.925 62.142 -2.0028 -0.56618
0.98849 27.91 90.288 41.341 62.334 -2.0164 -0.56808
0.98846 28.082 90.771 41.745 62.507 -2.0354 -0.56835
0.98843 28.22 91.227 42.127 62.653 -2.0598 -0.56706
0.98838 28.325 91.65 42.474 62.769 -2.0897 -0.56432
0.98831 28.398 92.038 42.776 62.85 -2.125 -0.56033
0.98825 28.443 92.395 43.023 62.896 -2.1653 -0.55531
0.98818 28.463 92.727 43.209 62.91 -2.2099 -0.54954
0.98811 28.463 93.04 43.331 62.896 -2.258 -0.54329
0.98807 28.446 93.335 43.39 62.858 -2.3085 -0.53684
0.98804 28.418 93.611 43.39 62.804 -2.3598 -0.5304
0.98803 28.383 93.86 43.339 62.741 -2.4102 -0.52417
0.98805 28.347 94.071 43.249 62.676 -2.4576 -0.51828
0.9881 28.314 94.229 43.136 62.615 -2.4999 -0.51279
0.98817 28.291 94.319 43.018 62.563 -2.5348 -0.50772
0.98825 28.282 94.325 42.915 62.524 -2.56 -0.50302
0.98834 28.292 94.236 42.845 62.501 -2.5737 -0.49861
0.98842 28.327 94.048 42.828 62.494 -2.5742 -0.49437
0.98846 28.391 93.763 42.881 62.505 -2.5602 -0.49018
0.98847 28.485 93.395 43.018 62.532 -2.5311 -0.48592
0.98842 28.612 92.963 43.249 62.572 -2.4872 -0.4815
0.9883 28.77 92.501 43.577 62.624 -2.4292 -0.47685
0.9881 28.957 92.045 44.003 62.683 -2.3587 -0.47197
0.98783 29.168 91.641 44.518 62.746 -2.278 -0.46688
0.98749 29.396 91.336 45.112 62.809 -2.1899 -0.46166
0.9871 29.634 91.177 45.766 62.866 -2.0978 -0.45646
0.98666 29.87 91.211 46.457 62.915 -2.0053 -0.45145
0.9862 30.097 91.474 47.161 62.951 -1.9163 -0.44682
0.98575 30.305 91.994 47.848 62.97 -1.8341 -0.44279
0.98534 30.485 92.787 48.491 62.97 -1.7623 -0.43957
0.98499 30.631 93.851 49.061 62.948 -1.7035 -0.43736
0.98472 30.739 95.167 49.533 62.903 -1.66 -0.4363
0.98456 30.805 96.698 49.886 62.835 -1.6331 -0.43653
0.9845 30.831 98.387 50.102 62.745 -1.6234 -0.43809
0.98456 30.818 100.16 50.171 62.634 -1.6308 -0.44097
0.98472 30.769 101.94 50.089 62.504 -1.6542 -0.44512
0.98497 30.69 103.62 49.858 62.358 -1.692 -0.45038
0.9853 30.587 105.12 49.488 62.2 -1.7423 -0.45657
0.98567 30.464 106.35 48.993 62.033 -1.8025 -0.46345
0.98607 30.328 107.22 48.394 61.863 -1.8702 -0.47074
0.98647 30.183 107.69 47.715 61.693 -1.943 -0.47814
0.98685 30.034 107.71 46.982 61.528 -2.0185 -0.48535
0.9872 29.884 107.28 46.224 61.372 -2.095 -0.4921
0.9875 29.736 106.41 45.467 61.229 -2.171 -0.49814
0.98775 29.593 105.16 44.736 61.104 -2.2456 -0.50326
0.98795 29.456 103.58 44.056 60.999 -2.3185 -0.50733
0.98809 29.327 101.76 43.445 60.919 -2.3897 -0.51027
0.98818 29.209 99.784 42.917 60.865 -2.4597 -0.5121
0.98822 29.103 97.756 42.485 60.838 -2.5291 -0.51287
0.98822 29.012 95.759 42.154 60.841 -2.5988 -0.51273
0.98817 28.939 93.875 41.927 60.872 -2.6695 -0.51188
0.98809 28.886 92.167 41.805 60.932 -2.7418 -0.51056
0.98797 28.856 90.681 41.784 61.018 -2.816 -0.50901
0.98781 28.852 89.447 41.86 61.13 -2.8922 -0.50753
0.98762 28.874 88.475 42.027 61.264 -2.9698 -0.50636
0.98741 28.926 87.759 42.279 61.417 -3.0481 -0.50575
0.98718 29.006 87.283 42.609 61.585 -3.1259 -0.50589
0.98693 29.116 87.022 43.01 61.765 -3.2019 -0.50692
0.98668 29.255 86.946 43.476 61.952 -3.2746 -0.50892
0.98644 29.419 87.026 43.999 62.141 -3.3425 -0.51193
0.98621 29.608 87.238 44.571 62.327 -3.4043 -0.51591
0.98602 29.817 87.561 45.181 62.505 -3.4588 -0.52076
0.98586 30.044 87.983 45.82 62.668 -3.5055 -0.52634
0.98575 30.283 88.499 46.472 62.812 -3.5441 -0.53249
0.98568 30.531 89.112 47.124 62.93 -3.5749 -0.53898
0.98567 30.783 89.829 47.756 63.019 -3.5987 -0.54561
0.98569 31.035 90.658 48.351 63.074 -3.6169 -0.55214
0.98575 31.282 91.606 48.887 63.093 -3.631 -0.55834
0.98583 31.518 92.678 49.344 63.074 -3.6431 -0.564
0.98592 31.737 93.868 49.703 63.018 -3.6552 -0.5689
0.98601 31.934 95.163 49.946 62.926 -3.6693 -0.57287
0.98608 32.101 96.536 50.06 62.801 -3.6871 -0.57572
0.98614 32.233 97.953 50.033 62.65 -3.7104 -0.57734
0.98616 32.322 99.367 49.862 62.477 -3.7399 -0.57761
0.98615 32.363 100.72 49.548 62.29 -3.7762 -0.57644
0.98612 32.35 101.97 49.098 62.097 -3.8192 -0.57381
0.98606 32.283 103.04 48.526 61.904 -3.8681 -0.56973
0.98599 32.159 103.89 47.851 61.719 -3.9216 -0.56426
0.98592 31.982 104.47 47.097 61.548 -3.9778 -0.55753
0.98586 31.756 104.76 46.293 61.396 -4.0344 -0.54972
0.98581 31.491 104.73 45.467 61.265 -4.0891 -0.5411
0.98578 31.196 104.4 44.652 61.158 -4.1391 -0.53197
0.98578 30.884 103.79 43.878 61.075 -4.182 -0.52274
0.98579 30.57 102.91 43.172 61.013 -4.2156 -0.51383
0.98582 30.268 101.84 42.56 60.97 -4.2381 -0.50569
0.98585 29.991 100.61 42.061 60.944 -4.2481 -0.49879
0.98587 29.753 99.302 41.69 60.931 -4.245 -0.49357
0.98589 29.562 97.969 41.455 60.927 -4.2288 -0.49044
0.98588 29.426 96.675 41.358 60.929 -4.2003 -0.48969
0.98584 29.349 95.475 41.396 60.936 -4.1607 -0.49153
0.98578 29.331 94.413 41.561 60.947 -4.1122 -0.49602
0.9857 29.37 93.522 41.837 60.96 -4.0571 -0.50309
0.98561 29.459 92.825 42.208 60.976 -3.9981 -0.5125
0.98553 29.591 92.33 42.654 60.997 -3.9383 -0.52386
0.98546 29.757 92.034 43.154 61.022 -3.8805 -0.53664
0.98542 29.944 91.924 43.685 61.053 -3.8275 -0.55022
0.98542 30.143 91.978 44.227 61.092 -3.7817 -0.56391
0.98548 30.343 92.167 44.76 61.139 -3.7451 -0.57697
0.98559 30.533 92.459 45.27 61.194 -3.7191 -0.5887
0.98575 30.705 92.815 45.741 61.257 -3.7045 -0.59847
0.98596 30.851 93.201 46.164 61.328 -3.7016 -0.60576
0.9862 30.968 93.58 46.533 61.404 -3.7099 -0.61023
0.98646 31.051 93.919 46.843 61.485 -3.7287 -0.61169
0.98673 31.1 94.19 47.096 61.567 -3.7564 -0.61018
0.98699 31.116 94.37 47.292 61.648 -3.7915 -0.60593
0.98724 31.1 94.445 47.435 61.722 -3.832 -0.59937
0.98746 31.057 94.407 47.53 61.787 -3.8759 -0.59109
0.98765 30.991 94.258 47.583 61.838 -3.9213 -0.58179
0.98781 30.907 94.009 47.598 61.871 -3.9662 -0.57227
0.98795 30.809 93.681 47.58 61.881 -4.009 -0.56334
0.98806 30.703 93.3 47.531 61.865 -4.0483 -0.55578
0.98814 30.593 92.899 47.454 61.822 -4.0829 -0.55027
0.98821 30.484 92.514 47.35 61.75 -4.1119 -0.54739
0.98827 30.378 92.181 47.219 61.651 -4.1348 -0.54751
0.98831 30.279 91.932 47.059 61.526 -4.151 -0.55085
0.98834 30.191 91.794 46.871 61.379 -4.1603 -0.55741
0.98835 30.114 91.785 46.652 61.216 -4.1625 -0.56698
0.98834 30.052 91.913 46.403 61.042 -4.1574 -0.5792
0.98829 30.006 92.177 46.125 60.864 -4.1449 -0.59356
0.98822 29.98 92.563 45.821 60.687 -4.1247 -0.60943
0.9881 29.973 93.052 45.495 60.517 -4.0965 -0.62614
0.98795 29.988 93.617 45.153 60.359 -4.06 -0.64299
0.98777 30.024 94.227 44.803 60.218 -4.0149 -0.65932
0.98757 30.083 94.851 44.454 60.096 -3.9607 -0.67456
0.98734 30.162 95.457 44.116 59.997 -3.8971 -0.68824
0.98711 30.26 96.017 43.799 59.922 -3.8241 -0.7
0.98689 30.373 96.505 43.515 59.873 -3.7415 -0.70966
0.98669 30.496 96.898 43.273 59.853 -3.6497 -0.71716
0.98652 30.625 97.177 43.082 59.862 -3.5492 -0.72259
0.98639 30.754 97.322 42.949 59.903 -3.4408 -0.72613
0.98631 30.876 97.318 42.879 59.976 -3.3256 -0.72806
0.98628 30.986 97.148 42.876 60.083 -3.2051 -0.72872
0.9863 31.079 96.8 42.941 60.223 -3.0808 -0.72846
0.98636 31.151 96.264 43.072 60.395 -2.9546 -0.72763
0.98645 31.2 95.536 43.265 60.597 -2.8284 -0.72652
0.98656 31.226 94.62 43.514 60.825 -2.7042 -0.7254
0.98668 31.23 93.529 43.813 61.074 -2.5837 -0.7244
0.98679 31.214 92.289 44.152 61.335 -2.4687 -0.72361
0.98689 31.184 90.937 44.523 61.601 -2.3609 -0.723
0.98695 31.143 89.521 44.915 61.864 -2.2613 -0.72247
0.98699 31.097 88.098 45.318 62.112 -2.1711 -0.72184
0.98698 31.053 86.727 45.722 62.337 -2.0909 -0.72088
0.98695 31.014 85.469 46.118 62.53 -2.0212 -0.71932
0.98688 30.985 84.378 46.498 62.684 -1.9619 -0.7169
0.98679 30.968 83.497 46.854 62.792 -1.913 -0.71335
0.9867 30.964 82.854 47.179 62.85 -1.8741 -0.70845
0.9866 30.974 82.462 47.468 62.855 -1.8446 -0.70204
0.98652 30.996 82.315 47.716 62.807 -1.8238 -0.694
0.98646 31.028 82.395 47.92 62.71 -1.8108 -0.68433
0.98644 31.066 82.669 48.078 62.566 -1.8049 -0.67308
0.98646 31.109 83.099 48.187 62.384 -1.8049 -0.66041
0.98653 31.152 83.644 48.248 62.17 -1.81 -0.64655
0.98664 31.194 84.266 48.261 61.936 -1.8192 -0.63179
0.98679 31.232 84.932 48.229 61.692 -1.8314 -0.61649
0.98698 31.266 85.619 48.155 61.45 -1.8457 -0.60106
0.98719 31.296 86.316 48.044 61.221 -1.861 -0.5859
0.98739 31.324 87.02 47.903 61.018 -1.8764 -0.57144
0.98759 31.352 87.738 47.74 60.849 -1.8911 -0.55809
0.98775 31.384 88.481 47.567 60.725 -1.904 -0.54622
0.98786 31.423 89.265 47.395 60.651 -1.9145 -0.53617
0.9879 31.474 90.104 47.238 60.631 -1.9219 -0.5282
0.98788 31.54 91.006 47.109 60.668 -1.9255 -0.5225
0.98778 31.626 91.976 47.023 60.759 -1.925 -0.51918
0.98762 31.734 93.006 46.992 60.899 -1.9201 -0.51825
0.98739 31.864 94.081 47.028 61.08 -1.9108 -0.51965
0.98713 32.016 95.178 47.139 61.292 -1.8973 -0.52322
0.98684 32.186 96.265 47.329 61.521 -1.8798 -0.52872
0.98656 32.371 97.309 47.599 61.756 -1.8591 -0.53585
0.98631 32.562 98.272 47.944 61.98 -1.836 -0.54424
0.9861 32.752 99.121 48.351 62.18 -1.8114 -0.55346
0.98597 32.931 99.829 48.806 62.343 -1.7866 -0.56308
0.98591 33.091 100.37 49.288 62.46 -1.7627 -0.57263
0.98595 33.221 100.75 49.771 62.521 -1.7413 -0.58168
0.98607 33.315 100.95 50.228 62.523 -1.7235 -0.58979
0.98627 33.366 100.98 50.63 62.465 -1.7108 -0.59661
0.98654 33.371 100.88 50.95 62.348 -1.7044 -0.60183
0.98686 33.329 100.65 51.162 62.179 -1.7053 -0.60521
0.9872 33.242 100.34 51.245 61.967 -1.7142 -0.60661
0.98755 33.113 99.96 51.185 61.722 -1.7318 -0.60598
0.98789 32.95 99.545 50.973 61.457 -1.758 -0.6034
0.98819 32.761 99.114 50.61 61.186 -1.7929 -0.59899
0.98844 32.556 98.68 50.106 60.923 -1.836 -0.59302
0.98864 32.345 98.252 49.478 60.681 -1.8862 -0.5858
0.98879 32.138 97.83 48.751 60.473 -1.9426 -0.57772
0.98887 31.944 97.411 47.958 60.308 -2.0037 -0.56923
0.9889 31.769 96.985 47.134 60.195 -2.0679 -0.56079
0.98889 31.62 96.544 46.319 60.137 -2.1335 -0.55288
0.98883 31.499 96.076 45.552 60.138 -2.1987 -0.54596
0.98874 31.407 95.572 44.873 60.196 -2.2618 -0.54044
0.98863 31.34 95.025 44.314 60.306 -2.3213 -0.53669
0.98851 31.295 94.432 43.905 60.463 -2.3759 -0.53496
0.98837 31.264 93.794 43.668 60.656 -2.4245 -0.53545
0.98822 31.242 93.115 43.617 60.874 -2.4665 -0.53822
0.98806 31.219 92.406 43.757 61.106 -2.5017 -0.54324
0.98788 31.189 91.682 44.084 61.339 -2.5303 -0.55034
0.98769 31.147 90.96 44.587 61.56 -2.5528 -0.55925
0.98747 31.089 90.264 45.246 61.761 -2.5704 -0.56963
0.98722 31.015 89.62 46.038 61.932 -2.5843 -0.58102
0.98694 30.929 89.058 46.933 62.068 -2.5961 -0.59295
0.98663 30.836 88.609 47.897 62.165 -2.6074 -0.60489
0.9863 30.746 88.305 48.898 62.225 -2.6199 -0.61635
0.98596 30.671 88.174 49.901 62.25 -2.6352 -0.62684
0.98561 30.624 88.244 50.874 62.246 -2.6544 -0.63597
0.98528 30.618 88.535 51.788 62.218 -2.6786 -0.64342
0.98499 30.664 89.062 52.618 62.174 -2.7082 -0.64902
0.98474 30.771 89.829 53.341 62.123 -2.7432 -0.65271
0.98457 30.944 90.83 53.942 62.07 -2.7831 -0.65455
0.98447 31.184 92.048 54.409 62.022 -2.8269 -0.65476
0.98446 31.485 93.453 54.735 61.98 -2.8732 -0.65367
0.98454 31.837 95.006 54.917 61.947 -2.9202 -0.6517
0.9847 32.226 96.655 54.958 61.922 -2.9661 -0.64934
0.98494 32.633 98.341 54.862 61.901 -3.0089 -0.64709
0.98524 33.037 100 54.64 61.88 -3.047 -0.64544
0.98558 33.418 101.56 54.302 61.854 -3.079 -0.64484
0.98594 33.756 102.96 53.862 61.817 -3.1038 -0.64564
0.98631 34.032 104.13 53.337 61.766 -3.1212 -0.64806
0.98665 34.234 105.01 52.745 61.696 -3.1315 -0.65219
0.98696 34.352 105.55 52.103 61.606 -3.1355 -0.65797
0.98724 34.38 105.72 51.43 61.497 -3.1349 -0.66518
0.98746 34.318 105.51 50.747 61.371 -3.1316 -0.67348
0.98764 34.172 104.91 50.07 61.233 -3.1283 -0.68243
0.98778 33.952 103.93 49.417 61.088 -3.1274 -0.69151
0.98788 33.668 102.62 48.803 60.943 -3.1318 -0.70017
0.98796 33.339 101.03 48.242 60.805 -3.1438 -0.70791
0.98802 32.98 99.233 47.744 60.679 -3.1655 -0.71425
0.98807 32.611 97.309 47.317 60.571 -3.1982 -0.71886
0.98811 32.249 95.352 46.964 60.485 -3.2428 -0.72152
0.98814 31.91 93.456 46.687 60.423 -3.2992 -0.72218
0.98815 31.61 91.716 46.483 60.384 -3.3663 -0.72095
0.98813 31.359 90.215 46.348 60.368 -3.4427 -0.71812
0.98808 31.166 89.025 46.274 60.373 -3.5258 -0.71411
0.98798 31.036 88.196 46.254 60.394 -3.6128 -0.70947
