//co2 data for Study 15 _2
steady: none
chosen_param: SaO2sup, Pa_CO2, P_a, Vmca_d, TOI_d, HbT_d, CCO_d
time_step: 1.0
******
0.96901 43.516 98.61 41.849 77.803 0.054815 -0.19796
0.96905 43.548 99.637 41.865 77.66 0.030523 -0.20754
0.96919 43.563 100.88 41.92 77.507 0.0082439 -0.22153
0.96939 43.561 102.26 41.997 77.349 -0.010765 -0.2403
0.96962 43.543 103.68 42.077 77.19 -0.024931 -0.26399
0.96986 43.509 105.05 42.145 77.036 -0.032521 -0.29254
0.97004 43.462 106.31 42.183 76.89 -0.031815 -0.32565
0.97013 43.403 107.4 42.181 76.756 -0.021262 -0.36281
0.97007 43.335 108.26 42.13 76.637 0.00037926 -0.40328
0.96979 43.26 108.86 42.026 76.534 0.033936 -0.44615
0.96925 43.181 109.21 41.87 76.448 0.079751 -0.49039
0.9684 43.101 109.29 41.668 76.378 0.13766 -0.53486
0.96721 43.02 109.13 41.429 76.325 0.207 -0.57839
0.96567 42.943 108.76 41.167 76.287 0.28666 -0.61984
0.96378 42.868 108.2 40.896 76.263 0.37514 -0.65817
0.96159 42.8 107.49 40.633 76.253 0.47067 -0.69244
0.95918 42.738 106.69 40.395 76.254 0.57127 -0.72191
0.95665 42.683 105.82 40.196 76.266 0.67486 -0.74606
0.95413 42.637 104.94 40.049 76.287 0.77937 -0.76457
0.95178 42.601 104.09 39.964 76.318 0.88278 -0.77739
0.94975 42.576 103.3 39.947 76.358 0.98322 -0.78467
0.94821 42.562 102.61 39.999 76.405 1.079 -0.78679
0.94729 42.561 102.06 40.118 76.46 1.1686 -0.7843
0.9471 42.573 101.67 40.298 76.522 1.2508 -0.77787
0.94768 42.6 101.46 40.529 76.59 1.3246 -0.76828
0.94906 42.64 101.44 40.797 76.664 1.3893 -0.75634
0.95116 42.696 101.62 41.087 76.742 1.4443 -0.74287
0.95389 42.765 101.98 41.385 76.822 1.4896 -0.72864
0.95708 42.848 102.49 41.673 76.902 1.5252 -0.71432
0.96055 42.944 103.13 41.937 76.981 1.5515 -0.70051
0.96409 43.05 103.84 42.163 77.055 1.569 -0.68766
0.96749 43.165 104.57 42.343 77.122 1.5785 -0.6761
0.97055 43.285 105.26 42.467 77.18 1.5811 -0.66602
0.97312 43.407 105.87 42.533 77.225 1.5779 -0.65748
0.97508 43.527 106.33 42.54 77.257 1.5703 -0.65047
0.97636 43.64 106.62 42.491 77.274 1.5596 -0.64485
0.97695 43.741 106.69 42.393 77.275 1.5473 -0.64044
0.97688 43.825 106.54 42.252 77.261 1.5347 -0.63702
0.97622 43.887 106.16 42.08 77.232 1.5233 -0.63437
0.97508 43.922 105.58 41.886 77.191 1.5144 -0.63225
0.97358 43.928 104.83 41.68 77.139 1.5093 -0.63049
0.97185 43.901 103.94 41.473 77.08 1.5091 -0.62891
0.97004 43.843 102.97 41.27 77.016 1.5149 -0.62744
0.96825 43.756 101.97 41.079 76.95 1.5278 -0.62603
0.9666 43.644 101.01 40.902 76.886 1.5487 -0.62469
0.96516 43.515 100.15 40.74 76.824 1.5785 -0.62349
0.96397 43.38 99.45 40.592 76.766 1.6179 -0.62252
0.96305 43.251 98.969 40.455 76.716 1.6674 -0.6219
0.96242 43.143 98.758 40.324 76.673 1.7273 -0.62176
0.96204 43.069 98.857 40.196 76.64 1.7975 -0.62221
0.96188 43.047 99.295 40.066 76.617 1.8775 -0.62333
0.96189 43.088 100.08 39.931 76.607 1.9665 -0.62516
0.96203 43.205 101.21 39.791 76.611 2.0629 -0.62766
0.96225 43.405 102.65 39.648 76.631 2.1646 -0.63075
0.96253 43.69 104.34 39.505 76.668 2.269 -0.63426
0.96283 44.057 106.22 39.371 76.722 2.3728 -0.63797
0.96315 44.5 108.2 39.256 76.794 2.4726 -0.64159
0.96352 45.006 110.18 39.172 76.883 2.5645 -0.64481
0.96394 45.557 112.06 39.133 76.986 2.6451 -0.64728
0.96446 46.134 113.74 39.151 77.101 2.711 -0.64865
0.96511 46.715 115.16 39.24 77.222 2.7594 -0.64863
0.96591 47.28 116.24 39.411 77.346 2.7888 -0.64696
0.96688 47.809 116.95 39.671 77.467 2.7985 -0.64345
0.968 48.287 117.28 40.023 77.579 2.7894 -0.63802
0.96924 48.7 117.25 40.466 77.679 2.7638 -0.63068
0.97054 49.043 116.89 40.994 77.762 2.7253 -0.62158
0.97181 49.312 116.28 41.597 77.826 2.679 -0.61094
0.97294 49.509 115.46 42.259 77.871 2.6309 -0.59909
0.97384 49.641 114.53 42.962 77.898 2.5876 -0.58647
0.97439 49.717 113.53 43.684 77.908 2.5561 -0.57352
0.97452 49.747 112.55 44.403 77.906 2.5429 -0.56074
0.97417 49.743 111.62 45.098 77.895 2.5537 -0.54863
0.97331 49.719 110.77 45.749 77.882 2.593 -0.53763
0.97198 49.684 110.03 46.339 77.872 2.6633 -0.52813
0.97025 49.65 109.39 46.854 77.87 2.7653 -0.52044
0.96824 49.623 108.85 47.286 77.88 2.8972 -0.51476
0.96609 49.61 108.38 47.63 77.905 3.0553 -0.51118
0.96398 49.614 107.97 47.887 77.945 3.2337 -0.50966
0.9621 49.637 107.61 48.061 78.001 3.4248 -0.5101
0.96059 49.679 107.27 48.159 78.07 3.6198 -0.51225
0.95962 49.738 106.97 48.191 78.148 3.8092 -0.51583
0.95926 49.811 106.7 48.169 78.23 3.9837 -0.52049
0.95955 49.893 106.5 48.102 78.309 4.1345 -0.52588
0.96048 49.98 106.38 48 78.38 4.2541 -0.53163
0.96197 50.066 106.39 47.871 78.437 4.337 -0.53744
0.96388 50.146 106.57 47.72 78.473 4.3795 -0.543
0.96607 50.215 106.93 47.549 78.485 4.3807 -0.54812
0.96836 50.266 107.52 47.36 78.47 4.3418 -0.55265
0.97057 50.295 108.35 47.149 78.426 4.2666 -0.55651
0.97255 50.298 109.4 46.913 78.356 4.1608 -0.55969
0.97417 50.27 110.66 46.649 78.261 4.0316 -0.56223
0.97534 50.209 112.09 46.352 78.147 3.8872 -0.5642
0.97601 50.114 113.64 46.021 78.017 3.7364 -0.56569
0.97617 49.984 115.25 45.653 77.88 3.5876 -0.56678
0.97586 49.821 116.86 45.252 77.743 3.4485 -0.56751
0.97513 49.628 118.39 44.822 77.611 3.3256 -0.56791
0.97408 49.41 119.79 44.369 77.493 3.2236 -0.56793
0.97281 49.173 121.01 43.904 77.395 3.1456 -0.56749
0.97143 48.926 122.01 43.439 77.32 3.0924 -0.56644
0.97005 48.678 122.75 42.986 77.272 3.0632 -0.5646
0.96876 48.44 123.22 42.56 77.254 3.0554 -0.56179
0.96764 48.223 123.42 42.172 77.266 3.0652 -0.55781
0.96674 48.038 123.36 41.833 77.306 3.0877 -0.5525
0.96608 47.897 123.04 41.554 77.371 3.1175 -0.54575
0.96565 47.808 122.49 41.339 77.459 3.1494 -0.53752
0.96542 47.78 121.73 41.19 77.563 3.1782 -0.52791
0.96533 47.817 120.81 41.108 77.68 3.1999 -0.51708
0.96531 47.922 119.77 41.087 77.801 3.2113 -0.50536
0.96526 48.094 118.63 41.12 77.923 3.2105 -0.49317
0.96512 48.33 117.46 41.197 78.039 3.1967 -0.48101
0.96483 48.622 116.3 41.306 78.143 3.1707 -0.4695
0.96436 48.96 115.2 41.434 78.232 3.1339 -0.45924
0.96371 49.33 114.2 41.569 78.302 3.089 -0.45088
0.96291 49.718 113.36 41.7 78.349 3.0391 -0.44498
0.96202 50.108 112.71 41.816 78.372 2.9877 -0.44203
0.96112 50.483 112.27 41.91 78.371 2.938 -0.44236
0.96032 50.83 112.08 41.977 78.346 2.8932 -0.44614
0.95971 51.134 112.14 42.014 78.299 2.856 -0.45335
0.95939 51.386 112.45 42.022 78.234 2.8283 -0.46374
0.95942 51.577 112.99 42.004 78.153 2.8111 -0.47687
0.95985 51.705 113.75 41.965 78.061 2.8049 -0.49211
0.96072 51.77 114.68 41.912 77.964 2.8093 -0.50867
0.96201 51.775 115.73 41.853 77.866 2.8233 -0.52566
0.9637 51.728 116.83 41.795 77.775 2.8455 -0.54212
0.96573 51.636 117.93 41.746 77.694 2.8741 -0.55712
0.96804 51.511 118.94 41.711 77.631 2.9073 -0.5698
0.97053 51.362 119.79 41.695 77.588 2.9434 -0.57944
0.97311 51.201 120.41 41.7 77.57 2.981 -0.58551
0.97568 51.038 120.73 41.727 77.58 3.019 -0.5877
0.97815 50.879 120.71 41.774 77.62 3.0567 -0.58596
0.98043 50.732 120.32 41.837 77.688 3.0939 -0.58051
0.98246 50.6 119.54 41.912 77.784 3.1307 -0.57181
0.98418 50.486 118.38 41.993 77.904 3.1676 -0.56054
0.98556 50.39 116.88 42.073 78.044 3.2052 -0.54752
0.98659 50.312 115.08 42.147 78.2 3.2441 -0.53372
0.98729 50.25 113.06 42.208 78.364 3.2849 -0.52009
0.98769 50.201 110.89 42.255 78.53 3.3278 -0.50757
0.98782 50.162 108.67 42.282 78.692 3.3728 -0.49696
0.98775 50.132 106.5 42.29 78.845 3.4195 -0.48891
0.98751 50.105 104.45 42.28 78.982 3.4667 -0.48382
0.98718 50.081 102.6 42.253 79.101 3.5131 -0.48181
0.9868 50.057 101.03 42.212 79.2 3.5569 -0.48275
0.98641 50.029 99.776 42.162 79.277 3.596 -0.48625
0.98605 49.997 98.859 42.107 79.333 3.6281 -0.49168
0.98575 49.96 98.283 42.051 79.372 3.6511 -0.49822
0.9855 49.916 98.033 41.997 79.395 3.663 -0.50495
0.98532 49.867 98.074 41.947 79.408 3.6621 -0.51092
0.9852 49.815 98.359 41.902 79.415 3.6476 -0.51519
0.98513 49.763 98.833 41.862 79.42 3.6188 -0.51699
0.98509 49.718 99.435 41.824 79.428 3.5763 -0.51568
0.98507 49.686 100.11 41.787 79.441 3.5211 -0.51091
0.98503 49.677 100.8 41.747 79.461 3.4551 -0.50256
0.98496 49.702 101.46 41.701 79.49 3.3809 -0.49082
0.98485 49.77 102.05 41.647 79.528 3.3014 -0.47612
0.98468 49.893 102.56 41.583 79.572 3.2201 -0.45912
0.98444 50.081 102.97 41.509 79.621 3.1403 -0.44066
0.98412 50.34 103.28 41.428 79.672 3.0655 -0.42167
0.98373 50.675 103.49 41.342 79.722 2.9987 -0.40308
0.98327 51.084 103.63 41.256 79.768 2.9421 -0.38576
0.98276 51.562 103.71 41.178 79.807 2.8973 -0.37043
0.98221 52.099 103.76 41.116 79.839 2.865 -0.35758
0.98165 52.678 103.8 41.075 79.861 2.8449 -0.34746
0.9811 53.281 103.86 41.065 79.875 2.8354 -0.34
0.9806 53.886 103.96 41.092 79.88 2.8343 -0.33486
0.98018 54.469 104.11 41.159 79.88 2.8384 -0.33143
0.97986 55.007 104.33 41.27 79.875 2.844 -0.32888
0.97967 55.481 104.6 41.424 79.869 2.8469 -0.32624
0.97962 55.876 104.94 41.618 79.865 2.843 -0.32245
0.97974 56.181 105.33 41.848 79.864 2.8283 -0.31652
0.98001 56.393 105.75 42.105 79.869 2.7994 -0.30752
0.98042 56.512 106.19 42.381 79.881 2.7539 -0.29475
0.98095 56.547 106.63 42.666 79.899 2.6899 -0.27774
0.98156 56.51 107.06 42.949 79.924 2.6073 -0.25633
0.98222 56.417 107.46 43.222 79.953 2.5066 -0.23068
0.98288 56.284 107.82 43.476 79.986 2.3898 -0.20127
0.9835 56.128 108.12 43.703 80.018 2.2599 -0.16886
0.98405 55.967 108.37 43.901 80.048 2.1208 -0.13443
0.98449 55.813 108.56 44.066 80.072 1.977 -0.09914
0.98481 55.678 108.69 44.2 80.089 1.8334 -0.064232
0.98501 55.567 108.75 44.304 80.095 1.6948 -0.030941
0.9851 55.484 108.76 44.382 80.091 1.5659 -0.00042169
0.98508 55.429 108.71 44.441 80.076 1.4508 0.026327
0.98499 55.398 108.61 44.485 80.05 1.3528 0.048518
0.98485 55.387 108.46 44.52 80.016 1.2744 0.065622
0.98469 55.388 108.26 44.551 79.976 1.2168 0.077383
0.98453 55.396 108.02 44.582 79.933 1.1802 0.083817
0.98438 55.405 107.74 44.614 79.893 1.164 0.085199
0.98425 55.409 107.42 44.649 79.858 1.1663 0.082022
0.98413 55.406 107.07 44.684 79.834 1.1845 0.07495
0.984 55.395 106.69 44.717 79.824 1.2155 0.064769
0.98384 55.375 106.29 44.745 79.829 1.2556 0.052323
0.98363 55.35 105.88 44.761 79.853 1.3012 0.038466
0.98335 55.323 105.47 44.761 79.894 1.3485 0.024009
0.98298 55.298 105.07 44.741 79.952 1.3941 0.009682
0.98251 55.281 104.7 44.696 80.022 1.4348 -0.0038925
0.98196 55.275 104.37 44.623 80.101 1.4683 -0.016219
0.98134 55.285 104.1 44.521 80.183 1.4926 -0.026935
0.98069 55.311 103.89 44.39 80.262 1.5066 -0.035808
0.98004 55.354 103.77 44.232 80.332 1.5096 -0.042723
0.97945 55.413 103.73 44.05 80.388 1.5018 -0.047669
0.97896 55.483 103.78 43.85 80.425 1.4841 -0.050722
0.97861 55.56 103.92 43.638 80.44 1.4575 -0.052022
0.97842 55.638 104.13 43.421 80.432 1.4237 -0.051757
0.97843 55.711 104.4 43.206 80.403 1.3848 -0.050151
0.97862 55.771 104.71 43.001 80.354 1.3427 -0.047444
0.97899 55.813 105.04 42.814 80.291 1.2998 -0.043886
0.9795 55.834 105.35 42.651 80.219 1.2582 -0.03973
0.98011 55.829 105.63 42.517 80.144 1.2198 -0.035223
0.98078 55.797 105.86 42.417 80.075 1.1864 -0.030598
0.98145 55.741 106.01 42.353 80.017 1.1595 -0.026076
0.98207 55.663 106.08 42.325 79.976 1.14 -0.021848
0.98259 55.566 106.05 42.335 79.957 1.1286 -0.018081
0.98298 55.457 105.94 42.379 79.963 1.1255 -0.014898
0.98322 55.343 105.74 42.454 79.994 1.1306 -0.012382
0.98331 55.23 105.47 42.555 80.048 1.143 -0.010562
0.98325 55.124 105.16 42.674 80.122 1.162 -0.0094134
0.98306 55.031 104.81 42.805 80.21 1.1862 -0.0088562
0.98278 54.957 104.46 42.94 80.307 1.2142 -0.0087576
0.98245 54.904 104.14 43.069 80.406 1.2444 -0.0089392
0.98211 54.876 103.86 43.184 80.5 1.2752 -0.0091882
0.98179 54.872 103.65 43.276 80.583 1.3053 -0.0092724
0.98154 54.893 103.52 43.336 80.651 1.3333 -0.0089578
0.98138 54.938 103.48 43.359 80.7 1.3582 -0.0080271
0.98132 55.003 103.53 43.337 80.729 1.3793 -0.0062987
0.98137 55.086 103.67 43.269 80.74 1.3963 -0.0036429
0.98153 55.184 103.89 43.152 80.735 1.4091 4.4631e-06
0.98178 55.293 104.16 42.988 80.718 1.4181 0.0046341
0.9821 55.409 104.47 42.78 80.694 1.4241 0.01016
0.98246 55.529 104.77 42.536 80.669 1.4279 0.016424
0.98284 55.65 105.06 42.264 80.649 1.4308 0.023203
0.9832 55.77 105.29 41.975 80.637 1.4341 0.030223
0.98351 55.886 105.44 41.681 80.639 1.439 0.03718
0.98376 55.996 105.49 41.398 80.655 1.4468 0.043754
0.98392 56.099 105.44 41.137 80.687 1.4585 0.049635
0.98399 56.194 105.26 40.912 80.734 1.4751 0.054537
0.98397 56.279 104.98 40.733 80.792 1.4971 0.058215
0.98387 56.353 104.59 40.61 80.858 1.5249 0.060479
0.98369 56.415 104.13 40.548 80.927 1.5583 0.061198
0.98345 56.462 103.6 40.549 80.995 1.5971 0.060304
0.98319 56.494 103.05 40.611 81.056 1.6405 0.05779
0.98291 56.509 102.51 40.729 81.107 1.6874 0.053706
0.98266 56.507 102 40.892 81.145 1.7368 0.048146
0.98245 56.486 101.56 41.089 81.167 1.7869 0.041246
0.9823 56.448 101.2 41.306 81.173 1.8364 0.03317
0.98224 56.392 100.95 41.526 81.163 1.8834 0.024101
0.98228 56.321 100.81 41.734 81.139 1.9263 0.014239
0.98242 56.237 100.79 41.915 81.102 1.9635 0.0037927
0.98267 56.144 100.88 42.054 81.056 1.9935 -0.0070209
0.98302 56.044 101.07 42.141 81.003 2.015 -0.017979
0.98346 55.942 101.35 42.168 80.946 2.027 -0.028854
0.98397 55.84 101.7 42.132 80.888 2.0288 -0.039411
0.98451 55.742 102.11 42.033 80.829 2.02 -0.049412
0.98505 55.651 102.56 41.875 80.773 2.0007 -0.058617
0.98556 55.567 103.03 41.665 80.721 1.9714 -0.066792
0.98599 55.49 103.53 41.414 80.673 1.9327 -0.073711
0.98631 55.421 104.04 41.135 80.631 1.8857 -0.079172
0.98648 55.358 104.55 40.841 80.595 1.832 -0.083001
0.98649 55.301 105.06 40.547 80.567 1.7732 -0.08507
0.98631 55.248 105.57 40.267 80.547 1.7111 -0.085298
0.98595 55.198 106.05 40.012 80.538 1.6476 -0.083669
0.98542 55.149 106.51 39.793 80.54 1.5846 -0.08023
0.98474 55.103 106.92 39.618 80.552 1.5239 -0.075099
0.98393 55.06 107.27 39.489 80.576 1.4671 -0.068458
0.98304 55.02 107.53 39.407 80.611 1.4157 -0.060549
0.98212 54.985 107.69 39.371 80.655 1.3707 -0.051668
0.98122 54.957 107.73 39.373 80.705 1.3329 -0.042147
0.98038 54.937 107.64 39.406 80.76 1.3026 -0.032347
0.97966 54.925 107.42 39.459 80.815 1.2799 -0.022639
0.97909 54.923 107.07 39.522 80.867 1.2645 -0.013392
0.9787 54.928 106.6 39.583 80.913 1.256 -0.0049621
0.97851 54.94 106.03 39.631 80.948 1.2535 0.0023184
0.97852 54.957 105.39 39.656 80.971 1.2561 0.0081485
0.97872 54.975 104.69 39.652 80.978 1.263 0.012264
0.97909 54.993 103.98 39.614 80.969 1.273 0.014439
0.9796 55.006 103.28 39.541 80.943 1.2853 0.014492
0.98022 55.012 102.62 39.433 80.901 1.2991 0.012284
0.98088 55.009 102.04 39.295 80.844 1.3136 0.0077234
0.98157 54.994 101.54 39.136 80.776 1.3285 0.00076731
0.98222 54.967 101.15 38.964 80.698 1.3434 -0.0085731
0.98281 54.929 100.88 38.792 80.615 1.3581 -0.020227
0.9833 54.879 100.75 38.632 80.53 1.3725 -0.034058
0.98369 54.82 100.75 38.496 80.446 1.3867 -0.049858
0.98396 54.753 100.87 38.396 80.367 1.4007 -0.067343
0.98412 54.683 101.1 38.342 80.295 1.4147 -0.086151
0.98418 54.609 101.43 38.342 80.232 1.4289 -0.10584
0.98416 54.536 101.83 38.402 80.181 1.4433 -0.12591
0.98408 54.465 102.26 38.524 80.142 1.4579 -0.14579
0.98396 54.397 102.7 38.707 80.115 1.4729 -0.16488
0.98383 54.332 103.12 38.946 80.102 1.4883 -0.18257
0.9837 54.271 103.48 39.234 80.101 1.5041 -0.19824
0.98358 54.211 103.75 39.563 80.113 1.5205 -0.21134
0.98348 54.153 103.92 39.922 80.136 1.5377 -0.2214
0.98341 54.094 103.97 40.297 80.17 1.5558 -0.22805
0.98335 54.034 103.9 40.677 80.213 1.5754 -0.23105
0.98331 53.971 103.69 41.049 80.263 1.5968 -0.23032
0.98327 53.904 103.38 41.402 80.319 1.6207 -0.22596
0.98324 53.835 102.96 41.726 80.377 1.6478 -0.21826
0.9832 53.765 102.48 42.015 80.436 1.6787 -0.20764
0.98315 53.695 101.96 42.262 80.492 1.7141 -0.19473
0.98309 53.631 101.44 42.465 80.544 1.7546 -0.18023
0.98302 53.576 100.94 42.623 80.588 1.8009 -0.16501
0.98295 53.535 100.51 42.737 80.625 1.8532 -0.14994
0.98289 53.514 100.16 42.81 80.652 1.9117 -0.13594
0.98283 53.519 99.914 42.846 80.67 1.9766 -0.12391
0.9828 53.552 99.79 42.849 80.679 2.0474 -0.11467
0.98278 53.618 99.79 42.823 80.681 2.1238 -0.10893
0.9828 53.716 99.911 42.773 80.677 2.2052 -0.10728
0.98284 53.847 100.14 42.703 80.67 2.2907 -0.11013
0.98291 54.006 100.47 42.614 80.66 2.3793 -0.1177
0.983 54.187 100.87 42.509 80.651 2.47 -0.13001
0.9831 54.383 101.33 42.389 80.642 2.5616 -0.14691
0.9832 54.584 101.8 42.254 80.635 2.653 -0.16804
0.98331 54.779 102.27 42.104 80.629 2.7429 -0.19286
0.98341 54.958 102.71 41.941 80.624 2.8303 -0.22072
0.9835 55.112 103.09 41.763 80.619 2.914 -0.25083
0.98358 55.232 103.4 41.573 80.612 2.9932 -0.28232
0.98365 55.314 103.62 41.373 80.602 3.0668 -0.31428
0.98372 55.352 103.73 41.168 80.587 3.1341 -0.34583
0.98377 55.348 103.73 40.96 80.565 3.1946 -0.37609
0.98382 55.304 103.62 40.758 80.536 3.2478 -0.40427
0.98386 55.226 103.41 40.565 80.5 3.2934 -0.42971
0.98389 55.12 103.11 40.389 80.456 3.3314 -0.45186
0.98392 54.996 102.75 40.237 80.405 3.362 -0.47034
0.98394 54.862 102.34 40.114 80.35 3.3854 -0.48494
0.98395 54.728 101.93 40.023 80.29 3.4023 -0.49562
0.98394 54.601 101.53 39.969 80.23 3.4133 -0.50248
0.98391 54.488 101.17 39.952 80.172 3.4193 -0.5058
0.98387 54.393 100.89 39.972 80.118 3.4212 -0.50598
0.98382 54.317 100.7 40.027 80.072 3.4201 -0.50351
0.98376 54.26 100.6 40.112 80.035 3.4169 -0.49895
0.98369 54.221 100.61 40.222 80.01 3.4126 -0.4929
0.98363 54.195 100.71 40.351 79.997 3.408 -0.48594
0.98357 54.178 100.89 40.494 79.999 3.4037 -0.47863
0.98353 54.166 101.13 40.643 80.014 3.4 -0.47147
0.98351 54.155 101.41 40.795 80.042 3.3972 -0.4649
0.98351 54.143 101.7 40.943 80.083 3.3951 -0.45923
0.98352 54.128 101.96 41.086 80.134 3.3933 -0.4547
0.98356 54.111 102.19 41.22 80.193 3.3914 -0.45144
0.98361 54.092 102.35 41.345 80.258 3.3885 -0.4495
0.98366 54.073 102.45 41.461 80.326 3.384 -0.44885
0.98372 54.058 102.46 41.568 80.395 3.3771 -0.4494
0.98378 54.049 102.4 41.667 80.464 3.3671 -0.45101
0.98382 54.049 102.27 41.759 80.53 3.3534 -0.45353
0.98386 54.06 102.08 41.843 80.593 3.3359 -0.4568
0.98388 54.082 101.86 41.919 80.65 3.3147 -0.46065
0.98388 54.115 101.63 41.985 80.702 3.29 -0.46495
0.98387 54.158 101.4 42.038 80.748 3.2628 -0.46956
0.98385 54.207 101.2 42.075 80.786 3.234 -0.47438
0.98382 54.26 101.05 42.092 80.818 3.2051 -0.47932
0.9838 54.313 100.96 42.084 80.842 3.1777 -0.48432
0.98378 54.36 100.94 42.049 80.858 3.1535 -0.48931
0.98376 54.399 100.99 41.984 80.864 3.1343 -0.49421
0.98375 54.424 101.11 41.888 80.861 3.1216 -0.49898
0.98375 54.435 101.3 41.764 80.849 3.117 -0.50353
0.98374 54.43 101.53 41.616 80.827 3.1213 -0.50777
0.98372 54.407 101.81 41.449 80.797 3.1353 -0.51163
0.98368 54.368 102.1 41.273 80.76 3.1591 -0.51501
0.98362 54.314 102.39 41.098 80.718 3.1923 -0.51784
0.98353 54.248 102.66 40.935 80.672 3.234 -0.52006
0.98339 54.174 102.88 40.797 80.626 3.2827 -0.52162
0.98322 54.095 103.04 40.695 80.581 3.3368 -0.52252
0.98301 54.016 103.11 40.64 80.541 3.3941 -0.52281
0.98278 53.94 103.09 40.639 80.507 3.4524 -0.52255
0.98254 53.87 102.96 40.697 80.481 3.5094 -0.52186
0.98229 53.809 102.73 40.815 80.462 3.5631 -0.5209
0.98206 53.759 102.4 40.989 80.451 3.6115 -0.51984
0.98187 53.718 101.98 41.212 80.447 3.6533 -0.51888
0.98172 53.688 101.49 41.473 80.446 3.6873 -0.5182
0.98163 53.665 100.97 41.757 80.448 3.7131 -0.51797
0.98161 53.648 100.45 42.048 80.448 3.7308 -0.51834
0.98166 53.634 99.967 42.327 80.444 3.7409 -0.51938
0.98176 53.618 99.555 42.576 80.432 3.7443 -0.52114
0.98193 53.6 99.254 42.777 80.41 3.7425 -0.52358
0.98214 53.576 99.094 42.915 80.376 3.7372 -0.5266
0.98238 53.546 99.094 42.978 80.33 3.7299 -0.53004
0.98264 53.509 99.266 42.959 80.272 3.7226 -0.53368
0.98291 53.466 99.608 42.852 80.204 3.7169 -0.53728
0.98317 53.421 100.1 42.66 80.128 3.7143 -0.54054
0.98341 53.376 100.73 42.389 80.049 3.7159 -0.54321
0.98363 53.336 101.44 42.048 79.972 3.7227 -0.54501
0.98383 53.307 102.21 41.651 79.9 3.7353 -0.54574
0.984 53.292 102.97 41.214 79.839 3.7538 -0.54523
0.98415 53.297 103.68 40.755 79.792 3.7781 -0.54341
0.98427 53.325 104.3 40.292 79.763 3.8081 -0.54026
0.98438 53.377 104.79 39.843 79.755 3.8432 -0.53589
0.98446 53.453 105.12 39.424 79.769 3.8828 -0.53045
0.98452 53.55 105.28 39.049 79.803 3.9262 -0.5242
0.98457 53.664 105.25 38.729 79.855 3.973 -0.51745
0.9846 53.788 105.05 38.473 79.923 4.0224 -0.51055
0.9846 53.914 104.68 38.284 80.003 4.0742 -0.50388
0.98459 54.033 104.16 38.164 80.088 4.1278 -0.49784
0.98457 54.135 103.53 38.111 80.174 4.183 -0.49277
0.98454 54.213 102.8 38.121 80.255 4.2396 -0.489
0.98451 54.259 102.01 38.187 80.327 4.2976 -0.48676
0.98448 54.268 101.2 38.301 80.385 4.3567 -0.48624
0.98448 54.239 100.38 38.453 80.427 4.4168 -0.48751
0.98451 54.171 99.601 38.633 80.451 4.4777 -0.49056
0.98459 54.068 98.872 38.832 80.457 4.5392 -0.49526
0.98471 53.937 98.219 39.038 80.444 4.6007 -0.50144
0.98488 53.786 97.66 39.243 80.415 4.6617 -0.50882
0.98511 53.625 97.204 39.435 80.373 4.7216 -0.51707
0.98537 53.464 96.856 39.608 80.32 4.7795 -0.52582
0.98568 53.313 96.615 39.753 80.26 4.8344 -0.53469
0.986 53.18 96.476 39.864 80.197 4.8855 -0.5433
0.98632 53.073 96.428 39.934 80.133 4.9315 -0.55127
0.98662 52.997 96.455 39.959 80.072 4.9715 -0.55831
0.98688 52.953 96.542 39.935 80.016 5.0042 -0.56412
0.98709 52.941 96.672 39.861 79.967 5.0288 -0.56852
0.98722 52.959 96.824 39.737 79.927 5.0442 -0.57134
0.98727 53.002 96.983 39.564 79.896 5.0496 -0.57254
0.98724 53.066 97.132 39.346 79.875 5.0445 -0.57209
0.98713 53.143 97.257 39.088 79.864 5.0285 -0.57006
0.98695 53.228 97.347 38.798 79.861 5.0014 -0.56655
0.98671 53.315 97.394 38.485 79.866 4.9637 -0.56172
0.98643 53.398 97.395 38.159 79.878 4.9159 -0.55577
0.98613 53.474 97.35 37.832 79.895 4.8591 -0.54893
0.98583 53.54 97.266 37.516 79.914 4.7949 -0.54145
0.98555 53.593 97.154 37.221 79.934 4.7252 -0.53362
0.98531 53.634 97.028 36.959 79.954 4.6524 -0.52573
0.98513 53.663 96.907 36.739 79.969 4.5792 -0.5181
0.98501 53.679 96.813 36.568 79.979 4.5085 -0.51104
0.98496 53.686 96.764 36.451 79.981 4.4436 -0.50487
0.98496 53.683 96.781 36.389 79.973 4.3873 -0.49991
0.98501 53.672 96.876 36.383 79.953 4.3427 -0.49644
0.9851 53.654 97.059 36.428 79.92 4.3121 -0.4947
0.98519 53.63 97.33 36.518 79.875 4.2975 -0.49487
0.98528 53.602 97.683 36.646 79.819 4.2998 -0.49705
0.98534 53.569 98.104 36.801 79.754 4.3194 -0.50125
0.98535 53.532 98.573 36.973 79.683 4.3553 -0.50734
0.9853 53.493 99.064 37.152 79.609 4.4058 -0.51504
0.98516 53.451 99.548 37.327 79.537 4.4681 -0.52396
0.98495 53.409 99.995 37.49 79.471 4.5382 -0.53352
0.98466 53.368 100.38 37.633 79.413 4.6119 -0.54304
0.9843 53.33 100.67 37.75 79.368 4.6842 -0.5517
0.98389 53.296 100.85 37.838 79.335 4.7499 -0.5586
0.98345 53.269 100.9 37.894 79.315 4.8041 -0.5628
0.98301 53.251 100.83 37.919 79.306 4.8424 -0.56339
0.98259 53.245 100.62 37.913 79.306 4.8609 -0.5595
0.98222 53.251 100.3 37.879 79.312 4.857 -0.5504
0.98192 53.271 99.887 37.819 79.319 4.8291 -0.53556
0.9817 53.305 99.403 37.738 79.325 4.7772 -0.51466
0.98159 53.353 98.886 37.637 79.326 4.7025 -0.48766
0.98156 53.411 98.373 37.52 79.321 4.6074 -0.45484
0.98163 53.477 97.903 37.389 79.309 4.4956 -0.41675
0.98178 53.548 97.511 37.248 79.293 4.3716 -0.37426
0.982 53.618 97.226 37.099 79.273 4.2405 -0.32846
0.98226 53.683 97.068 36.944 79.255 4.1076 -0.28069
0.98255 53.739 97.043 36.786 79.242 3.9781 -0.23238
0.98285 53.782 97.144 36.63 79.239 3.8567 -0.18505
0.98315 53.809 97.352 36.48 79.25 3.7474 -0.14018
0.98342 53.818 97.633 36.341 79.277 3.6532 -0.099137
0.98368 53.81 97.944 36.22 79.323 3.576 -0.063101
0.98391 53.787 98.235 36.125 79.389 3.5166 -0.032985
0.98413 53.75 98.455 36.062 79.473 3.4742 -0.0093875
0.98432 53.704 98.556 36.038 79.574 3.4475 0.0074317
0.9845 53.654 98.502 36.062 79.688 3.4338 0.017564
0.98466 53.605 98.266 36.139 79.814 3.43 0.021433
0.98481 53.561 97.842 36.273 79.946 3.4325 0.019754
0.98494 53.525 97.237 36.466 80.082 3.4376 0.01347
0.98505 53.502 96.48 36.717 80.218 3.4415 0.0036826
0.98514 53.493 95.613 37.024 80.352 3.4411 -0.008443
0.98519 53.497 94.687 37.381 80.48 3.4338 -0.021761
0.9852 53.516 93.762 37.779 80.602 3.4175 -0.035232
0.98517 53.546 92.897 38.207 80.714 3.3914 -0.048
0.98509 53.585 92.144 38.653 80.815 3.3552 -0.059448
0.98498 53.632 91.547 39.102 80.902 3.3097 -0.069237
0.98483 53.682 91.134 39.542 80.974 3.2563 -0.077322
0.98466 53.735 90.917 39.958 81.026 3.1974 -0.083939
0.98447 53.786 90.894 40.338 81.057 3.1356 -0.089573
0.98427 53.836 91.048 40.671 81.064 3.0741 -0.094905
0.98409 53.883 91.35 40.949 81.045 3.016 -0.10074
0.98391 53.926 91.764 41.166 80.999 2.9645 -0.10794
0.98377 53.965 92.253 41.32 80.925 2.9227 -0.11733
0.98365 54.001 92.781 41.41 80.826 2.893 -0.1296
0.98356 54.034 93.317 41.44 80.705 2.8774 -0.1453
0.9835 54.063 93.838 41.415 80.566 2.8774 -0.16473
0.98346 54.09 94.328 41.344 80.418 2.8935 -0.18792
0.98345 54.114 94.783 41.235 80.266 2.9256 -0.21464
0.98345 54.135 95.203 41.101 80.12 2.973 -0.2444
0.98346 54.152 95.59 40.95 79.987 3.0342 -0.27645
0.98348 54.166 95.952 40.795 79.875 3.107 -0.30989
0.9835 54.174 96.291 40.646 79.79 3.1889 -0.34368
0.98352 54.177 96.605 40.51 79.736 3.277 -0.37673
0.98355 54.173 96.889 40.396 79.715 3.3683 -0.40798
0.98357 54.162 97.129 40.309 79.727 3.4594 -0.43641
0.98361 54.144 97.311 40.249 79.769 3.5474 -0.46118
0.98367 54.118 97.414 40.219 79.836 3.6291 -0.4816
0.98374 54.085 97.421 40.214 79.922 3.7021 -0.49718
0.98385 54.046 97.318 40.231 80.019 3.764 -0.50767
0.98399 54.001 97.097 40.261 80.119 3.813 -0.51301
0.98416 53.952 96.757 40.295 80.213 3.8477 -0.51332
0.98437 53.902 96.307 40.324 80.296 3.8672 -0.50891
0.9846 53.852 95.767 40.335 80.36 3.8712 -0.5002
0.98486 53.805 95.162 40.318 80.4 3.8598 -0.4877
0.98512 53.763 94.524 40.262 80.415 3.8336 -0.47198
0.98537 53.729 93.888 40.159 80.403 3.7937 -0.45361
0.9856 53.704 93.29 40.002 80.365 3.7415 -0.43319
0.98578 53.69 92.761 39.787 80.302 3.6789 -0.41125
0.98591 53.687 92.329 39.515 80.219 3.608 -0.38834
0.98597 53.694 92.013 39.19 80.12 3.5313 -0.36492
0.98595 53.711 91.823 38.818 80.009 3.4513 -0.34144
0.98585 53.734 91.763 38.413 79.893 3.3707 -0.3183
0.98568 53.761 91.824 37.987 79.775 3.2924 -0.29588
0.98545 53.787 91.991 37.557 79.662 3.2189 -0.27452
0.98516 53.81 92.244 37.144 79.557 3.1528 -0.25452
0.98485 53.824 92.556 36.763 79.464 3.0962 -0.23616
0.98453 53.829 92.899 36.435 79.385 3.0511 -0.21966
0.98423 53.82 93.246 36.175 79.322 3.0186 -0.20521
0.98397 53.797 93.572 35.996 79.277 2.9997 -0.1929
0.98377 53.76 93.853 35.906 79.249 2.9944 -0.18277
0.98365 53.709 94.073 35.911 79.238 3.0024 -0.17477
0.98361 53.648 94.222 36.009 79.243 3.0226 -0.16876
0.98365 53.578 94.293 36.195 79.262 3.0533 -0.16452
0.98378 53.503 94.288 36.457 79.293 3.0924 -0.16177
0.98398 53.426 94.212 36.782 79.334 3.1374 -0.16014
0.98424 53.353 94.074 37.151 79.382 3.1856 -0.15927
0.98452 53.285 93.889 37.544 79.435 3.2341 -0.15877
0.98482 53.225 93.671 37.94 79.491 3.2802 -0.15828
0.98511 53.177 93.435 38.319 79.548 3.3212 -0.15748
0.98536 53.142 93.198 38.66 79.604 3.355 -0.15615
0.98555 53.121 92.976 38.949 79.659 3.3797 -0.15415
0.98568 53.116 92.781 39.172 79.713 3.3943 -0.15146
0.98574 53.127 92.628 39.321 79.764 3.3981 -0.14816
0.98571 53.154 92.525 39.393 79.814 3.3912 -0.14446
0.98562 53.197 92.482 39.389 79.862 3.374 -0.14063
0.98548 53.257 92.507 39.314 79.908 3.3477 -0.13701
0.98529 53.332 92.605 39.177 79.952 3.3138 -0.13399
0.98509 53.421 92.781 38.99 79.995 3.274 -0.13194
0.9849 53.522 93.038 38.767 80.035 3.2302 -0.13121
0.98475 53.632 93.379 38.523 80.071 3.1844 -0.13207
0.98464 53.747 93.803 38.27 80.103 3.1385 -0.1347
0.98461 53.863 94.308 38.024 80.131 3.094 -0.13919
0.98465 53.975 94.886 37.793 80.153 3.0523 -0.14546
0.98477 54.078 95.526 37.586 80.169 3.0143 -0.15336
0.98497 54.166 96.213 37.409 80.179 2.9807 -0.16259
0.98522 54.237 96.924 37.261 80.184 2.9516 -0.17278
0.9855 54.287 97.637 37.141 80.184 2.9268 -0.18348
0.98579 54.314 98.322 37.046 80.182 2.906 -0.19422
0.98605 54.319 98.951 36.966 80.177 2.8884 -0.20453
0.98625 54.305 99.498 36.896 80.173 2.8732 -0.21397
0.98636 54.275 99.936 36.825 80.17 2.8597 -0.22218
0.98635 54.236 100.25 36.744 80.169 2.8469 -0.22887
0.9862 54.194 100.41 36.646 80.171 2.8344 -0.23389
0.98592 54.157 100.42 36.524 80.177 2.8215 -0.23721
0.9855 54.132 100.28 36.374 80.186 2.808 -0.2389
0.98497 54.125 99.994 36.195 80.197 2.7938 -0.23917
0.98434 54.138 99.573 35.986 80.21 2.7793 -0.23829
0.98365 54.175 99.038 35.751 80.225 2.7648 -0.23663
0.98295 54.235 98.417 35.494 80.239 2.7509 -0.23457
0.98227 54.314 97.739 35.223 80.253 2.7383 -0.2325
0.98165 54.407 97.037 34.944 80.265 2.7278 -0.23077
0.98114 54.507 96.344 34.667 80.276 2.7202 -0.22968
0.98075 54.604 95.692 34.398 80.284 2.7161 -0.22945
0.98051 54.691 95.11 34.146 80.29 2.7162 -0.23017
0.98041 54.758 94.619 33.917 80.292 2.721 -0.23184
0.98046 54.798 94.238 33.717 80.289 2.7307 -0.23437
0.98063 54.806 93.976 33.549 80.282 2.7455 -0.23753
0.9809 54.779 93.838 33.417 80.269 2.7655 -0.24106
0.98124 54.715 93.82 33.32 80.249 2.7905 -0.24463
0.9816 54.618 93.916 33.26 80.222 2.8202 -0.24789
0.98196 54.491 94.115 33.237 80.186 2.8545 -0.25052
0.98229 54.34 94.402 33.247 80.141 2.893 -0.25223
0.98255 54.173 94.763 33.292 80.088 2.9354 -0.25281
0.98273 53.998 95.182 33.369 80.028 2.9814 -0.25214
0.98283 53.822 95.645 33.476 79.96 3.0308 -0.25021
0.98283 53.652 96.135 33.614 79.888 3.0832 -0.24712
0.98277 53.495 96.638 33.78 79.812 3.1386 -0.24305
0.98264 53.354 97.14 33.974 79.735 3.1965 -0.23826
0.98248 53.231 97.625 34.195 79.66 3.2567 -0.2331
0.98231 53.127 98.081 34.442 79.589 3.3188 -0.2279
0.98215 53.041 98.492 34.71 79.523 3.382 -0.22302
0.98202 52.969 98.847 34.998 79.464 3.4458 -0.21875
0.98194 52.91 99.133 35.301 79.413 3.5091 -0.21533
0.98192 52.861 99.341 35.612 79.371 3.5706 -0.21291
0.98195 52.819 99.465 35.924 79.336 3.6291 -0.21152
0.98204 52.781 99.5 36.229 79.308 3.683 -0.21111
0.98218 52.747 99.447 36.517 79.286 3.7306 -0.21151
0.98234 52.716 99.311 36.777 79.268 3.7702 -0.21246
0.98253 52.689 99.102 37.001 79.254 3.8004 -0.21365
0.98271 52.668 98.83 37.178 79.242 3.8196 -0.21474
0.98288 52.655 98.512 37.3 79.233 3.8268 -0.21539
0.98304 52.652 98.163 37.36 79.226 3.8215 -0.21531
0.98317 52.662 97.799 37.355 79.223 3.8034 -0.21425
0.98328 52.686 97.434 37.283 79.223 3.7731 -0.2121
0.98337 52.725 97.08 37.147 79.228 3.7316 -0.20882
0.98347 52.779 96.742 36.952 79.24 3.6807 -0.20449
0.98357 52.848 96.424 36.708 79.258 3.6227 -0.19933
0.9837 52.929 96.124 36.426 79.285 3.5603 -0.19362
0.98386 53.021 95.837 36.122 79.321 3.4966 -0.18773
0.98406 53.118 95.556 35.811 79.366 3.435 -0.18206
0.98431 53.218 95.273 35.513 79.419 3.3787 -0.17702
0.98461 53.316 94.983 35.243 79.48 3.3308 -0.17298
0.98495 53.408 94.682 35.019 79.548 3.294 -0.17027
0.98531 53.491 94.371 34.854 79.62 3.2704 -0.1691
0.98569 53.562 94.057 34.76 79.695 3.2612 -0.16959
0.98606 53.62 93.751 34.744 79.77 3.2671 -0.17173
0.98641 53.662 93.468 34.808 79.842 3.2875 -0.17539
0.98672 53.691 93.228 34.95 79.906 3.3213 -0.18035
0.98698 53.707 93.048 35.164 79.962 3.3663 -0.18628
0.98716 53.713 92.948 35.439 80.004 3.42 -0.19282
0.98728 53.711 92.94 35.761 80.031 3.479 -0.19956
0.98733 53.706 93.029 36.112 80.041 3.54 -0.20612
0.98732 53.7 93.213 36.474 80.034 3.5996 -0.21215
0.98726 53.699 93.477 36.828 80.008 3.6544 -0.21739
0.98715 53.703 93.797 37.156 79.967 3.7018 -0.22167
0.98704 53.717 94.138 37.442 79.912 3.7395 -0.22491
0.98691 53.741 94.458 37.674 79.847 3.7662 -0.22715
0.98681 53.776 94.712 37.842 79.776 3.7814 -0.22856
0.98673 53.821 94.858 37.942 79.704 3.7852 -0.22937
0.98668 53.874 94.856 37.974 79.635 3.7789 -0.22989
0.98667 53.933 94.679 37.943 79.575 3.764 -0.23046
0.98669 53.995 94.312 37.857 79.529 3.7428 -0.23143
0.98675 54.054 93.759 37.728 79.499 3.7177 -0.23312
0.98682 54.107 93.039 37.57 79.488 3.6913 -0.23579
0.98689 54.149 92.187 37.399 79.498 3.666 -0.23964
0.98696 54.176 91.254 37.229 79.527 3.6435 -0.24475
0.987 54.186 90.298 37.077 79.575 3.6254 -0.2511
0.98701 54.175 89.381 36.953 79.639 3.6123 -0.25855
0.98699 54.144 88.567 36.868 79.713 3.6044 -0.26689
0.98692 54.091 87.909 36.828 79.793 3.6011 -0.27581
0.98682 54.019 87.452 36.837 79.873 3.601 -0.28492
0.98668 53.932 87.224 36.892 79.947 3.6025 -0.29384
0.98652 53.834 87.235 36.991 80.01 3.6038 -0.30215
0.98635 53.73 87.477 37.125 80.058 3.6026 -0.30947
0.98617 53.628 87.924 37.285 80.087 3.5973 -0.31546
0.986 53.536 88.537 37.458 80.098 3.5861 -0.31988
0.98585 53.462 89.262 37.632 80.089 3.5681 -0.32253
0.98572 53.412 90.043 37.794 80.064 3.5429 -0.32334
0.98563 53.393 90.822 37.932 80.024 3.5106 -0.32233
0.98556 53.41 91.545 38.034 79.975 3.4723 -0.31959
0.98552 53.466 92.168 38.091 79.92 3.4296 -0.31531
0.98552 53.562 92.66 38.098 79.865 3.3846 -0.30973
0.98555 53.695 93.005 38.048 79.814 3.3398 -0.30314
0.9856 53.86 93.201 37.941 79.771 3.2977 -0.29583
0.98567 54.05 93.261 37.778 79.739 3.2611 -0.28813
0.98576 54.255 93.211 37.562 79.72 3.2322 -0.28031
0.98587 54.466 93.083 37.3 79.715 3.2129 -0.27266
0.98598 54.67 92.914 36.997 79.725 3.2045 -0.2654
0.9861 54.856 92.74 36.665 79.747 3.2076 -0.25871
0.98621 55.017 92.592 36.314 79.782 3.2221 -0.25274
0.98631 55.144 92.494 35.953 79.826 3.2471 -0.24759
0.9864 55.232 92.46 35.595 79.876 3.281 -0.24332
0.98646 55.281 92.494 35.25 79.93 3.3219 -0.23997
0.98649 55.291 92.588 34.929 79.983 3.3673 -0.23754
0.98649 55.267 92.727 34.641 80.033 3.4146 -0.23602
0.98644 55.214 92.888 34.395 80.077 3.4611 -0.23539
0.98636 55.141 93.047 34.197 80.112 3.5044 -0.23561
0.98625 55.054 93.178 34.053 80.136 3.5423 -0.23665
0.9861 54.964 93.259 33.965 80.149 3.5733 -0.23843
0.98594 54.875 93.272 33.936 80.151 3.5962 -0.24089
0.98578 54.794 93.209 33.966 80.145 3.6105 -0.24393
0.98563 54.725 93.069 34.053 80.132 3.6164 -0.24743
0.98549 54.669 92.863 34.194 80.115 3.6145 -0.25125
0.98539 54.627 92.607 34.385 80.097 3.6057 -0.25522
0.98533 54.597 92.326 34.619 80.081 3.5914 -0.25915
0.9853 54.576 92.048 34.891 80.068 3.5732 -0.26282
0.98532 54.562 91.802 35.194 80.061 3.5525 -0.26601
0.98536 54.553 91.617 35.52 80.06 3.5309 -0.2685
0.98543 54.545 91.517 35.863 80.064 3.5097 -0.27006
0.98551 54.536 91.518 36.215 80.072 3.4898 -0.27052
0.98559 54.527 91.631 36.569 80.081 3.4718 -0.26974
0.98566 54.515 91.854 36.921 80.09 3.4562 -0.26763
0.98571 54.502 92.181 37.265 80.096 3.443 -0.26417
0.98573 54.488 92.595 37.596 80.097 3.4318 -0.25944
0.98573 54.475 93.076 37.912 80.094 3.4222 -0.25357
0.9857 54.462 93.597 38.208 80.085 3.4138 -0.24678
0.98565 54.45 94.133 38.484 80.071 3.406 -0.23935
0.98559 54.439 94.657 38.738 80.055 3.3982 -0.23163
0.98553 54.428 95.147 38.97 80.04 3.3902 -0.22399
0.98549 54.416 95.585 39.18 80.027 3.3818 -0.21683
0.98546 54.401 95.957 39.37 80.022 3.3731 -0.2105
0.98547 54.382 96.259 39.54 80.025 3.3644 -0.20535
0.98551 54.356 96.489 39.692 80.042 3.3564 -0.20165
0.98558 54.322 96.653 39.829 80.072 3.3496 -0.19958
0.9857 54.28 96.759 39.952 80.117 3.3448 -0.19923
0.98584 54.227 96.82 40.063 80.177 3.343 -0.20058
0.986 54.165 96.849 40.164 80.25 3.3447 -0.20351
0.98618 54.095 96.862 40.256 80.334 3.3507 -0.2078
0.98635 54.019 96.87 40.34 80.426 3.3613 -0.21315
0.98651 53.939 96.884 40.417 80.52 3.3766 -0.2192
0.98665 53.858 96.912 40.485 80.614 3.3964 -0.22558
0.98676 53.78 96.956 40.544 80.702 3.4205 -0.23189
0.98684 53.707 97.017 40.59 80.78 3.4479 -0.23779
0.98688 53.643 97.088 40.623 80.844 3.4778 -0.24298
0.9869 53.589 97.162 40.637 80.89 3.509 -0.24723
0.98688 53.548 97.227 40.63 80.915 3.5403 -0.25042
0.98684 53.521 97.272 40.598 80.918 3.5705 -0.25253
0.98677 53.508 97.285 40.539 80.898 3.5983 -0.25362
0.9867 53.508 97.254 40.448 80.855 3.6226 -0.25384
0.98661 53.52 97.172 40.326 80.789 3.6427 -0.25341
0.98652 53.542 97.034 40.173 80.705 3.6578 -0.2526
0.98643 53.572 96.84 39.991 80.604 3.6675 -0.25166
0.98634 53.607 96.593 39.782 80.491 3.6719 -0.25088
0.98626 53.643 96.302 39.554 80.372 3.6709 -0.25047
0.98619 53.678 95.979 39.313 80.25 3.6651 -0.2506
0.98612 53.708 95.637 39.068 80.133 3.6549 -0.25137
0.98606 53.732 95.294 38.829 80.025 3.6411 -0.2528
0.98602 53.748 94.967 38.606 79.933 3.6245 -0.25483
0.98598 53.755 94.674 38.411 79.861 3.6059 -0.25737
0.98595 53.753 94.43 38.252 79.813 3.586 -0.26025
0.98592 53.746 94.25 38.139 79.791 3.5656 -0.26329
0.9859 53.734 94.144 38.077 79.797 3.5452 -0.26632
0.98587 53.724 94.121 38.071 79.83 3.5253 -0.26919
0.98585 53.718 94.185 38.124 79.887 3.5063 -0.27178
0.98581 53.723 94.335 38.233 79.964 3.4882 -0.27405
0.98576 53.745 94.568 38.394 80.055 3.4713 -0.27599
0.9857 53.787 94.874 38.601 80.155 3.4553 -0.27768
0.98563 53.855 95.241 38.845 80.255 3.4403 -0.27923
0.98554 53.948 95.652 39.115 80.348 3.4258 -0.28077
0.98544 54.068 96.087 39.399 80.427 3.4118 -0.28245
0.98533 54.21 96.524 39.684 80.487 3.3977 -0.28439
0.98522 54.368 96.941 39.958 80.524 3.3833 -0.28669
0.98511 54.531 97.314 40.208 80.533 3.3682 -0.28935
0.98503 54.685 97.625 40.424 80.515 3.352 -0.29231
0.98496 54.815 97.857 40.596 80.469 3.3343 -0.29542
0.98492 54.901 98 40.717 80.4 3.3149 -0.29843
0.98492 54.923 98.05 40.782 80.311 3.2934 -0.30106
0.98496 54.861 98.009 40.787 80.208 3.2698 -0.30295
0.98503 54.698 97.886 40.731 80.097 3.2439 -0.30374
0.98513 54.417 97.695 40.616 79.986 3.2159 -0.3031
0.98526 54.007 97.454 40.442 79.881 3.1861 -0.30076
0.9854 53.463 97.183 40.216 79.788 3.1549 -0.29655
0.98553 52.787 96.904 39.941 79.713 3.123 -0.29042
0.98565 51.988 96.635 39.623 79.659 3.0912 -0.28246
0.98573 51.081 96.394 39.271 79.629 3.0607 -0.27293
0.98578 50.088 96.192 38.89 79.622 3.0327 -0.26221
0.98578 49.038 96.037 38.489 79.636 3.0084 -0.25081
0.98573 47.96 95.93 38.075 79.667 2.9892 -0.23934
0.98563 46.886 95.866 37.656 79.709 2.9763 -0.22843
0.98549 45.848 95.837 37.239 79.757 2.9709 -0.21874
0.98531 44.872 95.829 36.831 79.802 2.9738 -0.21083
0.98511 43.981 95.825 36.437 79.838 2.9857 -0.2052
0.98491 43.192 95.81 36.063 79.859 3.0068 -0.20218
0.98471 42.512 95.765 35.712 79.86 3.037 -0.20193
0.98454 41.944 95.677 35.387 79.837 3.0756 -0.20442
0.9844 41.484 95.533 35.088 79.789 3.1218 -0.20944
0.98433 41.123 95.326 34.815 79.717 3.1743 -0.21661
0.98431 40.846 95.056 34.566 79.624 3.2313 -0.22539
0.98437 40.637 94.725 34.337 79.513 3.2912 -0.23517
0.9845 40.48 94.343 34.124 79.39 3.3521 -0.24527
0.98469 40.357 93.925 33.922 79.262 3.412 -0.25502
0.98495 40.254 93.489 33.725 79.134 3.4693 -0.26382
0.98525 40.159 93.056 33.526 79.014 3.5226 -0.27115
0.98558 40.061 92.648 33.32 78.906 3.5708 -0.27664
0.98592 39.954 92.284 33.101 78.815 3.6131 -0.28008
0.98625 39.835 91.982 32.866 78.742 3.6495 -0.28142
0.98654 39.702 91.756 32.611 78.688 3.68 -0.2808
0.98679 39.556 91.614 32.336 78.653 3.7055 -0.27847
0.98697 39.4 91.558 32.041 78.632 3.7271 -0.27482
0.98707 39.237 91.585 31.729 78.62 3.7462 -0.2703
0.9871 39.071 91.686 31.404 78.613 3.7644 -0.2654
0.98705 38.907 91.846 31.071 78.604 3.7837 -0.2606
0.98693 38.748 92.052 30.737 78.585 3.8057 -0.25633
0.98676 38.598 92.284 30.411 78.552 3.832 -0.25292
0.98653 38.46 92.524 30.1 78.5 3.864 -0.25061
0.98628 38.336 92.757 29.815 78.425 3.9027 -0.24952
0.98602 38.228 92.967 29.562 78.328 3.9487 -0.24963
0.98578 38.136 93.144 29.351 78.208 4.0018 -0.25083
0.98556 38.06 93.28 29.188 78.071 4.0617 -0.25289
0.98538 38.001 93.374 29.078 77.92 4.1272 -0.25554
0.98526 37.958 93.427 29.027 77.763 4.1969 -0.25844
0.9852 37.93 93.445 29.034 77.606 4.2688 -0.26129
0.98521 37.917 93.438 29.102 77.457 4.3407 -0.26377
0.98528 37.919 93.415 29.226 77.324 4.4101 -0.26566
0.98539 37.935 93.39 29.402 77.211 4.4745 -0.26678
0.98555 37.965 93.375 29.623 77.125 4.5317 -0.26708
0.98572 38.01 93.38 29.88 77.066 4.5794 -0.26657
0.9859 38.07 93.411 30.16 77.038 4.6159 -0.26536
0.98606 38.143 93.471 30.45 77.038 4.6398 -0.26367
0.98619 38.229 93.558 30.736 77.065 4.6503 -0.26174
0.98628 38.326 93.665 31.003 77.115 4.6472 -0.25986
0.9863 38.431 93.78 31.236 77.184 4.631 -0.25835
0.98628 38.54 93.889 31.419 77.267 4.6025 -0.25746
0.98619 38.647 93.975 31.54 77.359 4.5634 -0.25743
0.98607 38.749 94.025 31.588 77.455 4.5154 -0.25842
0.98592 38.839 94.024 31.554 77.55 4.4608 -0.26049
0.98576 38.912 93.965 31.433 77.641 4.4019 -0.26362
0.98561 38.965 93.845 31.226 77.725 4.3413 -0.26767
0.98549 38.993 93.667 30.935 77.8 4.2812 -0.27242
0.98543 38.996 93.439 30.567 77.865 4.2236 -0.27756
0.98542 38.972 93.176 30.134 77.921 4.1704 -0.28274
0.98549 38.924 92.895 29.652 77.967 4.1229 -0.28755
0.98563 38.855 92.616 29.139 78.005 4.082 -0.29161
0.98584 38.771 92.358 28.614 78.037 4.048 -0.29455
0.98609 38.677 92.14 28.1 78.064 4.0209 -0.29605
0.98639 38.581 91.977 27.618 78.089 4.0001 -0.29587
0.98669 38.489 91.879 27.189 78.112 3.9846 -0.29387
0.98699 38.409 91.856 26.832 78.136 3.9734 -0.29003
0.98725 38.347 91.911 26.564 78.162 3.9649 -0.2844
0.98747 38.308 92.042 26.396 78.192 3.9578 -0.27718
0.98763 38.298 92.247 26.337 78.225 3.9505 -0.26862
0.98771 38.317 92.518 26.389 78.263 3.9418 -0.25906
0.98773 38.369 92.845 26.552 78.306 3.9306 -0.24887
0.98768 38.452 93.214 26.821 78.355 3.9159 -0.23846
0.98758 38.564 93.609 27.185 78.409 3.8971 -0.2282
0.98744 38.704 94.012 27.632 78.471 3.874 -0.21845
0.98727 38.867 94.401 28.146 78.539 3.8467 -0.2095
0.9871 39.047 94.753 28.709 78.615 3.8153 -0.20156
0.98693 39.239 95.049 29.304 78.697 3.7806 -0.19478
0.98677 39.437 95.267 29.913 78.786 3.7431 -0.18918
0.98664 39.635 95.392 30.517 78.88 3.7038 -0.18474
0.98654 39.827 95.414 31.101 78.977 3.6637 -0.18133
0.98647 40.008 95.332 31.651 79.074 3.6236 -0.1788
0.98641 40.174 95.152 32.155 79.168 3.5844 -0.17693
0.98638 40.322 94.887 32.606 79.254 3.5468 -0.1755
0.98636 40.45 94.558 32.997 79.326 3.5115 -0.17429
0.98635 40.559 94.192 33.325 79.381 3.479 -0.17312
0.98635 40.65 93.819 33.589 79.414 3.4494 -0.17184
0.98634 40.724 93.468 33.79 79.421 3.4228 -0.17036
0.98633 40.785 93.167 33.933 79.4 3.3993 -0.16864
0.98631 40.834 92.94 34.022 79.352 3.3786 -0.16674
0.98628 40.874 92.803 34.065 79.277 3.3603 -0.16473
0.98623 40.909 92.766 34.069 79.18 3.3442 -0.16275
0.98618 40.94 92.832 34.043 79.067 3.3298 -0.16099
0.9861 40.968 92.995 33.994 78.943 3.3166 -0.15961
0.98601 40.996 93.242 33.932 78.818 3.3044 -0.15881
0.98589 41.024 93.555 33.866 78.699 3.2928 -0.15874
0.98575 41.052 93.912 33.803 78.594 3.2816 -0.15952
0.98558 41.081 94.286 33.75 78.512 3.2704 -0.1612
0.98539 41.113 94.652 33.714 78.457 3.2592 -0.16379
0.98519 41.146 94.985 33.698 78.434 3.2478 -0.16722
0.98498 41.182 95.261 33.707 78.444 3.2361 -0.17134
0.98478 41.221 95.463 33.742 78.487 3.2239 -0.17598
0.98459 41.264 95.578 33.803 78.56 3.2111 -0.18087
0.98445 41.309 95.601 33.888 78.658 3.1976 -0.18576
0.98435 41.357 95.532 33.994 78.775 3.1832 -0.19035
0.98432 41.407 95.379 34.116 78.903 3.1677 -0.19437
0.98436 41.457 95.155 34.248 79.034 3.151 -0.19756
0.98448 41.505 94.88 34.383 79.158 3.133 -0.19971
0.98466 41.55 94.577 34.512 79.269 3.1137 -0.20067
0.98491 41.588 94.269 34.629 79.358 3.0933 -0.20034
0.98521 41.619 93.98 34.726 79.419 3.0719 -0.19872
0.98555 41.639 93.73 34.796 79.449 3.0502 -0.19585
0.9859 41.647 93.535 34.834 79.445 3.0286 -0.19186
0.98624 41.642 93.405 34.836 79.407 3.008 -0.18693
0.98656 41.624 93.345 34.801 79.337 2.9893 -0.1813
0.98684 41.594 93.355 34.73 79.239 2.9736 -0.1752
0.98706 41.552 93.427 34.626 79.117 2.9619 -0.16891
0.98722 41.5 93.554 34.493 78.978 2.9553 -0.1627
0.98731 41.44 93.726 34.341 78.828 2.9546 -0.1568
0.98733 41.375 93.932 34.178 78.675 2.9607 -0.15143
0.98728 41.308 94.165 34.014 78.526 2.9741 -0.14676
0.98719 41.242 94.418 33.86 78.387 2.9949 -0.14291
0.98704 41.179 94.688 33.729 78.264 3.023 -0.13993
0.98687 41.122 94.973 33.632 78.161 3.0579 -0.13786
0.98668 41.074 95.274 33.577 78.081 3.0989 -0.13665
0.9865 41.035 95.59 33.573 78.025 3.1446 -0.13623
0.98633 41.009 95.921 33.626 77.994 3.1938 -0.13651
0.98618 40.994 96.264 33.738 77.986 3.2448 -0.13736
0.98607 40.991 96.613 33.91 77.998 3.296 -0.13864
0.986 40.999 96.959 34.138 78.027 3.3457 -0.14023
0.98597 41.016 97.288 34.415 78.067 3.3923 -0.142
0.98596 41.04 97.584 34.732 78.115 3.4345 -0.14385
0.98598 41.067 97.83 35.077 78.166 3.471 -0.14569
0.98602 41.094 98.007 35.434 78.216 3.5012 -0.14745
0.98605 41.117 98.099 35.787 78.262 3.5245 -0.1491
0.98606 41.133 98.091 36.118 78.301 3.5408 -0.15064
0.98605 41.137 97.976 36.411 78.332 3.5504 -0.15205
0.986 41.128 97.752 36.647 78.356 3.5538 -0.15337
0.98591 41.103 97.425 36.811 78.372 3.5519 -0.15462
0.98578 41.063 97.009 36.892 78.383 3.5458 -0.15583
0.98562 41.009 96.526 36.879 78.389 3.5365 -0.15702
0.98542 40.941 96.002 36.768 78.392 3.5254 -0.15819
0.98522 40.865 95.466 36.557 78.395 3.5136 -0.15935
0.98501 40.783 94.948 36.251 78.398 3.5022 -0.16045
0.98481 40.702 94.476 35.86 78.401 3.492 -0.16144
0.98465 40.625 94.07 35.396 78.405 3.4837 -0.16226
0.98454 40.558 93.744 34.88 78.409 3.4778 -0.16282
0.98448 40.504 93.506 34.332 78.412 3.4744 -0.16302
0.98449 40.468 93.354 33.776 78.412 3.4734 -0.16276
0.98457 40.451 93.279 33.238 78.408 3.4746 -0.16195
0.98472 40.454 93.267 32.742 78.398 3.4774 -0.16053
0.98493 40.477 93.301 32.311 78.382 3.4814 -0.15845
0.9852 40.518 93.364 31.965 78.358 3.4858 -0.15569
0.9855 40.574 93.439 31.721 78.329 3.49 -0.15227
0.98583 40.642 93.511 31.588 78.296 3.4934 -0.14828
0.98616 40.718 93.569 31.573 78.261 3.4955 -0.14382
0.98648 40.797 93.606 31.672 78.229 3.496 -0.13903
0.98677 40.874 93.617 31.88 78.203 3.4946 -0.13409
0.98701 40.946 93.602 32.182 78.19 3.4913 -0.1292
0.9872 41.01 93.56 32.562 78.192 3.4864 -0.12455
0.98731 41.062 93.495 32.998 78.215 3.4801 -0.12036
0.98736 41.102 93.409 33.467 78.261 3.4727 -0.1168
0.98733 41.129 93.306 33.946 78.332 3.4649 -0.11405
0.98723 41.144 93.187 34.41 78.426 3.4571 -0.11223
0.98708 41.15 93.056 34.84 78.54 3.4497 -0.11143
0.98687 41.149 92.913 35.218 78.671 3.4433 -0.1117
0.98662 41.145 92.759 35.531 78.811 3.4382 -0.11306
0.98634 41.142 92.597 35.771 78.952 3.4344 -0.11548
0.98606 41.144 92.425 35.934 79.086 3.432 -0.1189
0.98577 41.154 92.246 36.024 79.203 3.4309 -0.12325
0.9855 41.174 92.061 36.044 79.296 3.4306 -0.12843
0.98526 41.208 91.875 36.005 79.357 3.4307 -0.13433
0.98505 41.254 91.692 35.917 79.38 3.4307 -0.14087
0.98488 41.314 91.519 35.793 79.364 3.4298 -0.14793
0.98477 41.385 91.363 35.645 79.309 3.4274 -0.15544
0.98471 41.464 91.236 35.483 79.215 3.4228 -0.16329
0.9847 41.547 91.145 35.317 79.09 3.4155 -0.17142
0.98475 41.631 91.1 35.153 78.94 3.4051 -0.17974
0.98485 41.711 91.108 34.993 78.773 3.3913 -0.18816
0.98498 41.782 91.175 34.838 78.6 3.3742 -0.19659
0.98515 41.841 91.305 34.686 78.429 3.3539 -0.20489
0.98533 41.883 91.495 34.532 78.27 3.3309 -0.21293
0.98552 41.907 91.744 34.371 78.132 3.3057 -0.22055
0.98569 41.91 92.045 34.197 78.02 3.2791 -0.22756
0.98584 41.893 92.39 34.006 77.94 3.252 -0.23377
0.98595 41.856 92.768 33.793 77.893 3.2252 -0.23899
0.98602 41.8 93.171 33.559 77.881 3.1996 -0.243
0.98604 41.729 93.587 33.303 77.901 3.1761 -0.24565
0.986 41.647 94.008 33.031 77.95 3.1552 -0.24679
0.98592 41.557 94.426 32.749 78.023 3.1373 -0.24633
0.98578 41.464 94.832 32.467 78.114 3.1227 -0.24424
0.98561 41.374 95.222 32.196 78.217 3.1111 -0.24055
0.98542 41.29 95.589 31.947 78.323 3.1023 -0.23537
0.9852 41.218 95.927 31.732 78.429 3.0956 -0.22889
0.98499 41.159 96.231 31.562 78.527 3.0902 -0.22134
0.98479 41.118 96.493 31.445 78.613 3.085 -0.21303
0.98461 41.095 96.707 31.386 78.684 3.079 -0.20429
0.98446 41.091 96.866 31.39 78.739 3.0712 -0.19548
0.98436 41.105 96.964 31.453 78.776 3.0605 -0.18695
0.9843 41.135 96.994 31.573 78.795 3.0462 -0.17904
0.98429 41.179 96.955 31.74 78.799 3.0276 -0.17205
0.98433 41.233 96.845 31.946 78.787 3.0044 -0.16619
0.98441 41.294 96.666 32.177 78.764 2.9768 -0.16165
0.98454 41.357 96.424 32.421 78.731 2.9451 -0.1585
0.9847 41.419 96.126 32.664 78.689 2.9101 -0.15675
0.98488 41.474 95.784 32.895 78.643 2.8729 -0.15632
0.98508 41.52 95.411 33.103 78.592 2.8347 -0.15709
0.98528 41.553 95.022 33.282 78.539 2.7972 -0.15884
0.98547 41.572 94.635 33.427 78.485 2.7619 -0.16134
0.98565 41.576 94.266 33.538 78.432 2.7304 -0.16432
0.98581 41.565 93.934 33.616 78.379 2.7044 -0.16753
0.98594 41.54 93.654 33.669 78.329 2.6851 -0.17069
0.98604 41.504 93.442 33.704 78.281 2.6737 -0.17357
0.98611 41.459 93.309 33.732 78.236 2.6708 -0.17598
0.98616 41.41 93.265 33.763 78.196 2.6769 -0.17776
0.98618 41.36 93.313 33.807 78.161 2.6921 -0.17882
0.98619 41.315 93.452 33.876 78.132 2.7158 -0.1791
0.98619 41.276 93.675 33.976 78.11 2.7475 -0.17859
0.9862 41.248 93.971 34.114 78.095 2.786 -0.17733
0.98623 41.233 94.322 34.291 78.086 2.8302 -0.1754
0.98629 41.23 94.704 34.508 78.085 2.8787 -0.17288
0.98638 41.239 95.094 34.761 78.09 2.93 -0.1699
0.98649 41.259 95.464 35.042 78.099 2.9826 -0.16657
0.98664 41.286 95.789 35.344 78.112 3.0351 -0.16303
0.98681 41.318 96.047 35.654 78.125 3.0864 -0.1594
0.987 41.352 96.219 35.961 78.137 3.1352 -0.15582
0.98718 41.383 96.296 36.253 78.145 3.1809 -0.15238
0.98735 41.411 96.273 36.516 78.148 3.2227 -0.14921
0.98748 41.433 96.154 36.742 78.142 3.2602 -0.1464
0.98757 41.449 95.947 36.919 78.128 3.2931 -0.14403
0.98759 41.46 95.668 37.042 78.105 3.3214 -0.1422
0.98754 41.468 95.334 37.108 78.072 3.345 -0.14095
0.98742 41.475 94.967 37.114 78.032 3.3641 -0.14035
0.98723 41.484 94.586 37.062 77.986 3.3786 -0.14043
0.98697 41.499 94.21 36.958 77.938 3.3887 -0.1412
0.98666 41.521 93.856 36.807 77.889 3.3943 -0.14266
0.98632 41.552 93.539 36.619 77.845 3.3955 -0.14476
0.98596 41.594 93.269 36.403 77.807 3.3921 -0.14745
0.9856 41.645 93.054 36.17 77.78 3.3841 -0.15064
0.98527 41.704 92.898 35.93 77.766 3.3713 -0.15422
0.98497 41.77 92.801 35.695 77.768 3.3536 -0.15806
0.98473 41.839 92.76 35.474 77.787 3.3312 -0.16202
0.98453 41.909 92.771 35.275 77.825 3.304 -0.16598
0.9844 41.976 92.826 35.105 77.882 3.2725 -0.16979
0.98431 42.038 92.916 34.969 77.957 3.2372 -0.17336
0.98426 42.093 93.032 34.869 78.048 3.1989 -0.1766
0.98425 42.139 93.163 34.807 78.154 3.1587 -0.17948
0.98425 42.176 93.304 34.782 78.272 3.118 -0.18201
0.98426 42.203 93.447 34.79 78.397 3.0781 -0.18423
0.98426 42.222 93.59 34.829 78.525 3.0407 -0.18622
0.98424 42.232 93.733 34.892 78.651 3.0075 -0.18812
0.98421 42.237 93.876 34.973 78.772 2.9799 -0.19006
0.98416 42.236 94.025 35.067 78.882 2.9594 -0.19219
0.9841 42.233 94.183 35.167 78.977 2.947 -0.19465
0.98404 42.229 94.355 35.267 79.054 2.9432 -0.19751
0.98398 42.224 94.543 35.36 79.109 2.9481 -0.20083
0.98394 42.219 94.747 35.443 79.141 2.9612 -0.20459
0.98393 42.216 94.965 35.511 79.149 2.9814 -0.20867
0.98395 42.214 95.192 35.563 79.134 3.007 -0.2129
0.984 42.212 95.421 35.595 79.097 3.0356 -0.217
0.98406 42.21 95.644 35.609 79.039 3.0646 -0.22064
0.98413 42.207 95.852 35.605 78.964 3.0911 -0.22345
0.98418 42.202 96.038 35.585 78.874 3.112 -0.22501
0.98418 42.193 96.198 35.551 78.773 3.1244 -0.22493
0.98409 42.18 96.328 35.505 78.664 3.1259 -0.22285
0.98389 42.162 96.429 35.452 78.551 3.1144 -0.21851
0.98355 42.137 96.504 35.395 78.435 3.0885 -0.21171
0.98304 42.106 96.559 35.336 78.32 3.0478 -0.20242
0.98234 42.068 96.598 35.278 78.206 2.9926 -0.19072
0.98146 42.025 96.629 35.223 78.096 2.9243 -0.17686
0.9804 41.976 96.657 35.172 77.992 2.8451 -0.16121
0.9792 41.923 96.688 35.128 77.893 2.7575 -0.14426
0.9779 41.868 96.724 35.089 77.801 2.6651 -0.12659
0.97653 41.812 96.766 35.057 77.716 2.5713 -0.10881
0.97516 41.758 96.815 35.031 77.64 2.4796 -0.091529
