//co2 data for Study 28 _2
steady: none
chosen_param: SaO2sup, Pa_CO2, P_a, Vmca_d, TOI_d, HbT_d, CCO_d
time_step: 1.0
******
0.98699 38.985 91.479 47.892 62.638 -3.9501 0.018581
0.98719 39.041 91.03 47.63 62.669 -3.983 0.023652
0.9873 39.079 90.488 47.41 62.699 -4.0029 0.029694
0.98731 39.099 89.88 47.248 62.725 -4.0069 0.035883
0.9872 39.1 89.243 47.157 62.747 -3.9925 0.041324
0.98698 39.083 88.618 47.144 62.761 -3.9576 0.045089
0.98665 39.051 88.047 47.211 62.768 -3.9009 0.046263
0.98624 39.008 87.568 47.356 62.766 -3.8219 0.043992
0.98577 38.957 87.214 47.569 62.755 -3.7208 0.037528
0.98526 38.904 87.007 47.837 62.736 -3.5985 0.02628
0.98475 38.854 86.957 48.141 62.709 -3.4568 0.0098581
0.98427 38.811 87.063 48.46 62.677 -3.2982 -0.011884
0.98385 38.778 87.313 48.771 62.64 -3.1259 -0.038817
0.98352 38.76 87.683 49.052 62.6 -2.9439 -0.070512
0.9833 38.756 88.138 49.282 62.56 -2.7566 -0.10623
0.98319 38.767 88.64 49.443 62.522 -2.5692 -0.14493
0.9832 38.792 89.144 49.522 62.486 -2.3871 -0.18531
0.98333 38.83 89.602 49.509 62.454 -2.216 -0.22583
0.98356 38.878 89.969 49.403 62.427 -2.0617 -0.26476
0.98387 38.933 90.203 49.206 62.407 -1.93 -0.30034
0.98423 38.992 90.267 48.928 62.392 -1.8263 -0.33078
0.98461 39.052 90.132 48.583 62.383 -1.7552 -0.35443
0.98499 39.11 89.782 48.189 62.38 -1.7208 -0.36984
0.98534 39.164 89.211 47.767 62.381 -1.7259 -0.3759
0.98563 39.212 88.425 47.34 62.387 -1.772 -0.37192
0.98584 39.251 87.445 46.931 62.397 -1.8591 -0.35765
0.98597 39.283 86.304 46.562 62.409 -1.9857 -0.33338
0.98602 39.305 85.045 46.25 62.424 -2.1484 -0.29993
0.98598 39.319 83.72 46.012 62.439 -2.3422 -0.25859
0.98588 39.324 82.385 45.859 62.454 -2.5606 -0.21112
0.98572 39.323 81.098 45.796 62.468 -2.7959 -0.1596
0.98553 39.315 79.917 45.824 62.479 -3.0391 -0.10635
0.98534 39.303 78.891 45.939 62.488 -3.281 -0.053769
0.98515 39.288 78.064 46.133 62.492 -3.5119 -0.0042151
0.98499 39.271 77.465 46.394 62.491 -3.7226 0.040156
0.98487 39.255 77.111 46.706 62.486 -3.9046 0.077518
0.98481 39.24 77.004 47.053 62.478 -4.051 0.10648
0.9848 39.229 77.133 47.418 62.467 -4.1562 0.12617
0.98484 39.222 77.469 47.782 62.455 -4.2168 0.13627
0.98493 39.219 77.976 48.129 62.445 -4.2318 0.13703
0.98506 39.223 78.608 48.444 62.437 -4.2022 0.12924
0.9852 39.232 79.316 48.716 62.435 -4.1315 0.11412
0.98535 39.247 80.051 48.934 62.439 -4.025 0.093276
0.98548 39.267 80.771 49.092 62.448 -3.8902 0.068545
0.98559 39.292 81.443 49.184 62.463 -3.7353 0.041866
0.98566 39.322 82.046 49.209 62.483 -3.5698 0.015154
0.98569 39.355 82.573 49.168 62.504 -3.4032 -0.0098268
0.98568 39.392 83.032 49.062 62.525 -3.2447 -0.031572
0.98564 39.431 83.439 48.897 62.543 -3.1027 -0.048914
0.98556 39.472 83.82 48.678 62.555 -2.9841 -0.061077
0.98547 39.514 84.201 48.41 62.56 -2.8944 -0.067695
0.98539 39.557 84.606 48.101 62.556 -2.8368 -0.068801
0.98532 39.6 85.051 47.76 62.545 -2.8126 -0.064786
0.98528 39.641 85.537 47.395 62.527 -2.8208 -0.056338
0.98528 39.681 86.053 47.014 62.503 -2.8586 -0.044363
0.98533 39.717 86.57 46.626 62.478 -2.9216 -0.0299
0.98544 39.748 87.047 46.242 62.452 -3.0037 -0.01403
0.98559 39.772 87.437 45.87 62.43 -3.0985 0.0022047
0.98579 39.787 87.685 45.518 62.413 -3.1987 0.01787
0.98601 39.793 87.744 45.194 62.402 -3.2974 0.032192
0.98624 39.789 87.576 44.905 62.398 -3.3882 0.044597
0.98646 39.774 87.158 44.655 62.4 -3.4658 0.054722
0.98665 39.75 86.486 44.447 62.406 -3.526 0.062412
0.9868 39.716 85.58 44.282 62.413 -3.5666 0.067702
0.9869 39.677 84.475 44.159 62.418 -3.5867 0.070783
0.98693 39.634 83.226 44.075 62.418 -3.5872 0.071964
0.9869 39.59 81.898 44.025 62.409 -3.5707 0.071624
0.98681 39.55 80.561 44.001 62.39 -3.541 0.070167
0.98666 39.516 79.283 43.998 62.361 -3.503 0.067986
0.98648 39.49 78.124 44.007 62.322 -3.4621 0.065424
0.98628 39.474 77.129 44.022 62.275 -3.424 0.062751
0.98607 39.467 76.325 44.036 62.225 -3.3943 0.060153
0.98587 39.468 75.725 44.046 62.176 -3.3776 0.057721
0.9857 39.473 75.32 44.049 62.132 -3.3778 0.05546
0.98558 39.478 75.09 44.045 62.101 -3.3974 0.053304
0.9855 39.478 75.006 44.037 62.084 -3.4374 0.051128
0.98547 39.466 75.034 44.029 62.087 -3.4973 0.048778
0.98551 39.436 75.142 44.026 62.111 -3.575 0.04609
0.9856 39.386 75.302 44.036 62.156 -3.6671 0.042913
0.98574 39.312 75.494 44.064 62.221 -3.7689 0.03913
0.98593 39.214 75.707 44.118 62.303 -3.8749 0.034672
0.98615 39.098 75.937 44.204 62.397 -3.9793 0.029526
0.98639 38.97 76.186 44.324 62.5 -4.0759 0.02374
0.98665 38.843 76.46 44.482 62.604 -4.1592 0.017422
0.98689 38.732 76.763 44.676 62.706 -4.224 0.010725
0.98712 38.655 77.099 44.905 62.8 -4.2663 0.0038406
0.98732 38.633 77.465 45.165 62.883 -4.2832 -0.0030222
0.98748 38.685 77.858 45.449 62.952 -4.2732 -0.0096508
0.98758 38.832 78.267 45.752 63.006 -4.236 -0.015849
0.98764 39.09 78.683 46.065 63.043 -4.1727 -0.021452
0.98763 39.469 79.095 46.381 63.065 -4.0855 -0.02634
0.98758 39.975 79.5 46.692 63.073 -3.9773 -0.030447
0.98747 40.606 79.896 46.992 63.07 -3.8518 -0.033764
0.98732 41.351 80.292 47.275 63.057 -3.7129 -0.036336
0.98713 42.194 80.702 47.537 63.038 -3.5646 -0.038259
0.98693 43.111 81.144 47.775 63.017 -3.4106 -0.039666
0.98673 44.073 81.642 47.987 62.996 -3.2542 -0.040714
0.98653 45.047 82.216 48.172 62.98 -3.0982 -0.041566
0.98636 46.001 82.881 48.332 62.971 -2.9448 -0.04237
0.98621 46.903 83.644 48.466 62.972 -2.7956 -0.04325
0.98611 47.726 84.497 48.578 62.985 -2.6517 -0.044283
0.98605 48.448 85.423 48.669 63.013 -2.5137 -0.045489
0.98604 49.052 86.389 48.743 63.056 -2.3824 -0.046831
0.98608 49.531 87.35 48.803 63.112 -2.2583 -0.048204
0.98616 49.882 88.257 48.853 63.182 -2.142 -0.049445
0.98627 50.112 89.056 48.896 63.263 -2.0346 -0.050343
0.98642 50.23 89.7 48.935 63.351 -1.9374 -0.05065
0.98658 50.255 90.148 48.975 63.441 -1.8519 -0.050105
0.98674 50.205 90.375 49.018 63.531 -1.7802 -0.048449
0.98691 50.103 90.371 49.068 63.615 -1.7241 -0.045452
0.98706 49.971 90.145 49.126 63.689 -1.6857 -0.040931
0.98719 49.834 89.721 49.194 63.749 -1.6668 -0.034772
0.98729 49.714 89.14 49.274 63.794 -1.6686 -0.026942
0.98737 49.631 88.447 49.365 63.821 -1.6918 -0.017503
0.98741 49.601 87.697 49.467 63.831 -1.7361 -0.006613
0.98743 49.639 86.941 49.579 63.824 -1.8005 0.0054732
0.98741 49.754 86.226 49.699 63.804 -1.8827 0.018413
0.98738 49.949 85.591 49.825 63.773 -1.9795 0.031792
0.98733 50.225 85.063 49.954 63.737 -2.0868 0.045139
0.98726 50.573 84.66 50.084 63.699 -2.1998 0.057952
0.98719 50.981 84.388 50.212 63.665 -2.3131 0.069722
0.98712 51.432 84.243 50.337 63.638 -2.421 0.079961
0.98704 51.904 84.215 50.456 63.623 -2.5179 0.088225
0.98698 52.372 84.29 50.567 63.623 -2.5986 0.094139
0.98692 52.811 84.45 50.671 63.638 -2.6584 0.097415
0.98688 53.195 84.677 50.766 63.671 -2.6937 0.097871
0.98686 53.501 84.956 50.854 63.72 -2.7016 0.095435
0.98685 53.709 85.274 50.933 63.783 -2.681 0.090152
0.98686 53.804 85.62 51.005 63.859 -2.6318 0.082179
0.98689 53.78 85.99 51.071 63.943 -2.5554 0.071777
0.98694 53.635 86.381 51.132 64.031 -2.4543 0.059297
0.98702 53.374 86.791 51.189 64.121 -2.3324 0.045162
0.98711 53.011 87.222 51.244 64.209 -2.1943 0.029843
0.98721 52.563 87.673 51.298 64.29 -2.0454 0.013839
0.98733 52.052 88.143 51.352 64.363 -1.8913 -0.0023479
0.98746 51.503 88.627 51.409 64.425 -1.738 -0.018236
0.98759 50.942 89.115 51.47 64.475 -1.5908 -0.033379
0.98773 50.392 89.594 51.539 64.513 -1.4548 -0.047387
0.98787 49.876 90.048 51.617 64.54 -1.3342 -0.059934
0.98801 49.412 90.456 51.708 64.557 -1.2322 -0.070764
0.98814 49.014 90.797 51.814 64.566 -1.1509 -0.079693
0.98826 48.691 91.051 51.939 64.568 -1.0911 -0.086608
0.98837 48.446 91.202 52.083 64.566 -1.0526 -0.091459
0.98847 48.279 91.241 52.25 64.563 -1.0342 -0.094248
0.98855 48.182 91.165 52.44 64.56 -1.0336 -0.095024
0.98862 48.149 90.983 52.653 64.559 -1.0479 -0.093869
0.98867 48.166 90.711 52.888 64.562 -1.0738 -0.090893
0.98871 48.222 90.378 53.142 64.57 -1.1078 -0.086224
0.98873 48.303 90.016 53.411 64.582 -1.1465 -0.080005
0.98873 48.396 89.664 53.691 64.599 -1.1867 -0.072393
0.98871 48.491 89.359 53.974 64.621 -1.2259 -0.06356
0.98868 48.577 89.136 54.255 64.646 -1.2621 -0.053695
0.98863 48.647 89.023 54.525 64.673 -1.294 -0.043006
0.98858 48.695 89.039 54.777 64.701 -1.3211 -0.031724
0.98852 48.719 89.189 55.002 64.729 -1.3434 -0.020104
0.98845 48.718 89.466 55.195 64.754 -1.3617 -0.0084259
0.98838 48.692 89.849 55.35 64.777 -1.377 0.0030118
0.98831 48.645 90.307 55.462 64.797 -1.3906 0.013897
0.98825 48.58 90.8 55.53 64.812 -1.404 0.023912
0.98819 48.501 91.282 55.553 64.823 -1.4184 0.032748
0.98814 48.414 91.705 55.533 64.829 -1.4349 0.040113
0.9881 48.324 92.024 55.474 64.831 -1.454 0.045749
0.98806 48.235 92.201 55.383 64.83 -1.476 0.049437
0.98802 48.153 92.204 55.265 64.826 -1.5005 0.051008
0.98799 48.079 92.016 55.132 64.82 -1.5266 0.050346
0.98795 48.018 91.633 54.991 64.814 -1.5533 0.047388
0.98792 47.971 91.065 54.853 64.809 -1.5786 0.042118
0.98789 47.939 90.333 54.728 64.805 -1.6008 0.03456
0.98787 47.922 89.475 54.624 64.804 -1.6177 0.024765
0.98785 47.918 88.536 54.548 64.807 -1.6271 0.012801
0.98784 47.927 87.567 54.507 64.815 -1.6269 -0.0012555
0.98784 47.946 86.625 54.503 64.828 -1.615 -0.017332
0.98786 47.972 85.765 54.54 64.846 -1.5898 -0.035361
0.98789 48.003 85.039 54.614 64.87 -1.5501 -0.055277
0.98795 48.036 84.491 54.724 64.899 -1.4949 -0.077008
0.98802 48.069 84.152 54.864 64.933 -1.4241 -0.10046
0.98811 48.098 84.043 55.028 64.969 -1.338 -0.12551
0.98821 48.124 84.169 55.207 65.008 -1.2376 -0.15197
0.98832 48.144 84.519 55.394 65.047 -1.1246 -0.17956
0.98844 48.158 85.069 55.58 65.085 -1.0016 -0.20791
0.98854 48.166 85.782 55.758 65.12 -0.87166 -0.23654
0.98864 48.168 86.609 55.92 65.152 -0.73847 -0.26483
0.98873 48.166 87.497 56.062 65.179 -0.60633 -0.2921
0.98881 48.161 88.387 56.179 65.202 -0.47987 -0.31751
0.98887 48.153 89.222 56.271 65.219 -0.36396 -0.34022
0.98892 48.144 89.951 56.338 65.232 -0.26342 -0.35934
0.98896 48.135 90.53 56.382 65.242 -0.18283 -0.37402
0.98899 48.127 90.928 56.406 65.249 -0.12625 -0.3835
0.98902 48.12 91.13 56.416 65.255 -0.09699 -0.38715
0.98905 48.115 91.137 56.417 65.261 -0.097317 -0.38458
0.98908 48.111 90.967 56.414 65.27 -0.1283 -0.37562
0.9891 48.11 90.652 56.412 65.282 -0.18961 -0.36039
0.98912 48.11 90.236 56.415 65.299 -0.2795 -0.33932
0.98912 48.11 89.773 56.427 65.321 -0.3947 -0.31314
0.9891 48.112 89.318 56.45 65.349 -0.53063 -0.28289
0.98906 48.113 88.922 56.483 65.384 -0.68147 -0.24983
0.98899 48.115 88.628 56.526 65.424 -0.84047 -0.21543
0.98889 48.116 88.468 56.576 65.469 -1.0003 -0.18131
0.98877 48.117 88.454 56.632 65.517 -1.1535 -0.14909
0.98862 48.119 88.585 56.69 65.567 -1.2928 -0.12038
0.98846 48.12 88.841 56.747 65.616 -1.4115 -0.096623
0.98828 48.122 89.192 56.8 65.661 -1.5043 -0.079063
0.98811 48.126 89.597 56.847 65.701 -1.5671 -0.068628
0.98795 48.13 90.014 56.887 65.732 -1.5978 -0.065889
0.98781 48.136 90.4 56.92 65.753 -1.5962 -0.071008
0.98771 48.143 90.723 56.946 65.762 -1.564 -0.083723
0.98764 48.151 90.958 56.968 65.757 -1.5051 -0.10335
0.98763 48.16 91.092 56.986 65.739 -1.4252 -0.12881
0.98766 48.169 91.126 57.004 65.709 -1.3313 -0.15869
0.98773 48.177 91.072 57.023 65.667 -1.2319 -0.19131
0.98784 48.184 90.951 57.046 65.616 -1.1359 -0.22483
0.98799 48.189 90.788 57.072 65.56 -1.0521 -0.25732
0.98815 48.191 90.611 57.102 65.502 -0.98915 -0.28692
0.98833 48.192 90.447 57.135 65.446 -0.95457 -0.31193
0.9885 48.19 90.318 57.169 65.397 -0.95437 -0.33087
0.98866 48.188 90.241 57.203 65.358 -0.9927 -0.34265
0.9888 48.186 90.224 57.233 65.333 -1.0716 -0.34657
0.98892 48.188 90.267 57.257 65.325 -1.1906 -0.34238
0.989 48.195 90.366 57.273 65.334 -1.3473 -0.33029
0.98906 48.212 90.506 57.279 65.36 -1.5367 -0.31096
0.98909 48.24 90.671 57.276 65.403 -1.7523 -0.28546
0.98909 48.284 90.842 57.264 65.46 -1.9857 -0.25519
0.98907 48.346 90.998 57.246 65.526 -2.2279 -0.22178
0.98903 48.427 91.121 57.224 65.599 -2.469 -0.18702
0.98898 48.529 91.199 57.203 65.672 -2.6994 -0.15271
0.98892 48.651 91.22 57.187 65.741 -2.9099 -0.12058
0.98885 48.79 91.183 57.181 65.801 -3.0925 -0.092195
0.98878 48.945 91.09 57.189 65.85 -3.2403 -0.068854
0.9887 49.11 90.947 57.215 65.885 -3.3487 -0.05153
0.98863 49.28 90.766 57.259 65.904 -3.4145 -0.040835
0.98856 49.451 90.56 57.324 65.907 -3.4368 -0.037003
0.9885 49.616 90.344 57.406 65.894 -3.4164 -0.039896
0.98845 49.772 90.129 57.504 65.868 -3.3563 -0.049037
0.98842 49.915 89.926 57.611 65.831 -3.2605 -0.063657
0.9884 50.043 89.741 57.723 65.784 -3.1347 -0.082762
0.98841 50.153 89.578 57.833 65.731 -2.9854 -0.1052
0.98843 50.247 89.434 57.934 65.676 -2.8195 -0.12973
0.98848 50.325 89.306 58.019 65.619 -2.6441 -0.15511
0.98854 50.389 89.186 58.083 65.564 -2.4662 -0.18015
0.98863 50.44 89.066 58.122 65.513 -2.2923 -0.20379
0.98872 50.482 88.936 58.135 65.468 -2.1283 -0.2251
0.98882 50.517 88.788 58.121 65.429 -1.9789 -0.24337
0.98892 50.546 88.615 58.081 65.399 -1.848 -0.2581
0.98902 50.572 88.411 58.02 65.377 -1.7383 -0.26899
0.98909 50.596 88.174 57.943 65.363 -1.6512 -0.27596
0.98915 50.619 87.908 57.855 65.357 -1.5872 -0.27915
0.98919 50.64 87.617 57.764 65.358 -1.5458 -0.27883
0.9892 50.659 87.312 57.676 65.363 -1.5254 -0.27547
0.98918 50.676 87.006 57.596 65.372 -1.5237 -0.2696
0.98915 50.688 86.715 57.53 65.381 -1.5378 -0.26186
0.9891 50.695 86.453 57.479 65.391 -1.5643 -0.2529
0.98904 50.696 86.237 57.445 65.398 -1.5999 -0.2434
0.98897 50.688 86.077 57.427 65.403 -1.6406 -0.23397
0.98891 50.672 85.98 57.423 65.405 -1.6832 -0.22518
0.98885 50.645 85.947 57.427 65.405 -1.7243 -0.21751
0.98881 50.609 85.972 57.437 65.404 -1.761 -0.21131
0.98878 50.564 86.04 57.445 65.403 -1.7912 -0.2068
0.98877 50.511 86.134 57.448 65.405 -1.813 -0.20408
0.98877 50.453 86.227 57.442 65.411 -1.8256 -0.2031
0.9888 50.392 86.293 57.423 65.422 -1.8285 -0.2037
0.98884 50.33 86.305 57.39 65.44 -1.8221 -0.2056
0.98889 50.271 86.238 57.345 65.465 -1.8073 -0.20843
0.98895 50.219 86.073 57.29 65.496 -1.7855 -0.21178
0.98901 50.174 85.796 57.229 65.531 -1.7583 -0.2152
0.98909 50.141 85.405 57.169 65.57 -1.7278 -0.21826
0.98916 50.121 84.906 57.114 65.61 -1.6958 -0.22058
0.98924 50.114 84.316 57.072 65.649 -1.6643 -0.22187
0.98931 50.12 83.658 57.048 65.684 -1.635 -0.22192
0.98939 50.139 82.963 57.048 65.713 -1.609 -0.22067
0.98947 50.169 82.269 57.073 65.736 -1.5871 -0.21816
0.98954 50.206 81.61 57.125 65.752 -1.5698 -0.21458
0.98961 50.249 81.024 57.203 65.76 -1.5568 -0.21023
0.98968 50.294 80.542 57.303 65.762 -1.5474 -0.20548
0.98973 50.338 80.19 57.421 65.759 -1.5405 -0.2008
0.98977 50.378 79.985 57.55 65.751 -1.5348 -0.19664
0.9898 50.413 79.936 57.681 65.742 -1.5288 -0.19347
0.98981 50.439 80.042 57.808 65.733 -1.5208 -0.19169
0.9898 50.457 80.295 57.924 65.725 -1.5095 -0.19161
0.98978 50.466 80.675 58.021 65.72 -1.4938 -0.19343
0.98973 50.467 81.16 58.096 65.717 -1.4728 -0.19721
0.98966 50.46 81.719 58.145 65.718 -1.4462 -0.20288
0.98959 50.448 82.322 58.168 65.721 -1.4142 -0.21019
0.9895 50.432 82.937 58.167 65.726 -1.3774 -0.2188
0.98941 50.414 83.536 58.145 65.733 -1.3371 -0.22825
0.98931 50.395 84.095 58.108 65.742 -1.2948 -0.23799
0.98922 50.376 84.596 58.062 65.75 -1.2523 -0.24748
0.98914 50.359 85.029 58.014 65.758 -1.2117 -0.25615
0.98906 50.344 85.392 57.97 65.767 -1.1749 -0.2635
0.989 50.331 85.691 57.936 65.775 -1.1438 -0.26914
0.98895 50.32 85.938 57.917 65.784 -1.1201 -0.27277
0.98891 50.31 86.149 57.916 65.794 -1.1049 -0.27425
0.98888 50.302 86.344 57.933 65.806 -1.099 -0.27363
0.98887 50.295 86.546 57.966 65.82 -1.1025 -0.27108
0.98886 50.288 86.772 58.013 65.837 -1.1151 -0.26692
0.98886 50.282 87.04 58.067 65.856 -1.1358 -0.26162
0.98886 50.277 87.359 58.123 65.878 -1.1632 -0.2557
0.98887 50.272 87.734 58.172 65.901 -1.1956 -0.24975
0.98887 50.267 88.163 58.207 65.925 -1.2311 -0.24432
0.98886 50.263 88.634 58.222 65.948 -1.2676 -0.23993
0.98885 50.258 89.133 58.21 65.97 -1.3032 -0.237
0.98884 50.252 89.637 58.168 65.99 -1.3362 -0.2358
0.98881 50.244 90.124 58.094 66.006 -1.365 -0.23645
0.98878 50.233 90.568 57.988 66.02 -1.3889 -0.23886
0.98874 50.217 90.949 57.852 66.031 -1.4074 -0.24281
0.98869 50.196 91.247 57.694 66.04 -1.4205 -0.24786
0.98864 50.169 91.45 57.519 66.048 -1.429 -0.25347
0.9886 50.136 91.552 57.337 66.056 -1.4337 -0.25899
0.98856 50.098 91.555 57.158 66.065 -1.436 -0.26372
0.98853 50.055 91.465 56.992 66.075 -1.4376 -0.26699
0.98852 50.01 91.297 56.848 66.088 -1.44 -0.26817
0.98853 49.965 91.068 56.737 66.103 -1.4449 -0.26679
0.98856 49.922 90.8 56.664 66.118 -1.4535 -0.26252
0.98861 49.885 90.515 56.634 66.132 -1.4668 -0.25523
0.98868 49.856 90.235 56.649 66.143 -1.4854 -0.24502
0.98878 49.838 89.985 56.707 66.149 -1.5094 -0.23221
0.9889 49.832 89.784 56.804 66.147 -1.5385 -0.21734
0.98902 49.84 89.651 56.932 66.136 -1.5718 -0.20109
0.98916 49.862 89.601 57.081 66.114 -1.6081 -0.18432
0.98929 49.898 89.646 57.24 66.083 -1.646 -0.16793
0.98942 49.945 89.791 57.394 66.041 -1.6838 -0.15285
0.98954 50.002 90.034 57.529 65.991 -1.7199 -0.13996
0.98965 50.065 90.367 57.632 65.935 -1.7524 -0.13003
0.98975 50.132 90.772 57.69 65.876 -1.7801 -0.12367
0.98982 50.197 91.224 57.693 65.819 -1.8016 -0.12128
0.98988 50.259 91.692 57.633 65.766 -1.8162 -0.12304
0.98993 50.314 92.141 57.506 65.721 -1.8233 -0.12887
0.98995 50.358 92.532 57.311 65.688 -1.8229 -0.13849
0.98997 50.39 92.83 57.051 65.668 -1.8152 -0.15137
0.98997 50.409 93.008 56.735 65.663 -1.8007 -0.16682
0.98995 50.414 93.042 56.372 65.674 -1.7804 -0.18403
0.98993 50.406 92.921 55.977 65.699 -1.7552 -0.20209
0.98989 50.386 92.646 55.566 65.737 -1.7262 -0.2201
0.98985 50.355 92.225 55.155 65.784 -1.6946 -0.23719
0.9898 50.316 91.677 54.765 65.838 -1.6614 -0.25258
0.98974 50.271 91.025 54.412 65.894 -1.6276 -0.26565
0.98967 50.225 90.297 54.112 65.947 -1.594 -0.27591
0.9896 50.178 89.52 53.882 65.995 -1.5612 -0.2831
0.98953 50.135 88.719 53.731 66.033 -1.5297 -0.28711
0.98946 50.098 87.914 53.668 66.06 -1.4997 -0.28802
0.98939 50.068 87.123 53.697 66.074 -1.4715 -0.28608
0.98933 50.047 86.356 53.817 66.075 -1.4453 -0.28162
0.98928 50.037 85.62 54.024 66.063 -1.421 -0.27506
0.98924 50.036 84.919 54.311 66.041 -1.399 -0.26686
0.98922 50.046 84.255 54.664 66.011 -1.3794 -0.25743
0.98921 50.063 83.629 55.071 65.976 -1.3627 -0.24716
0.98923 50.088 83.04 55.513 65.938 -1.3496 -0.23632
0.98926 50.117 82.491 55.972 65.901 -1.3406 -0.22509
0.98931 50.147 81.984 56.43 65.866 -1.3366 -0.21352
0.98937 50.176 81.526 56.868 65.835 -1.3386 -0.20158
0.98944 50.202 81.124 57.27 65.808 -1.3474 -0.18912
0.98951 50.221 80.787 57.619 65.785 -1.3637 -0.17597
0.98957 50.232 80.526 57.902 65.765 -1.3881 -0.16192
0.98963 50.233 80.353 58.111 65.747 -1.4208 -0.14681
0.98968 50.225 80.28 58.237 65.727 -1.4613 -0.13052
0.98972 50.207 80.317 58.278 65.705 -1.509 -0.11308
0.98973 50.18 80.473 58.234 65.678 -1.5624 -0.094633
0.98973 50.147 80.752 58.109 65.645 -1.6195 -0.07547
0.9897 50.11 81.154 57.907 65.607 -1.6778 -0.056043
0.98965 50.072 81.671 57.639 65.564 -1.7343 -0.036933
0.98959 50.035 82.293 57.315 65.517 -1.7857 -0.018821
0.98951 50.002 82.999 56.948 65.469 -1.8286 -0.0024406
0.98943 49.975 83.765 56.55 65.424 -1.8597 0.01148
0.98933 49.955 84.561 56.136 65.384 -1.8759 0.02228
0.98923 49.943 85.352 55.721 65.352 -1.8748 0.029426
0.98914 49.938 86.102 55.317 65.333 -1.8547 0.032573
0.98905 49.94 86.772 54.937 65.326 -1.8148 0.031606
0.98897 49.948 87.329 54.594 65.334 -1.7554 0.026669
0.9889 49.959 87.739 54.297 65.355 -1.6779 0.018176
0.98885 49.973 87.981 54.055 65.39 -1.5847 0.0067924
0.98882 49.987 88.038 53.873 65.435 -1.4794 -0.006594
0.9888 50 87.908 53.756 65.487 -1.3663 -0.020933
0.98879 50.011 87.599 53.705 65.544 -1.2502 -0.03508
0.9888 50.019 87.133 53.719 65.601 -1.1364 -0.047884
0.98883 50.025 86.54 53.794 65.655 -1.0299 -0.058269
0.98886 50.029 85.86 53.923 65.702 -0.93566 -0.065324
0.9889 50.03 85.136 54.098 65.74 -0.85779 -0.068372
0.98895 50.029 84.413 54.308 65.766 -0.79959 -0.067036
0.989 50.026 83.733 54.54 65.78 -0.7632 -0.061269
0.98906 50.022 83.129 54.782 65.781 -0.74954 -0.05137
0.98911 50.016 82.627 55.02 65.77 -0.75824 -0.037967
0.98915 50.009 82.239 55.241 65.748 -0.78768 -0.021975
0.98919 50 81.967 55.432 65.718 -0.83514 -0.0045327
0.98922 49.991 81.798 55.584 65.682 -0.897 0.013085
0.98925 49.98 81.71 55.69 65.644 -0.96899 0.029559
0.98926 49.969 81.672 55.746 65.606 -1.0465 0.043629
0.98928 49.957 81.649 55.752 65.573 -1.125 0.054191
0.98929 49.947 81.605 55.712 65.547 -1.2 0.060379
0.9893 49.938 81.506 55.632 65.529 -1.2678 0.061639
0.98932 49.932 81.326 55.524 65.523 -1.3254 0.057766
0.98935 49.929 81.047 55.401 65.528 -1.3707 0.048927
0.98938 49.929 80.665 55.277 65.544 -1.4025 0.035646
0.98942 49.932 80.19 55.166 65.571 -1.421 0.018768
0.98947 49.938 79.644 55.085 65.608 -1.4267 -0.00060483
0.98953 49.945 79.062 55.044 65.651 -1.4215 -0.021196
0.9896 49.954 78.485 55.053 65.699 -1.4076 -0.041644
0.98966 49.962 77.965 55.116 65.749 -1.3874 -0.060606
0.98972 49.968 77.55 55.234 65.797 -1.3638 -0.076851
0.98976 49.972 77.288 55.403 65.843 -1.3393 -0.089347
0.98978 49.972 77.219 55.611 65.883 -1.3162 -0.097333
0.98978 49.968 77.371 55.845 65.915 -1.2963 -0.10036
0.98976 49.96 77.758 56.086 65.941 -1.2808 -0.09834
0.98969 49.95 78.376 56.314 65.958 -1.2703 -0.091503
0.9896 49.938 79.206 56.508 65.967 -1.2647 -0.080411
0.98946 49.926 80.213 56.646 65.97 -1.2633 -0.065895
0.9893 49.914 81.35 56.71 65.967 -1.265 -0.048987
0.9891 49.906 82.558 56.687 65.96 -1.2682 -0.030848
0.98889 49.902 83.778 56.566 65.95 -1.2712 -0.01268
0.98866 49.903 84.947 56.344 65.939 -1.2724 0.0043604
0.98844 49.91 86.009 56.026 65.927 -1.2701 0.019237
0.98822 49.923 86.917 55.62 65.916 -1.263 0.031106
0.98803 49.942 87.635 55.145 65.905 -1.2502 0.039366
0.98786 49.965 88.139 54.62 65.896 -1.2313 0.043691
0.98774 49.992 88.42 54.071 65.886 -1.2062 0.044041
0.98767 50.02 88.483 53.526 65.877 -1.1756 0.040656
0.98764 50.047 88.345 53.011 65.867 -1.1403 0.034021
0.98768 50.072 88.034 52.551 65.857 -1.1019 0.024825
0.98777 50.092 87.587 52.17 65.846 -1.0617 0.013898
0.9879 50.106 87.048 51.882 65.835 -1.0218 0.0021401
0.98808 50.113 86.463 51.699 65.825 -0.9839 -0.0095457
0.9883 50.111 85.88 51.624 65.815 -0.94991 -0.020328
0.98853 50.099 85.341 51.653 65.808 -0.92149 -0.029505
0.98878 50.078 84.887 51.774 65.803 -0.90012 -0.03656
0.98902 50.048 84.547 51.973 65.802 -0.88698 -0.04119
0.98926 50.01 84.34 52.227 65.805 -0.88292 -0.043325
0.98947 49.965 84.273 52.512 65.812 -0.88847 -0.043123
0.98966 49.915 84.34 52.804 65.823 -0.90378 -0.04095
0.98982 49.863 84.525 53.079 65.836 -0.92867 -0.037337
0.98994 49.812 84.799 53.314 65.849 -0.96268 -0.032934
0.99002 49.766 85.128 53.492 65.862 -1.005 -0.028445
0.99007 49.727 85.474 53.6 65.873 -1.0548 -0.024566
0.99009 49.698 85.798 53.632 65.88 -1.1106 -0.02192
0.99007 49.683 86.067 53.586 65.883 -1.1712 -0.021007
0.99004 49.683 86.256 53.469 65.881 -1.2351 -0.022155
0.98998 49.698 86.349 53.288 65.874 -1.3004 -0.025492
0.9899 49.729 86.343 53.061 65.862 -1.3655 -0.030939
0.98982 49.771 86.242 52.802 65.848 -1.4285 -0.038212
0.98973 49.824 86.063 52.531 65.831 -1.4873 -0.046847
0.98963 49.882 85.825 52.267 65.815 -1.5401 -0.056238
0.98955 49.94 85.553 52.026 65.798 -1.5848 -0.065688
0.98946 49.995 85.27 51.824 65.783 -1.6195 -0.074463
0.98939 50.042 84.998 51.671 65.771 -1.6425 -0.081853
0.98933 50.077 84.755 51.576 65.762 -1.6521 -0.087226
0.98929 50.097 84.555 51.541 65.755 -1.647 -0.090075
0.98926 50.1 84.406 51.567 65.752 -1.6265 -0.090054
0.98924 50.088 84.313 51.648 65.752 -1.59 -0.087006
0.98924 50.06 84.278 51.776 65.754 -1.5377 -0.080964
0.98925 50.02 84.3 51.942 65.758 -1.4705 -0.072148
0.98928 49.97 84.376 52.133 65.765 -1.3897 -0.060937
0.98931 49.914 84.503 52.339 65.774 -1.2974 -0.047843
0.98934 49.855 84.678 52.546 65.783 -1.1961 -0.033461
0.98938 49.797 84.893 52.744 65.794 -1.0889 -0.018427
0.98941 49.744 85.141 52.924 65.806 -0.97932 -0.0033645
0.98943 49.697 85.412 53.08 65.818 -0.87093 0.011154
0.98945 49.659 85.693 53.207 65.829 -0.76735 0.024648
0.98945 49.63 85.965 53.304 65.841 -0.67201 0.036759
0.98945 49.611 86.209 53.372 65.851 -0.58793 0.047261
0.98943 49.601 86.4 53.416 65.86 -0.51757 0.056069
0.98941 49.6 86.511 53.441 65.868 -0.46266 0.063227
0.98938 49.607 86.518 53.455 65.874 -0.42407 0.068893
0.98935 49.621 86.395 53.467 65.878 -0.40181 0.073303
0.98932 49.64 86.123 53.486 65.881 -0.39494 0.076746
0.98929 49.663 85.687 53.52 65.883 -0.40172 0.079521
0.98927 49.689 85.081 53.578 65.883 -0.41963 0.081906
0.98925 49.717 84.311 53.664 65.884 -0.44561 0.084123
0.98925 49.745 83.391 53.785 65.883 -0.47618 0.086321
0.98924 49.773 82.348 53.941 65.883 -0.50776 0.088554
0.98925 49.799 81.218 54.132 65.882 -0.53681 0.090781
0.98926 49.823 80.049 54.353 65.881 -0.56015 0.092875
0.98928 49.844 78.892 54.598 65.878 -0.57507 0.094633
0.98931 49.861 77.806 54.86 65.873 -0.57962 0.095804
0.98934 49.873 76.848 55.125 65.866 -0.57261 0.096118
0.98937 49.88 76.072 55.384 65.855 -0.55378 0.095316
0.98941 49.881 75.525 55.621 65.839 -0.52373 0.093183
0.98946 49.877 75.243 55.825 65.819 -0.48392 0.089575
0.98951 49.868 75.249 55.983 65.796 -0.43651 0.084441
0.98956 49.853 75.549 56.084 65.769 -0.38423 0.077836
0.98962 49.835 76.133 56.121 65.741 -0.33016 0.06992
0.98967 49.814 76.974 56.087 65.714 -0.27754 0.060958
0.98973 49.79 78.028 55.981 65.69 -0.22951 0.051299
0.98977 49.766 79.24 55.805 65.672 -0.18891 0.041351
0.9898 49.742 80.544 55.565 65.662 -0.15807 0.031553
0.98982 49.72 81.869 55.269 65.662 -0.13866 0.022339
0.98983 49.7 83.142 54.931 65.672 -0.13159 0.014107
0.98981 49.683 84.294 54.566 65.694 -0.13693 0.0071859
0.98977 49.671 85.265 54.191 65.727 -0.15393 0.0018125
0.98971 49.662 86.008 53.823 65.77 -0.18107 -0.0018872
0.98962 49.656 86.49 53.481 65.82 -0.21617 -0.0039034
0.98952 49.654 86.699 53.181 65.875 -0.25656 -0.0043403
0.98939 49.654 86.643 52.937 65.931 -0.29925 -0.0034026
0.98926 49.656 86.348 52.759 65.985 -0.34116 -0.0013744
0.98912 49.659 85.859 52.653 66.033 -0.37936 0.0014097
0.98897 49.662 85.235 52.62 66.073 -0.41122 0.004596
0.98884 49.666 84.546 52.656 66.103 -0.43464 0.0078441
0.98872 49.668 83.863 52.751 66.12 -0.44818 0.010857
0.98862 49.67 83.259 52.892 66.123 -0.45118 0.013407
0.98855 49.671 82.796 53.061 66.111 -0.44374 0.015348
0.98851 49.67 82.525 53.238 66.085 -0.42678 0.016628
0.98851 49.668 82.48 53.401 66.045 -0.40192 0.017281
0.98855 49.663 82.677 53.528 65.994 -0.37134 0.017417
0.98862 49.656 83.109 53.598 65.934 -0.33766 0.017199
0.98872 49.648 83.754 53.596 65.868 -0.30368 0.016819
0.98884 49.637 84.571 53.507 65.798 -0.27223 0.016466
0.98897 49.624 85.508 53.324 65.729 -0.2459 0.016297
0.98911 49.609 86.502 53.047 65.665 -0.22689 0.016415
0.98925 49.594 87.489 52.679 65.608 -0.21687 0.016851
0.98937 49.578 88.407 52.232 65.562 -0.21681 0.017553
0.98948 49.562 89.196 51.721 65.528 -0.22699 0.018393
0.98956 49.547 89.812 51.167 65.508 -0.24697 0.019181
0.98962 49.534 90.217 50.593 65.501 -0.27567 0.019686
0.98966 49.523 90.393 50.025 65.505 -0.31147 0.019667
0.98967 49.515 90.334 49.486 65.519 -0.35236 0.018911
0.98968 49.509 90.05 49.001 65.538 -0.39616 0.017265
0.98967 49.506 89.566 48.588 65.56 -0.44066 0.014669
0.98965 49.505 88.918 48.263 65.581 -0.48381 0.011177
0.98964 49.505 88.155 48.036 65.598 -0.52395 0.006972
0.98962 49.508 87.329 47.911 65.609 -0.55985 0.0023601
0.98962 49.511 86.498 47.887 65.612 -0.59086 -0.0022409
0.98961 49.516 85.716 47.957 65.608 -0.61689 -0.0063331
0.98962 49.522 85.032 48.108 65.597 -0.63845 -0.0093781
0.98962 49.529 84.484 48.327 65.581 -0.65649 -0.010846
0.98962 49.539 84.098 48.596 65.562 -0.67238 -0.010269
0.98962 49.551 83.881 48.896 65.543 -0.68767 -0.0072877
0.98962 49.566 83.827 49.212 65.525 -0.70398 -0.001701
0.9896 49.585 83.911 49.525 65.511 -0.72282 0.0065045
0.98957 49.608 84.095 49.822 65.5 -0.74542 0.017135
0.98953 49.635 84.334 50.094 65.494 -0.77257 0.02979
0.98948 49.664 84.578 50.331 65.492 -0.80458 0.043879
0.98941 49.694 84.779 50.53 65.493 -0.8412 0.058655
0.98934 49.724 84.896 50.69 65.495 -0.88162 0.073268
0.98926 49.752 84.902 50.811 65.498 -0.9245 0.086823
0.98917 49.775 84.782 50.896 65.5 -0.96812 0.098452
0.98909 49.792 84.539 50.947 65.502 -1.0104 0.10738
0.989 49.801 84.189 50.969 65.502 -1.0493 0.11297
0.98893 49.801 83.759 50.963 65.5 -1.0827 0.11482
0.98887 49.792 83.283 50.934 65.498 -1.1087 0.11275
0.98882 49.774 82.796 50.883 65.495 -1.1258 0.10686
0.98879 49.748 82.328 50.811 65.493 -1.133 0.097479
0.98877 49.717 81.902 50.721 65.491 -1.1298 0.085206
0.98878 49.682 81.531 50.615 65.489 -1.1166 0.070823
0.98881 49.646 81.216 50.494 65.488 -1.0942 0.055255
0.98885 49.612 80.948 50.365 65.487 -1.0638 0.039503
0.98891 49.581 80.714 50.231 65.486 -1.0275 0.024575
0.98897 49.555 80.494 50.102 65.484 -0.98732 0.01141
0.98903 49.536 80.273 49.985 65.48 -0.94564 0.00081655
0.98909 49.524 80.037 49.891 65.475 -0.90478 -0.0065822
0.98914 49.518 79.781 49.829 65.467 -0.86686 -0.010388
0.98916 49.518 79.508 49.81 65.457 -0.83368 -0.010448
0.98917 49.522 79.23 49.841 65.445 -0.8066 -0.0068613
0.98916 49.529 78.964 49.93 65.43 -0.7864 4.2469e-05
0.98912 49.537 78.732 50.078 65.414 -0.77331 0.0097304
0.98907 49.545 78.556 50.284 65.397 -0.76699 0.021514
0.989 49.552 78.457 50.544 65.379 -0.76658 0.034603
0.98893 49.557 78.45 50.848 65.36 -0.7708 0.048168
0.98885 49.561 78.543 51.184 65.341 -0.77812 0.061395
0.98879 49.563 78.734 51.536 65.321 -0.78684 0.073547
0.98873 49.564 79.013 51.885 65.301 -0.79529 0.084002
0.9887 49.565 79.363 52.213 65.28 -0.80196 0.092294
0.98869 49.567 79.76 52.502 65.259 -0.80564 0.09813
0.9887 49.573 80.176 52.734 65.238 -0.80549 0.10139
0.98874 49.581 80.583 52.897 65.217 -0.8011 0.10213
0.9888 49.595 80.954 52.98 65.197 -0.79252 0.10054
0.98887 49.613 81.266 52.978 65.178 -0.78022 0.096937
0.98896 49.636 81.502 52.89 65.16 -0.765 0.091704
0.98906 49.663 81.654 52.721 65.146 -0.74793 0.085261
0.98915 49.693 81.716 52.479 65.135 -0.73021 0.078026
0.98924 49.724 81.694 52.177 65.129 -0.71306 0.070372
0.98932 49.755 81.594 51.83 65.128 -0.69759 0.06261
0.98938 49.784 81.429 51.456 65.133 -0.68472 0.054965
0.98942 49.809 81.211 51.072 65.143 -0.67511 0.047571
0.98943 49.827 80.954 50.696 65.158 -0.66909 0.040476
0.98942 49.839 80.668 50.342 65.177 -0.66673 0.033656
0.98938 49.843 80.36 50.025 65.199 -0.66779 0.027035
0.98932 49.838 80.034 49.754 65.221 -0.67185 0.02051
0.98923 49.826 79.689 49.537 65.242 -0.67838 0.013983
0.98912 49.806 79.321 49.377 65.259 -0.68681 0.0073833
0.98899 49.78 78.922 49.276 65.27 -0.69664 0.00069452
0.98885 49.75 78.484 49.23 65.274 -0.70752 -0.0060308
0.9887 49.717 78 49.235 65.268 -0.71928 -0.012661
0.98855 49.683 77.466 49.287 65.251 -0.73197 -0.018988
0.98839 49.648 76.883 49.377 65.224 -0.74582 -0.024733
0.98825 49.614 76.258 49.499 65.186 -0.7612 -0.029569
0.98812 49.582 75.608 49.646 65.138 -0.77852 -0.033144
0.98801 49.554 74.958 49.813 65.082 -0.79809 -0.035114
0.98793 49.529 74.342 49.994 65.02 -0.82007 -0.035179
0.98788 49.508 73.797 50.186 64.955 -0.84427 -0.033112
0.98786 49.491 73.367 50.387 64.89 -0.87009 -0.028798
0.98787 49.48 73.094 50.594 64.827 -0.89644 -0.022255
0.98791 49.474 73.014 50.808 64.77 -0.92172 -0.013656
0.98796 49.474 73.157 51.028 64.722 -0.94382 -0.0033294
0.98803 49.48 73.536 51.254 64.685 -0.96024 0.0082388
0.98811 49.492 74.151 51.485 64.663 -0.96822 0.02043
0.98818 49.51 74.983 51.719 64.656 -0.96492 0.032523
0.98823 49.531 75.997 51.955 64.667 -0.94767 0.04374
0.98827 49.555 77.14 52.189 64.693 -0.91422 0.0533
0.98828 49.579 78.347 52.417 64.735 -0.86302 0.060482
0.98827 49.601 79.543 52.634 64.79 -0.79343 0.064687
0.98824 49.616 80.653 52.833 64.855 -0.70595 0.065504
0.9882 49.623 81.602 53.009 64.925 -0.60233 0.062756
0.98815 49.618 82.327 53.154 64.997 -0.48569 0.056547
0.98812 49.599 82.78 53.261 65.065 -0.36042 0.047282
0.98809 49.566 82.935 53.324 65.125 -0.2321 0.035668
0.9881 49.518 82.787 53.338 65.173 -0.10726 0.022689
0.98814 49.455 82.359 53.298 65.208 0.0069717 0.0095602
0.98821 49.381 81.693 53.203 65.226 0.10321 -0.0023431
0.98833 49.298 80.854 53.05 65.229 0.17432 -0.011577
0.98848 49.209 79.921 52.84 65.218 0.21383 -0.016731
0.98865 49.119 78.979 52.575 65.194 0.21644 -0.016538
0.98884 49.032 78.113 52.26 65.161 0.17841 -0.0099827
0.98904 48.952 77.403 51.9 65.124 0.097921 0.003603
0.98924 48.883 76.911 51.503 65.086 -0.024694 0.024464
0.98942 48.828 76.682 51.077 65.051 -0.18685 0.052374
0.98958 48.788 76.738 50.631 65.024 -0.38373 0.086616
0.98972 48.765 77.08 50.176 65.008 -0.60846 0.12601
0.98982 48.759 77.683 49.724 65.005 -0.85244 0.16895
0.98989 48.769 78.507 49.285 65.016 -1.1058 0.21352
0.98992 48.793 79.496 48.871 65.042 -1.3577 0.25759
0.98993 48.83 80.585 48.493 65.081 -1.5974 0.29898
0.98992 48.877 81.703 48.159 65.132 -1.8144 0.33557
0.98989 48.93 82.784 47.878 65.192 -1.9992 0.36545
0.98984 48.987 83.765 47.658 65.257 -2.1437 0.38709
0.98979 49.045 84.596 47.502 65.322 -2.2418 0.3994
0.98974 49.102 85.24 47.412 65.385 -2.2897 0.40183
0.98969 49.156 85.674 47.389 65.439 -2.2856 0.39438
0.98965 49.205 85.894 47.43 65.484 -2.2302 0.37763
0.98961 49.248 85.91 47.528 65.515 -2.1264 0.35266
0.98958 49.284 85.75 47.676 65.533 -1.979 0.32098
0.98956 49.314 85.454 47.863 65.538 -1.7941 0.28442
0.98955 49.339 85.075 48.077 65.53 -1.5792 0.24498
0.98954 49.359 84.669 48.305 65.513 -1.3421 0.20471
0.98955 49.377 84.297 48.534 65.49 -1.091 0.16554
0.98956 49.393 84.013 48.75 65.466 -0.83371 0.1292
0.98957 49.41 83.866 48.942 65.443 -0.57755 0.097066
0.98959 49.428 83.89 49.098 65.427 -0.32888 0.070132
0.98962 49.45 84.101 49.213 65.419 -0.093074 0.048954
0.98964 49.475 84.497 49.281 65.423 0.12563 0.033656
0.98967 49.503 85.059 49.302 65.438 0.3241 0.023975
0.9897 49.534 85.746 49.277 65.466 0.50026 0.019318
0.98973 49.565 86.504 49.214 65.504 0.65294 0.018863
0.98976 49.595 87.27 49.12 65.55 0.78179 0.02165
0.98978 49.622 87.977 49.006 65.6 0.88707 0.026694
0.9898 49.643 88.56 48.886 65.652 0.96955 0.033077
0.98982 49.655 88.96 48.771 65.701 1.0304 0.04003
0.98982 49.658 89.135 48.676 65.743 1.0712 0.046993
0.98982 49.649 89.059 48.61 65.778 1.0937 0.053639
0.98981 49.629 88.722 48.584 65.802 1.0999 0.059879
0.98978 49.599 88.136 48.602 65.815 1.0923 0.065834
0.98974 49.559 87.328 48.669 65.819 1.0736 0.071784
0.98968 49.513 86.343 48.782 65.814 1.0465 0.0781
0.98961 49.465 85.232 48.939 65.804 1.0145 0.085167
0.98953 49.416 84.056 49.132 65.791 0.98082 0.09331
0.98943 49.372 82.876 49.351 65.779 0.94909 0.10272
0.98931 49.335 81.751 49.585 65.77 0.92278 0.11341
0.98919 49.308 80.736 49.821 65.766 0.90518 0.12518
0.98906 49.292 79.876 50.046 65.768 0.89919 0.1376
0.98893 49.288 79.209 50.248 65.776 0.90712 0.15006
0.98879 49.297 78.76 50.417 65.791 0.93049 0.1618
0.98866 49.317 78.543 50.544 65.81 0.96988 0.17197
0.98853 49.346 78.56 50.624 65.832 1.0248 0.17973
0.98842 49.383 78.804 50.652 65.854 1.0938 0.18432
0.98831 49.424 79.257 50.63 65.874 1.1743 0.18515
0.98822 49.467 79.892 50.56 65.892 1.2626 0.18187
0.98815 49.511 80.674 50.448 65.905 1.3545 0.17444
0.98809 49.552 81.564 50.301 65.913 1.4452 0.16312
0.98806 49.59 82.517 50.13 65.915 1.5296 0.14853
0.98804 49.624 83.487 49.946 65.912 1.6028 0.13154
0.98804 49.653 84.429 49.76 65.904 1.6602 0.11329
0.98805 49.677 85.301 49.585 65.892 1.6979 0.095036
0.98808 49.695 86.066 49.433 65.878 1.713 0.078127
0.98812 49.707 86.697 49.315 65.863 1.7038 0.06384
0.98817 49.714 87.175 49.24 65.847 1.6696 0.053303
0.98823 49.713 87.494 49.216 65.832 1.6112 0.047396
0.98829 49.707 87.657 49.249 65.819 1.5303 0.046678
0.98836 49.694 87.681 49.342 65.809 1.4299 0.051336
0.98843 49.674 87.59 49.495 65.802 1.3136 0.061169
0.9885 49.649 87.416 49.707 65.799 1.1854 0.075599
0.98857 49.619 87.196 49.971 65.799 1.0498 0.093714
0.98864 49.586 86.965 50.282 65.803 0.91098 0.11434
0.98871 49.553 86.758 50.63 65.812 0.77281 0.13613
0.98877 49.523 86.602 51.005 65.825 0.6386 0.15766
0.98883 49.499 86.517 51.394 65.841 0.51085 0.17757
0.98887 49.485 86.513 51.786 65.861 0.39121 0.19461
0.98891 49.486 86.59 52.169 65.884 0.28042 0.20777
0.98892 49.504 86.739 52.532 65.91 0.17837 0.21633
0.98892 49.545 86.944 52.866 65.939 0.084201 0.21993
0.9889 49.609 87.186 53.162 65.97 -0.0035247 0.21852
0.98887 49.697 87.444 53.414 66.002 -0.086632 0.21243
0.98881 49.808 87.702 53.62 66.034 -0.16712 0.20225
0.98875 49.938 87.947 53.778 66.066 -0.24698 0.18883
0.98868 50.08 88.174 53.886 66.096 -0.32796 0.17314
0.9886 50.225 88.384 53.948 66.122 -0.41148 0.15626
0.98853 50.363 88.589 53.965 66.144 -0.49847 0.13924
0.98847 50.479 88.803 53.94 66.159 -0.58936 0.12302
0.98843 50.558 89.045 53.877 66.165 -0.68405 0.1084
0.9884 50.587 89.333 53.778 66.16 -0.78196 0.095964
0.98841 50.548 89.683 53.646 66.142 -0.88213 0.086081
0.98843 50.43 90.104 53.48 66.111 -0.98332 0.078866
0.98848 50.219 90.594 53.283 66.064 -1.0841 0.074219
0.98856 49.91 91.145 53.052 66.003 -1.183 0.071853
0.98865 49.497 91.738 52.788 65.927 -1.2788 0.07134
0.98875 48.982 92.344 52.49 65.838 -1.3702 0.072166
0.98886 48.372 92.93 52.156 65.737 -1.4563 0.073788
0.98897 47.677 93.459 51.788 65.626 -1.5365 0.075688
0.98908 46.914 93.894 51.386 65.51 -1.6105 0.077421
0.98919 46.103 94.205 50.951 65.39 -1.6783 0.078649
0.98928 45.266 94.37 50.489 65.271 -1.7401 0.079164
0.98936 44.426 94.377 50.003 65.156 -1.7962 0.0789
0.98943 43.607 94.228 49.498 65.048 -1.8472 0.07792
0.98949 42.831 93.938 48.981 64.951 -1.8936 0.076404
0.98953 42.115 93.536 48.458 64.865 -1.9361 0.074619
0.98956 41.474 93.06 47.934 64.794 -1.9751 0.072887
0.98959 40.919 92.554 47.414 64.737 -2.0112 0.071552
0.9896 40.452 92.067 46.902 64.694 -2.0447 0.07094
0.98962 40.075 91.644 46.399 64.665 -2.0761 0.071337
0.98963 39.782 91.323 45.907 64.649 -2.1057 0.07296
0.98963 39.564 91.132 45.424 64.642 -2.1341 0.075948
0.98964 39.41 91.086 44.948 64.645 -2.1616 0.080356
0.98965 39.307 91.184 44.474 64.654 -2.1891 0.086158
0.98966 39.241 91.409 44 64.668 -2.2173 0.093258
0.98968 39.201 91.734 43.522 64.687 -2.2472 0.10151
0.98969 39.172 92.118 43.036 64.709 -2.28 0.11075
0.9897 39.147 92.518 42.541 64.735 -2.317 0.12079
0.98972 39.118 92.885 42.037 64.764 -2.3596 0.13147
0.98973 39.08 93.175 41.527 64.796 -2.4092 0.14265
0.98974 39.032 93.348 41.015 64.832 -2.4669 0.15424
0.98974 38.973 93.371 40.507 64.872 -2.5339 0.1662
0.98974 38.905 93.221 40.012 64.916 -2.611 0.17853
0.98973 38.833 92.886 39.541 64.962 -2.6984 0.19128
0.98971 38.76 92.362 39.104 65.011 -2.7961 0.20451
0.98969 38.691 91.658 38.712 65.06 -2.9036 0.2183
0.98966 38.63 90.791 38.377 65.107 -3.0196 0.2327
0.98963 38.58 89.786 38.106 65.151 -3.1426 0.24775
0.98959 38.544 88.677 37.909 65.188 -3.2704 0.2634
0.98956 38.522 87.503 37.79 65.216 -3.4006 0.27958
0.98953 38.514 86.31 37.753 65.234 -3.5303 0.2961
0.9895 38.518 85.145 37.797 65.239 -3.6564 0.31274
0.98948 38.532 84.057 37.919 65.23 -3.7758 0.32918
0.98947 38.551 83.094 38.114 65.206 -3.8854 0.34504
0.98947 38.573 82.298 38.373 65.169 -3.9823 0.35992
0.98947 38.593 81.706 38.687 65.118 -4.0637 0.37341
0.98948 38.608 81.345 39.043 65.058 -4.1274 0.38512
0.9895 38.616 81.231 39.431 64.99 -4.1715 0.39468
0.98952 38.615 81.369 39.836 64.917 -4.195 0.40185
0.98953 38.604 81.75 40.246 64.845 -4.1971 0.40646
0.98953 38.583 82.352 40.65 64.775 -4.178 0.40848
0.98953 38.555 83.145 41.036 64.712 -4.1387 0.40802
0.98951 38.52 84.087 41.395 64.659 -4.0807 0.40534
0.98947 38.483 85.133 41.719 64.616 -4.0062 0.40084
0.98941 38.445 86.234 42.002 64.585 -3.9184 0.39504
0.98933 38.411 87.343 42.238 64.565 -3.8206 0.38856
0.98923 38.382 88.415 42.423 64.557 -3.717 0.38209
0.98911 38.362 89.413 42.558 64.557 -3.6119 0.37634
0.98897 38.352 90.31 42.639 64.563 -3.5098 0.37201
0.98882 38.352 91.088 42.669 64.574 -3.4151 0.36973
0.98868 38.365 91.741 42.65 64.586 -3.3321 0.37006
0.98854 38.388 92.274 42.583 64.598 -3.2646 0.37337
0.98842 38.42 92.701 42.473 64.607 -3.2157 0.3799
0.98833 38.459 93.045 42.323 64.611 -3.1879 0.38969
0.98827 38.503 93.333 42.14 64.611 -3.1826 0.40259
0.98826 38.548 93.593 41.928 64.606 -3.2003 0.41825
0.98828 38.592 93.85 41.695 64.596 -3.2404 0.43613
0.98835 38.63 94.125 41.446 64.583 -3.3011 0.45557
0.98846 38.66 94.427 41.189 64.567 -3.3801 0.47575
0.9886 38.679 94.756 40.931 64.551 -3.4737 0.4958
0.98877 38.685 95.1 40.678 64.536 -3.578 0.51483
0.98896 38.677 95.434 40.437 64.524 -3.6886 0.53193
0.98916 38.655 95.726 40.213 64.516 -3.8007 0.54631
0.98935 38.619 95.939 40.011 64.514 -3.91 0.55726
0.98953 38.571 96.035 39.836 64.517 -4.0121 0.56426
0.98969 38.514 95.982 39.689 64.527 -4.1036 0.56695
0.98983 38.449 95.757 39.573 64.542 -4.1815 0.56519
0.98993 38.381 95.352 39.487 64.562 -4.244 0.55909
0.99001 38.313 94.776 39.43 64.586 -4.29 0.54894
0.99006 38.247 94.053 39.4 64.612 -4.3196 0.53528
0.99008 38.187 93.223 39.396 64.64 -4.3339 0.51878
0.99007 38.135 92.34 39.413 64.666 -4.3345 0.5003
0.99004 38.091 91.463 39.45 64.691 -4.324 0.48076
0.98999 38.058 90.653 39.503 64.713 -4.3054 0.46117
0.98992 38.033 89.965 39.571 64.732 -4.2819 0.44247
0.98984 38.018 89.443 39.651 64.746 -4.2568 0.42559
0.98975 38.009 89.116 39.745 64.757 -4.2333 0.41132
0.98966 38.007 88.996 39.851 64.765 -4.214 0.40028
0.98956 38.008 89.072 39.97 64.771 -4.2012 0.39291
0.98946 38.011 89.317 40.103 64.775 -4.1962 0.38943
0.98937 38.016 89.69 40.251 64.781 -4.1999 0.38984
0.98929 38.02 90.14 40.413 64.788 -4.2121 0.39392
0.98921 38.023 90.613 40.589 64.8 -4.232 0.40125
0.98914 38.026 91.056 40.776 64.817 -4.2583 0.41126
0.98907 38.027 91.427 40.972 64.841 -4.2888 0.42325
0.98902 38.028 91.696 41.172 64.871 -4.3214 0.43646
0.98898 38.03 91.848 41.371 64.907 -4.3533 0.45011
0.98895 38.033 91.881 41.561 64.949 -4.3822 0.46348
0.98892 38.038 91.811 41.737 64.994 -4.4057 0.47591
0.9889 38.047 91.658 41.891 65.042 -4.4218 0.48688
0.98888 38.061 91.452 42.019 65.089 -4.4292 0.49603
0.98887 38.08 91.221 42.117 65.133 -4.4268 0.50315
0.98886 38.106 90.992 42.181 65.171 -4.4146 0.50823
0.98885 38.139 90.783 42.213 65.2 -4.3931 0.51137
0.98885 38.179 90.61 42.213 65.219 -4.3634 0.51284
0.98885 38.224 90.476 42.188 65.225 -4.3272 0.513
0.98887 38.275 90.385 42.143 65.219 -4.2866 0.51226
0.9889 38.33 90.332 42.085 65.198 -4.2441 0.51104
0.98894 38.388 90.316 42.023 65.165 -4.2022 0.50976
0.98899 38.446 90.335 41.964 65.12 -4.1634 0.50877
0.98904 38.503 90.394 41.914 65.066 -4.1301 0.50834
0.9891 38.557 90.501 41.88 65.007 -4.1042 0.50864
0.98915 38.607 90.668 41.862 64.945 -4.0873 0.50971
0.9892 38.651 90.912 41.861 64.885 -4.0806 0.51152
0.98923 38.689 91.248 41.874 64.829 -4.0843 0.51393
0.98924 38.719 91.689 41.894 64.781 -4.0986 0.51673
0.98923 38.741 92.24 41.916 64.741 -4.1228 0.51965
0.98919 38.755 92.894 41.928 64.713 -4.1558 0.52244
0.98913 38.759 93.631 41.924 64.694 -4.1964 0.52481
0.98906 38.754 94.416 41.894 64.683 -4.2428 0.52654
0.98897 38.741 95.198 41.831 64.679 -4.2934 0.52745
0.98889 38.719 95.915 41.731 64.679 -4.3463 0.52741
0.98881 38.69 96.498 41.594 64.68 -4.3999 0.52638
0.98874 38.655 96.877 41.421 64.679 -4.4526 0.5244
0.98869 38.615 96.99 41.219 64.673 -4.503 0.52155
0.98867 38.573 96.787 40.996 64.662 -4.5499 0.518
0.98868 38.532 96.242 40.763 64.645 -4.5925 0.51392
0.98871 38.495 95.355 40.534 64.621 -4.6301 0.50953
0.98876 38.465 94.153 40.323 64.592 -4.6621 0.50505
0.98883 38.446 92.693 40.142 64.558 -4.688 0.50068
0.98891 38.441 91.057 40.005 64.521 -4.7074 0.4966
0.98899 38.453 89.342 39.919 64.484 -4.7201 0.49294
0.98907 38.484 87.66 39.892 64.449 -4.7255 0.48977
0.98915 38.536 86.12 39.925 64.416 -4.7234 0.48713
0.9892 38.608 84.821 40.017 64.389 -4.7133 0.48495
0.98924 38.7 83.845 40.161 64.368 -4.6947 0.48316
0.98927 38.809 83.245 40.35 64.355 -4.6673 0.48158
0.98928 38.931 83.047 40.572 64.349 -4.6308 0.48002
0.98928 39.062 83.242 40.813 64.352 -4.5849 0.47825
0.98926 39.197 83.792 41.058 64.362 -4.5299 0.47602
0.98925 39.329 84.634 41.294 64.381 -4.4659 0.4731
0.98923 39.454 85.687 41.507 64.406 -4.3939 0.46927
0.98922 39.567 86.86 41.687 64.437 -4.3147 0.46437
0.98921 39.662 88.06 41.824 64.472 -4.2299 0.45831
0.98922 39.738 89.202 41.914 64.509 -4.1412 0.45109
0.98924 39.791 90.215 41.953 64.546 -4.0509 0.4428
0.98927 39.822 91.043 41.943 64.58 -3.9613 0.43367
0.98931 39.83 91.654 41.887 64.611 -3.875 0.42402
0.98936 39.819 92.035 41.792 64.636 -3.7948 0.41428
0.98941 39.789 92.193 41.665 64.654 -3.7231 0.40496
0.98947 39.746 92.152 41.516 64.665 -3.6625 0.39664
0.98952 39.693 91.946 41.354 64.669 -3.6151 0.3899
0.98956 39.633 91.621 41.19 64.667 -3.5825 0.38533
0.98959 39.572 91.229 41.03 64.661 -3.566 0.38341
0.9896 39.512 90.822 40.884 64.654 -3.5661 0.38453
0.98959 39.458 90.45 40.755 64.649 -3.5828 0.38893
0.98956 39.412 90.159 40.649 64.646 -3.6154 0.39665
0.9895 39.377 89.989 40.566 64.65 -3.6625 0.40754
0.98941 39.352 89.966 40.507 64.66 -3.7222 0.42121
0.98931 39.339 90.105 40.471 64.677 -3.792 0.43709
0.98918 39.337 90.408 40.457 64.7 -3.8692 0.45442
0.98904 39.344 90.857 40.461 64.728 -3.9507 0.47234
0.98889 39.359 91.424 40.481 64.757 -4.0334 0.48986
0.98874 39.377 92.062 40.516 64.785 -4.1142 0.50602
0.98859 39.397 92.72 40.564 64.808 -4.1902 0.51988
0.98846 39.414 93.335 40.624 64.822 -4.2587 0.53063
0.98834 39.426 93.847 40.698 64.824 -4.3176 0.53763
0.98826 39.429 94.202 40.786 64.813 -4.3651 0.54044
0.9882 39.422 94.355 40.892 64.787 -4.3999 0.53886
0.98818 39.404 94.277 41.017 64.746 -4.4212 0.53295
0.98819 39.373 93.959 41.163 64.693 -4.4285 0.52297
0.98824 39.332 93.411 41.333 64.629 -4.4218 0.50942
0.98832 39.282 92.661 41.528 64.559 -4.4012 0.49292
0.98843 39.226 91.758 41.748 64.487 -4.367 0.47422
0.98857 39.167 90.759 41.99 64.417 -4.3195 0.45406
0.98873 39.108 89.734 42.252 64.354 -4.259 0.4332
0.9889 39.055 88.75 42.528 64.301 -4.1856 0.41226
0.98907 39.009 87.876 42.814 64.261 -4.0992 0.39176
0.98923 38.976 87.168 43.101 64.234 -3.9995 0.37202
0.98938 38.956 86.671 43.381 64.22 -3.8862 0.3532
0.9895 38.951 86.417 43.647 64.219 -3.7588 0.33525
0.98958 38.962 86.417 43.89 64.227 -3.6168 0.31799
0.98962 38.987 86.668 44.103 64.242 -3.4601 0.30108
0.98961 39.025 87.148 44.28 64.262 -3.2889 0.28416
0.98955 39.072 87.824 44.415 64.284 -3.1038 0.26683
0.98944 39.126 88.651 44.504 64.305 -2.9063 0.24875
0.98928 39.18 89.579 44.544 64.326 -2.6985 0.22969
0.98907 39.233 90.557 44.536 64.346 -2.4835 0.2096
0.98884 39.278 91.534 44.479 64.365 -2.2652 0.18861
0.98858 39.314 92.468 44.377 64.387 -2.0484 0.16709
0.98832 39.338 93.324 44.231 64.412 -1.8386 0.14559
0.98807 39.347 94.079 44.047 64.443 -1.6417 0.12488
0.98785 39.344 94.719 43.829 64.481 -1.4638 0.10586
0.98766 39.327 95.24 43.585 64.527 -1.3112 0.08952
0.98753 39.299 95.647 43.322 64.582 -1.1895 0.076866
0.98747 39.264 95.951 43.046 64.642 -1.1036 0.068831
0.98747 39.223 96.163 42.765 64.707 -1.0572 0.066194
0.98753 39.182 96.3 42.489 64.771 -1.0527 0.069506
0.98765 39.144 96.373 42.224 64.83 -1.0908 0.079025
0.98782 39.11 96.394 41.979 64.88 -1.1703 0.094665
0.98803 39.086 96.369 41.761 64.915 -1.2884 0.11597
0.98826 39.07 96.302 41.576 64.93 -1.4404 0.14213
0.98849 39.066 96.195 41.43 64.924 -1.6197 0.17198
0.98871 39.072 96.045 41.327 64.894 -1.8187 0.20408
0.9889 39.088 95.848 41.269 64.84 -2.0287 0.23677
0.98907 39.112 95.6 41.255 64.764 -2.2402 0.26827
0.98919 39.142 95.297 41.283 64.67 -2.444 0.2968
0.98927 39.176 94.937 41.349 64.563 -2.6308 0.32068
0.98931 39.21 94.517 41.447 64.448 -2.7925 0.33844
0.9893 39.243 94.038 41.569 64.331 -2.9219 0.34891
0.98926 39.272 93.504 41.705 64.22 -3.0137 0.35131
0.9892 39.295 92.92 41.845 64.12 -3.064 0.34531
0.98911 39.31 92.296 41.978 64.036 -3.0712 0.33105
0.98901 39.317 91.644 42.096 63.973 -3.0354 0.30913
0.9889 39.316 90.978 42.189 63.935 -2.9587 0.2806
0.98879 39.307 90.318 42.251 63.924 -2.8449 0.24686
0.98868 39.291 89.681 42.276 63.939 -2.699 0.2096
0.98858 39.268 89.087 42.262 63.98 -2.5274 0.17069
0.98849 39.242 88.554 42.21 64.044 -2.3369 0.13206
0.98841 39.214 88.097 42.124 64.129 -2.1348 0.095587
0.98833 39.186 87.726 42.008 64.228 -1.9283 0.06296
0.98827 39.16 87.447 41.871 64.336 -1.7243 0.035604
0.98822 39.14 87.257 41.724 64.447 -1.5288 0.014593
0.98819 39.126 87.149 41.576 64.555 -1.3474 0.00059345
0.98817 39.122 87.109 41.439 64.654 -1.1842 -0.0061607
0.98817 39.129 87.121 41.325 64.739 -1.0427 -0.0058612
0.98819 39.147 87.165 41.244 64.805 -0.92502 0.00090539
0.98822 39.177 87.223 41.203 64.849 -0.8323 0.013215
0.98829 39.217 87.283 41.208 64.869 -0.76472 0.029882
0.98837 39.267 87.334 41.263 64.866 -0.72159 0.049552
0.98848 39.324 87.377 41.368 64.84 -0.70142 0.070793
0.9886 39.384 87.417 41.521 64.794 -0.70209 0.092194
0.98874 39.445 87.471 41.716 64.732 -0.72093 0.11245
0.9889 39.502 87.559 41.944 64.657 -0.75482 0.13043
0.98905 39.554 87.707 42.196 64.576 -0.80031 0.14525
0.98921 39.596 87.942 42.459 64.492 -0.85373 0.15628
0.98936 39.626 88.288 42.72 64.41 -0.91131 0.16317
0.9895 39.644 88.763 42.968 64.332 -0.96926 0.16583
0.98961 39.648 89.374 43.188 64.262 -1.024 0.16445
0.98971 39.639 90.119 43.371 64.202 -1.0721 0.15939
0.98977 39.618 90.977 43.505 64.152 -1.111 0.15119
0.98981 39.585 91.916 43.585 64.113 -1.1383 0.14048
0.98983 39.543 92.887 43.606 64.083 -1.1528 0.12795
0.98982 39.493 93.831 43.565 64.064 -1.1542 0.11432
0.98979 39.437 94.685 43.465 64.054 -1.1432 0.10025
0.98974 39.377 95.38 43.309 64.053 -1.1219 0.086363
0.98969 39.313 95.854 43.104 64.061 -1.0933 0.073204
0.98963 39.247 96.056 42.857 64.079 -1.0616 0.061243
0.98957 39.179 95.949 42.581 64.107 -1.0319 0.050874
0.98952 39.111 95.518 42.284 64.145 -1.0098 0.042425
0.98948 39.042 94.77 41.979 64.193 -1.0014 0.036171
0.98946 38.976 93.734 41.677 64.25 -1.0125 0.032344
0.98944 38.912 92.46 41.389 64.315 -1.0484 0.031143
0.98945 38.854 91.014 41.124 64.386 -1.1137 0.032741
0.98946 38.802 89.475 40.89 64.46 -1.2113 0.037284
0.98948 38.76 87.923 40.693 64.533 -1.3427 0.044885
0.98951 38.729 86.44 40.537 64.603 -1.5073 0.05561
0.98953 38.71 85.095 40.423 64.666 -1.7027 0.069466
0.98954 38.705 83.948 40.353 64.719 -1.9241 0.086379
0.98953 38.713 83.037 40.324 64.761 -2.1654 0.10618
0.9895 38.733 82.387 40.333 64.791 -2.4183 0.12857
0.98944 38.763 82.002 40.377 64.81 -2.6736 0.15316
0.98933 38.801 81.871 40.449 64.818 -2.9214 0.17939
0.98919 38.845 81.972 40.545 64.819 -3.1516 0.20659
0.989 38.89 82.275 40.659 64.814 -3.3542 0.23399
0.98878 38.934 82.744 40.786 64.806 -3.5202 0.26068
0.98851 38.973 83.342 40.922 64.798 -3.6422 0.28573
0.98823 39.007 84.035 41.061 64.791 -3.7141 0.30813
0.98792 39.032 84.789 41.202 64.788 -3.732 0.3269
0.98762 39.049 85.574 41.342 64.788 -3.6942 0.34112
0.98734 39.056 86.364 41.482 64.792 -3.601 0.34993
0.98709 39.056 87.134 41.62 64.799 -3.4549 0.35265
0.98689 39.049 87.862 41.757 64.807 -3.2601 0.34877
0.98676 39.037 88.531 41.896 64.816 -3.0225 0.338
0.98672 39.023 89.123 42.037 64.824 -2.749 0.32032
0.98676 39.009 89.626 42.183 64.83 -2.4476 0.29594
0.98691 38.998 90.033 42.333 64.833 -2.1265 0.26539
0.98715 38.992 90.34 42.488 64.834 -1.794 0.22943
0.98748 38.993 90.548 42.649 64.832 -1.4582 0.18907
0.98789 39.002 90.665 42.814 64.828 -1.1269 0.14551
0.98835 39.018 90.701 42.98 64.822 -0.80682 0.1001
0.98886 39.042 90.669 43.146 64.815 -0.5041 0.054248
0.98939 39.072 90.584 43.308 64.807 -0.22379 0.009352
0.98991 39.105 90.465 43.461 64.8 0.030138 -0.033274
