//co2 data for Study 24 _2
steady: none
chosen_param: SaO2sup, Pa_CO2, P_a, Vmca_d, TOI_d, HbT_d, CCO_d
time_step: 1.0
******
0.97591 41.263 82.364 45.522 73.264 1.1253 0.23457
0.9771 41.452 82.166 45.682 73.413 1.1312 0.24079
0.97805 41.545 81.998 45.823 73.533 1.146 0.25144
0.97872 41.543 81.875 45.939 73.622 1.172 0.26571
0.97908 41.453 81.809 46.026 73.676 1.2108 0.28264
0.97912 41.287 81.805 46.086 73.694 1.2636 0.30123
0.97887 41.059 81.861 46.123 73.68 1.3308 0.32047
0.97836 40.789 81.969 46.143 73.636 1.4118 0.33944
0.97765 40.493 82.117 46.155 73.568 1.5055 0.35732
0.9768 40.192 82.292 46.167 73.481 1.6098 0.37348
0.97587 39.903 82.478 46.189 73.381 1.722 0.38748
0.97493 39.643 82.663 46.229 73.274 1.839 0.39907
0.97403 39.424 82.838 46.294 73.166 1.957 0.40824
0.97322 39.255 82.994 46.387 73.062 2.0723 0.41513
0.97254 39.142 83.13 46.511 72.965 2.1812 0.42004
0.972 39.086 83.245 46.664 72.879 2.2802 0.42337
0.9716 39.084 83.341 46.841 72.806 2.3662 0.42555
0.97135 39.13 83.422 47.038 72.746 2.437 0.42702
0.97121 39.215 83.492 47.245 72.701 2.4909 0.42818
0.97115 39.329 83.556 47.453 72.67 2.5273 0.42932
0.97114 39.462 83.617 47.652 72.651 2.5464 0.43061
0.97114 39.602 83.678 47.833 72.645 2.5494 0.43209
0.97111 39.741 83.743 47.988 72.647 2.5382 0.43368
0.97101 39.869 83.811 48.109 72.657 2.5155 0.43515
0.97083 39.983 83.885 48.192 72.673 2.4844 0.43619
0.97054 40.077 83.964 48.236 72.691 2.4483 0.43645
0.97014 40.15 84.047 48.24 72.711 2.4107 0.43553
0.96965 40.204 84.134 48.207 72.731 2.3749 0.4331
0.96908 40.24 84.223 48.141 72.75 2.3438 0.42888
0.96846 40.261 84.314 48.049 72.768 2.3197 0.42272
0.96782 40.272 84.404 47.936 72.785 2.3044 0.41459
0.96721 40.277 84.492 47.81 72.802 2.2985 0.40466
0.96668 40.281 84.575 47.677 72.82 2.3022 0.39322
0.96626 40.286 84.651 47.543 72.841 2.3145 0.38072
0.96601 40.297 84.714 47.412 72.866 2.334 0.36776
0.96595 40.315 84.762 47.289 72.896 2.3586 0.355
0.96611 40.342 84.79 47.176 72.933 2.3857 0.34314
0.96651 40.377 84.797 47.074 72.978 2.4128 0.3329
0.96715 40.418 84.78 46.984 73.031 2.4373 0.32489
0.96799 40.465 84.739 46.906 73.091 2.4567 0.31965
0.96902 40.514 84.677 46.839 73.159 2.4693 0.31754
0.97018 40.561 84.596 46.785 73.231 2.4738 0.31873
0.9714 40.603 84.499 46.744 73.308 2.4696 0.32318
0.97263 40.637 84.389 46.719 73.384 2.4571 0.33065
0.97379 40.66 84.269 46.71 73.459 2.4373 0.34065
0.97482 40.67 84.141 46.723 73.527 2.412 0.35255
0.97565 40.666 84.005 46.759 73.588 2.3835 0.36554
0.97624 40.647 83.862 46.824 73.636 2.3547 0.37873
0.97657 40.615 83.713 46.92 73.671 2.3284 0.3912
0.97663 40.573 83.56 47.049 73.69 2.3075 0.40204
0.97642 40.521 83.408 47.215 73.692 2.2946 0.41043
0.97598 40.464 83.264 47.415 73.678 2.2919 0.41568
0.97534 40.405 83.138 47.649 73.648 2.3007 0.41729
0.97457 40.347 83.042 47.911 73.603 2.3215 0.41498
0.97371 40.293 82.987 48.196 73.547 2.3541 0.40872
0.97285 40.244 82.984 48.496 73.482 2.397 0.39869
0.97203 40.203 83.044 48.801 73.411 2.4481 0.38531
0.97132 40.17 83.171 49.1 73.338 2.5045 0.3692
0.97076 40.146 83.364 49.383 73.264 2.5627 0.3511
0.9704 40.131 83.619 49.637 73.194 2.619 0.33187
0.97024 40.126 83.925 49.853 73.129 2.6693 0.31238
0.97031 40.13 84.266 50.02 73.072 2.7103 0.29351
0.97059 40.146 84.624 50.133 73.025 2.7386 0.27601
0.97107 40.176 84.976 50.185 72.989 2.752 0.26053
0.97174 40.223 85.302 50.173 72.964 2.7491 0.24756
0.97254 40.292 85.581 50.099 72.953 2.7294 0.23735
0.97344 40.389 85.795 49.963 72.954 2.6937 0.23001
0.97439 40.522 85.929 49.773 72.969 2.644 0.22541
0.97536 40.697 85.974 49.535 72.996 2.5831 0.22327
0.97629 40.921 85.925 49.261 73.036 2.5148 0.22314
0.97715 41.202 85.782 48.961 73.087 2.4437 0.2245
0.97791 41.543 85.547 48.649 73.148 2.3745 0.22674
0.97853 41.947 85.23 48.34 73.218 2.3122 0.22926
0.979 42.412 84.839 48.049 73.296 2.2615 0.2315
0.9793 42.933 84.386 47.79 73.378 2.2265 0.23296
0.97943 43.502 83.886 47.577 73.463 2.2105 0.23326
0.97941 44.107 83.351 47.422 73.549 2.2159 0.23214
0.97925 44.732 82.796 47.337 73.633 2.2438 0.2295
0.97898 45.362 82.236 47.329 73.713 2.2942 0.2254
0.97862 45.978 81.687 47.404 73.789 2.3656 0.22002
0.97823 46.564 81.167 47.564 73.857 2.4555 0.21367
0.97783 47.104 80.693 47.808 73.917 2.5604 0.20678
0.97747 47.586 80.283 48.132 73.969 2.6759 0.19985
0.97719 47.999 79.954 48.527 74.013 2.7972 0.1934
0.977 48.34 79.722 48.984 74.048 2.9191 0.188
0.97695 48.606 79.597 49.489 74.076 3.0367 0.18414
0.97702 48.803 79.586 50.028 74.099 3.1454 0.18229
0.97722 48.936 79.687 50.586 74.117 3.2412 0.18281
0.97754 49.017 79.893 51.145 74.134 3.3209 0.18595
0.97796 49.058 80.188 51.692 74.151 3.3824 0.19183
0.97845 49.072 80.553 52.213 74.169 3.4247 0.20043
0.97897 49.073 80.96 52.696 74.19 3.4477 0.2116
0.97949 49.073 81.384 53.134 74.214 3.4522 0.22504
0.97998 49.083 81.797 53.519 74.242 3.44 0.24033
0.98042 49.11 82.173 53.85 74.273 3.4134 0.25695
0.98078 49.16 82.494 54.126 74.306 3.3749 0.27432
0.98105 49.235 82.745 54.351 74.34 3.3275 0.2918
0.98123 49.334 82.92 54.528 74.372 3.2737 0.30875
0.98132 49.455 83.02 54.664 74.401 3.2162 0.32456
0.98133 49.591 83.05 54.765 74.426 3.1569 0.33867
0.98128 49.738 83.021 54.836 74.444 3.0975 0.35063
0.9812 49.889 82.947 54.885 74.455 3.039 0.36008
0.98111 50.037 82.843 54.914 74.458 2.982 0.36684
0.98104 50.178 82.721 54.926 74.455 2.9267 0.37083
0.981 50.307 82.596 54.922 74.447 2.8731 0.37213
0.98102 50.421 82.476 54.9 74.435 2.821 0.37096
0.98111 50.521 82.369 54.86 74.423 2.7702 0.36767
0.98127 50.606 82.28 54.799 74.412 2.7207 0.36269
0.98151 50.679 82.208 54.713 74.407 2.6728 0.35652
0.9818 50.743 82.154 54.602 74.409 2.627 0.34968
0.98215 50.802 82.115 54.463 74.421 2.5844 0.34271
0.98253 50.86 82.086 54.298 74.446 2.546 0.33607
0.98291 50.92 82.061 54.11 74.482 2.5134 0.33019
0.98328 50.984 82.032 53.905 74.531 2.4881 0.32538
0.98361 51.056 81.994 53.69 74.591 2.4714 0.32184
0.98388 51.136 81.938 53.474 74.658 2.4645 0.31964
0.98409 51.224 81.861 53.268 74.73 2.4682 0.31874
0.98423 51.317 81.759 53.083 74.803 2.4827 0.31897
0.9843 51.415 81.632 52.93 74.873 2.5076 0.32009
0.9843 51.514 81.483 52.818 74.935 2.5417 0.32176
0.98425 51.611 81.318 52.754 74.986 2.5832 0.32361
0.98417 51.702 81.149 52.742 75.024 2.6297 0.32529
0.98408 51.785 80.986 52.781 75.045 2.6783 0.32643
0.984 51.856 80.846 52.869 75.049 2.7256 0.32677
0.98395 51.913 80.743 52.997 75.037 2.7683 0.32609
0.98395 51.954 80.691 53.155 75.01 2.8033 0.32431
0.98403 51.977 80.7 53.329 74.971 2.8276 0.32145
0.98418 51.982 80.777 53.502 74.923 2.839 0.31765
0.98441 51.969 80.923 53.659 74.87 2.8361 0.31317
0.98471 51.939 81.134 53.784 74.818 2.8181 0.30834
0.98507 51.893 81.398 53.863 74.769 2.7855 0.30359
0.98548 51.834 81.699 53.886 74.729 2.7394 0.29935
0.98592 51.766 82.016 53.847 74.701 2.6822 0.29605
0.98635 51.693 82.325 53.743 74.686 2.6166 0.2941
0.98676 51.62 82.6 53.579 74.687 2.5463 0.2938
0.98713 51.551 82.82 53.363 74.704 2.475 0.29536
0.98743 51.492 82.962 53.11 74.734 2.4067 0.29884
0.98764 51.448 83.014 52.835 74.775 2.3452 0.30417
0.98776 51.421 82.968 52.559 74.824 2.2939 0.31113
0.98777 51.416 82.826 52.302 74.876 2.2557 0.31934
0.98767 51.433 82.598 52.085 74.928 2.2325 0.32833
0.98745 51.472 82.304 51.926 74.975 2.2255 0.33756
0.98714 51.533 81.968 51.84 75.013 2.235 0.34641
0.98674 51.614 81.621 51.837 75.041 2.2603 0.35432
0.98627 51.711 81.298 51.921 75.057 2.2998 0.36075
0.98576 51.819 81.031 52.092 75.06 2.3513 0.36528
0.98523 51.934 80.852 52.342 75.052 2.4117 0.36762
0.98471 52.05 80.786 52.658 75.035 2.4779 0.36764
0.98423 52.161 80.852 53.023 75.012 2.5461 0.36541
0.98381 52.262 81.06 53.416 74.987 2.6128 0.36114
0.98348 52.348 81.407 53.814 74.963 2.6746 0.35524
0.98325 52.415 81.885 54.195 74.946 2.7284 0.34822
0.98314 52.46 82.472 54.536 74.937 2.7714 0.34069
0.98315 52.479 83.14 54.818 74.941 2.8017 0.33331
0.98327 52.471 83.853 55.026 74.957 2.8178 0.32672
0.9835 52.437 84.572 55.15 74.988 2.819 0.32151
0.98383 52.377 85.258 55.185 75.033 2.8054 0.31815
0.98423 52.294 85.871 55.132 75.088 2.7775 0.31698
0.98469 52.189 86.377 54.997 75.153 2.7367 0.31817
0.98517 52.067 86.751 54.791 75.222 2.6847 0.32173
0.98566 51.931 86.974 54.529 75.293 2.6238 0.32748
0.98613 51.786 87.04 54.227 75.36 2.5565 0.33512
0.98656 51.636 86.954 53.904 75.421 2.4857 0.34421
0.98693 51.484 86.731 53.578 75.471 2.4142 0.35426
0.98723 51.336 86.395 53.266 75.507 2.3448 0.36472
0.98745 51.194 85.98 52.983 75.529 2.2804 0.37506
0.98758 51.063 85.521 52.74 75.534 2.2234 0.38482
0.98762 50.944 85.056 52.547 75.524 2.176 0.3936
0.98759 50.842 84.621 52.406 75.5 2.1401 0.40111
0.98747 50.758 84.248 52.321 75.463 2.1169 0.4072
0.9873 50.695 83.96 52.287 75.416 2.1073 0.4118
0.98707 50.655 83.775 52.302 75.364 2.1116 0.41498
0.98682 50.639 83.699 52.357 75.31 2.1294 0.4169
0.98655 50.649 83.731 52.447 75.257 2.1599 0.41776
0.9863 50.684 83.859 52.561 75.211 2.2018 0.41781
0.98606 50.744 84.066 52.695 75.173 2.2531 0.4173
0.98588 50.828 84.33 52.84 75.148 2.3116 0.41643
0.98574 50.934 84.624 52.994 75.135 2.3748 0.4154
0.98567 51.056 84.923 53.151 75.136 2.4398 0.4143
0.98567 51.191 85.201 53.313 75.149 2.5038 0.41317
0.98574 51.333 85.438 53.479 75.174 2.564 0.41199
0.98587 51.474 85.616 53.651 75.206 2.6178 0.41065
0.98605 51.609 85.725 53.832 75.243 2.663 0.40901
0.98627 51.729 85.761 54.026 75.28 2.6976 0.40691
0.98652 51.83 85.724 54.235 75.314 2.7205 0.40418
0.98679 51.907 85.622 54.462 75.341 2.7309 0.40064
0.98705 51.956 85.465 54.708 75.358 2.7288 0.3962
0.98729 51.976 85.268 54.971 75.364 2.7149 0.39078
0.9875 51.969 85.048 55.248 75.357 2.6906 0.38439
0.98767 51.937 84.823 55.536 75.338 2.6577 0.37713
0.98779 51.885 84.611 55.826 75.309 2.6187 0.36914
0.98786 51.818 84.427 56.11 75.271 2.5763 0.36065
0.98787 51.743 84.286 56.38 75.228 2.5335 0.35195
0.98783 51.667 84.197 56.625 75.183 2.4931 0.34337
0.98775 51.596 84.167 56.836 75.14 2.4581 0.33523
0.98762 51.538 84.196 57.006 75.102 2.4308 0.32787
0.98746 51.496 84.28 57.126 75.071 2.4133 0.32159
0.98727 51.474 84.413 57.194 75.05 2.407 0.31663
0.98706 51.474 84.584 57.207 75.039 2.4124 0.31319
0.98684 51.495 84.78 57.166 75.038 2.4294 0.31133
0.98662 51.536 84.988 57.076 75.045 2.4571 0.31107
0.98639 51.593 85.196 56.942 75.061 2.4937 0.3123
0.98615 51.662 85.394 56.771 75.081 2.537 0.31484
0.98592 51.737 85.577 56.572 75.104 2.584 0.31844
0.98569 51.814 85.743 56.354 75.127 2.6315 0.32279
0.98545 51.886 85.894 56.126 75.148 2.6761 0.32753
0.98521 51.948 86.037 55.894 75.165 2.7144 0.33232
0.98497 51.997 86.181 55.663 75.177 2.7434 0.33683
0.98474 52.027 86.337 55.436 75.183 2.7605 0.34078
0.98452 52.038 86.515 55.214 75.182 2.7638 0.34393
0.98431 52.026 86.721 54.994 75.176 2.7524 0.34614
0.98413 51.994 86.961 54.774 75.163 2.726 0.34736
0.98399 51.94 87.232 54.549 75.145 2.6857 0.34761
0.98389 51.869 87.527 54.314 75.123 2.6332 0.34701
0.98386 51.782 87.833 54.064 75.098 2.5714 0.34575
0.98388 51.686 88.133 53.796 75.07 2.5037 0.34409
0.98398 51.584 88.405 53.51 75.04 2.4343 0.3423
0.98414 51.482 88.624 53.206 75.009 2.3672 0.34071
0.98436 51.386 88.765 52.889 74.978 2.307 0.3396
0.98463 51.303 88.806 52.566 74.946 2.2577 0.33927
0.98493 51.237 88.728 52.246 74.915 2.2226 0.33997
0.98524 51.193 88.518 51.941 74.885 2.2046 0.34188
0.98556 51.175 88.171 51.663 74.858 2.2054 0.34515
0.98585 51.186 87.691 51.423 74.833 2.2257 0.34984
0.9861 51.226 87.093 51.232 74.812 2.2649 0.35595
0.9863 51.295 86.4 51.1 74.796 2.3215 0.36341
0.98643 51.39 85.644 51.032 74.784 2.3928 0.37209
0.9865 51.508 84.864 51.03 74.779 2.4756 0.38183
0.98649 51.645 84.101 51.092 74.78 2.5658 0.39238
0.98642 51.794 83.396 51.21 74.788 2.6591 0.40351
0.98628 51.951 82.788 51.377 74.803 2.7513 0.41492
0.9861 52.11 82.311 51.577 74.823 2.8383 0.42634
0.98588 52.267 81.988 51.796 74.85 2.9167 0.43748
0.98563 52.419 81.835 52.019 74.881 2.9836 0.44806
0.98538 52.563 81.856 52.228 74.916 3.0371 0.45785
0.98514 52.699 82.047 52.411 74.954 3.0763 0.46662
0.98492 52.827 82.39 52.555 74.994 3.1011 0.47419
0.98474 52.947 82.862 52.652 75.034 3.1124 0.48043
0.9846 53.06 83.433 52.7 75.075 3.1117 0.48523
0.98452 53.167 84.067 52.699 75.114 3.1013 0.48854
0.98448 53.268 84.729 52.654 75.151 3.0837 0.49033
0.98451 53.362 85.382 52.576 75.186 3.0616 0.49062
0.98458 53.449 85.993 52.477 75.219 3.0377 0.48943
0.98469 53.527 86.531 52.373 75.249 3.0142 0.48683
0.98484 53.594 86.975 52.28 75.276 2.9932 0.48289
0.98501 53.646 87.306 52.214 75.301 2.9761 0.47768
0.98519 53.682 87.515 52.189 75.324 2.9634 0.47132
0.98537 53.7 87.599 52.217 75.344 2.9555 0.46391
0.98554 53.697 87.562 52.305 75.362 2.9517 0.45559
0.98569 53.675 87.412 52.456 75.379 2.951 0.44649
0.98583 53.633 87.166 52.669 75.396 2.952 0.43679
0.98593 53.573 86.844 52.936 75.411 2.9528 0.42671
0.98601 53.499 86.471 53.246 75.428 2.9517 0.41648
0.98607 53.413 86.074 53.585 75.446 2.9468 0.40635
0.98611 53.321 85.681 53.934 75.467 2.9366 0.39662
0.98614 53.226 85.321 54.275 75.492 2.9199 0.38757
0.98616 53.133 85.017 54.587 75.521 2.896 0.37949
0.98618 53.047 84.788 54.853 75.555 2.8645 0.37265
0.9862 52.97 84.647 55.056 75.593 2.8261 0.36724
0.98623 52.905 84.596 55.185 75.637 2.7817 0.3634
0.98627 52.854 84.627 55.231 75.683 2.7327 0.36117
0.98631 52.817 84.726 55.19 75.73 2.6814 0.3605
0.98637 52.793 84.868 55.065 75.775 2.6299 0.36119
0.98643 52.781 85.025 54.859 75.815 2.5808 0.36295
0.98649 52.78 85.167 54.585 75.847 2.5368 0.36537
0.98654 52.787 85.263 54.252 75.868 2.5002 0.36796
0.98659 52.8 85.29 53.878 75.874 2.4733 0.37018
0.98662 52.816 85.228 53.476 75.863 2.4577 0.37145
0.98664 52.835 85.072 53.063 75.834 2.4545 0.37124
0.98665 52.855 84.822 52.654 75.787 2.4644 0.36907
0.98663 52.874 84.491 52.261 75.723 2.4871 0.36457
0.98659 52.892 84.098 51.894 75.644 2.5219 0.35752
0.98654 52.909 83.669 51.563 75.554 2.5671 0.34786
0.98648 52.924 83.234 51.272 75.458 2.6208 0.33574
0.98639 52.937 82.821 51.025 75.36 2.6804 0.32147
0.9863 52.948 82.458 50.824 75.266 2.7432 0.30555
0.9862 52.957 82.164 50.669 75.18 2.8062 0.28864
0.98609 52.964 81.957 50.559 75.107 2.8666 0.27148
0.98597 52.967 81.842 50.493 75.051 2.9216 0.25491
0.98583 52.967 81.821 50.47 75.013 2.9688 0.23976
0.98569 52.963 81.888 50.487 74.995 3.0064 0.22682
0.98554 52.955 82.032 50.543 74.997 3.0331 0.21681
0.98538 52.942 82.24 50.636 75.017 3.0482 0.2103
0.98521 52.925 82.495 50.763 75.051 3.0516 0.20766
0.98504 52.903 82.781 50.92 75.097 3.0438 0.2091
0.98488 52.879 83.082 51.101 75.149 3.0262 0.21462
0.98472 52.852 83.384 51.299 75.203 3.0002 0.224
0.98459 52.825 83.675 51.506 75.253 2.9679 0.23685
0.98447 52.799 83.944 51.709 75.295 2.9315 0.25261
0.98438 52.777 84.184 51.897 75.325 2.8933 0.2706
0.98432 52.76 84.389 52.055 75.339 2.8558 0.29008
0.98429 52.75 84.554 52.17 75.336 2.8209 0.31027
0.98428 52.75 84.678 52.229 75.314 2.7906 0.33038
0.98427 52.759 84.76 52.221 75.275 2.7666 0.3497
0.98427 52.78 84.804 52.136 75.219 2.7499 0.36759
0.98425 52.812 84.813 51.97 75.15 2.7412 0.38353
0.98421 52.855 84.795 51.721 75.071 2.741 0.39713
0.98411 52.908 84.759 51.394 74.986 2.749 0.40813
0.98396 52.968 84.716 50.997 74.899 2.7649 0.41642
0.98375 53.033 84.676 50.545 74.813 2.7877 0.42203
0.98347 53.099 84.652 50.056 74.732 2.8164 0.42509
0.98312 53.162 84.649 49.549 74.66 2.8498 0.42586
0.98272 53.217 84.675 49.049 74.597 2.8862 0.42466
0.9823 53.259 84.73 48.578 74.546 2.9243 0.4219
0.98187 53.283 84.811 48.158 74.507 2.9624 0.418
0.98146 53.286 84.91 47.809 74.48 2.9991 0.41343
0.98111 53.263 85.018 47.546 74.463 3.0327 0.40866
0.98085 53.213 85.121 47.378 74.457 3.062 0.40413
0.98069 53.134 85.206 47.311 74.459 3.0858 0.40025
0.98066 53.027 85.262 47.342 74.47 3.1032 0.39739
0.98077 52.896 85.279 47.464 74.488 3.1136 0.39585
0.98101 52.744 85.252 47.662 74.513 3.1165 0.39586
0.98138 52.578 85.18 47.92 74.542 3.1121 0.39756
0.98185 52.405 85.067 48.217 74.577 3.101 0.40101
0.9824 52.233 84.92 48.529 74.617 3.0839 0.40614
0.98301 52.071 84.747 48.835 74.66 3.0625 0.41283
0.98365 51.926 84.557 49.113 74.707 3.0385 0.42082
0.98428 51.806 84.362 49.347 74.757 3.0142 0.4298
0.98488 51.716 84.167 49.522 74.808 2.9921 0.43936
0.98544 51.661 83.979 49.632 74.861 2.9751 0.44905
0.98593 51.643 83.8 49.672 74.914 2.966 0.45838
0.98635 51.663 83.629 49.646 74.967 2.9676 0.46685
0.98669 51.719 83.463 49.563 75.018 2.9826 0.47398
0.98696 51.808 83.296 49.433 75.067 3.0131 0.47931
0.98714 51.926 83.12 49.274 75.114 3.0609 0.48246
0.98727 52.067 82.929 49.102 75.157 3.1268 0.48312
0.98733 52.223 82.716 48.936 75.196 3.211 0.4811
0.98734 52.389 82.475 48.793 75.23 3.313 0.4763
0.9873 52.557 82.205 48.687 75.26 3.431 0.46875
0.98724 52.719 81.91 48.631 75.285 3.5628 0.45859
0.98714 52.871 81.597 48.635 75.306 3.7052 0.44606
0.98702 53.007 81.281 48.701 75.324 3.8542 0.43154
0.98687 53.124 80.979 48.83 75.34 4.0056 0.41545
0.98672 53.218 80.712 49.019 75.355 4.1546 0.3983
0.98655 53.289 80.503 49.261 75.371 4.2966 0.38065
0.98638 53.337 80.371 49.545 75.391 4.4268 0.36307
0.98621 53.364 80.333 49.86 75.414 4.5408 0.34614
0.98605 53.371 80.4 50.192 75.443 4.6349 0.33042
0.9859 53.363 80.575 50.53 75.477 4.706 0.31642
0.98578 53.342 80.852 50.86 75.518 4.7518 0.30461
0.9857 53.313 81.218 51.172 75.563 4.7711 0.29535
0.98565 53.28 81.65 51.455 75.611 4.7636 0.28894
0.98565 53.247 82.121 51.703 75.661 4.7304 0.28557
0.9857 53.219 82.603 51.909 75.709 4.6734 0.28531
0.98579 53.197 83.065 52.07 75.753 4.5957 0.28813
0.98592 53.185 83.478 52.184 75.789 4.5013 0.29388
0.98609 53.185 83.819 52.251 75.815 4.3951 0.30229
0.98628 53.199 84.07 52.272 75.83 4.2826 0.313
0.98648 53.226 84.222 52.25 75.832 4.1698 0.32557
0.98669 53.265 84.27 52.189 75.821 4.0626 0.33947
0.98689 53.316 84.22 52.094 75.799 3.967 0.35416
0.98706 53.377 84.082 51.971 75.768 3.8888 0.36906
0.9872 53.443 83.872 51.826 75.732 3.8325 0.38362
0.9873 53.512 83.607 51.669 75.694 3.8021 0.39732
0.98733 53.579 83.309 51.507 75.658 3.8 0.40973
0.9873 53.641 82.996 51.353 75.63 3.8272 0.42055
0.98719 53.695 82.689 51.215 75.611 3.8826 0.42957
0.98701 53.738 82.405 51.106 75.605 3.9638 0.43678
0.98674 53.766 82.161 51.038 75.614 4.0663 0.44227
0.98639 53.781 81.97 51.022 75.638 4.1838 0.44633
0.98596 53.781 81.844 51.069 75.676 4.3089 0.44935
0.98547 53.769 81.793 51.187 75.726 4.4329 0.45184
0.98492 53.747 81.824 51.382 75.785 4.5465 0.45437
0.98434 53.718 81.944 51.66 75.849 4.6404 0.45751
0.98374 53.689 82.153 52.018 75.914 4.7057 0.46183
0.98315 53.663 82.452 52.455 75.975 4.7348 0.46778
0.98261 53.644 82.836 52.962 76.028 4.7216 0.47567
0.98213 53.636 83.295 53.528 76.068 4.6623 0.48562
0.98174 53.64 83.816 54.136 76.092 4.5557 0.49755
0.98147 53.657 84.381 54.767 76.097 4.4033 0.51113
0.98133 53.683 84.971 55.4 76.08 4.2095 0.52578
0.98133 53.712 85.56 56.009 76.042 3.9814 0.54075
0.98147 53.738 86.124 56.569 75.981 3.7286 0.55509
0.98174 53.749 86.64 57.053 75.899 3.4624 0.56776
0.98214 53.735 87.083 57.437 75.799 3.1953 0.57766
0.98263 53.684 87.435 57.696 75.684 2.9405 0.58376
0.98319 53.585 87.68 57.811 75.557 2.7107 0.58516
0.98378 53.432 87.805 57.764 75.425 2.5174 0.58115
0.98439 53.218 87.803 57.543 75.292 2.3704 0.5713
0.98497 52.945 87.67 57.141 75.165 2.277 0.55553
0.98551 52.618 87.401 56.558 75.049 2.2415 0.53408
0.98598 52.248 86.996 55.798 74.948 2.2651 0.50757
0.98638 51.852 86.453 54.874 74.868 2.3459 0.47694
0.98671 51.45 85.769 53.802 74.811 2.4788 0.44342
0.98696 51.067 84.946 52.606 74.779 2.6562 0.40844
0.98715 50.727 83.982 51.312 74.773 2.8683 0.37353
0.98727 50.454 82.883 49.952 74.792 3.1039 0.34026
0.98734 50.267 81.658 48.561 74.834 3.3513 0.3101
0.98738 50.182 80.324 47.173 74.895 3.5986 0.28431
0.98738 50.208 78.909 45.824 74.97 3.8348 0.26391
0.98736 50.346 77.447 44.547 75.053 4.0502 0.24956
0.98731 50.589 75.982 43.374 75.138 4.2372 0.24155
0.98723 50.923 74.565 42.331 75.218 4.3902 0.23979
0.98713 51.329 73.251 41.442 75.286 4.5062 0.24382
0.98698 51.785 72.092 40.721 75.337 4.5844 0.25286
0.9868 52.266 71.138 40.18 75.366 4.6263 0.2659
0.98656 52.746 70.43 39.824 75.37 4.6352 0.28175
0.98626 53.203 69.996 39.65 75.346 4.6158 0.29917
0.98589 53.619 69.85 39.652 75.296 4.5741 0.31696
0.98547 53.978 69.992 39.819 75.221 4.5162 0.334
0.98498 54.272 70.405 40.138 75.125 4.4483 0.34941
0.98443 54.496 71.06 40.59 75.014 4.3762 0.36251
0.98384 54.651 71.917 41.159 74.894 4.3048 0.37294
0.98323 54.741 72.927 41.826 74.771 4.238 0.38057
0.98261 54.775 74.038 42.573 74.653 4.1784 0.38555
0.982 54.76 75.196 43.384 74.545 4.1274 0.38824
0.98144 54.707 76.35 44.244 74.453 4.0853 0.38916
0.98094 54.626 77.457 45.138 74.38 4.0513 0.38889
0.98052 54.526 78.479 46.054 74.328 4.0237 0.38807
0.98022 54.416 79.389 46.98 74.298 4.0006 0.38727
0.98004 54.301 80.17 47.904 74.289 3.9796 0.38695
0.97999 54.185 80.816 48.816 74.299 3.9585 0.38743
0.98009 54.071 81.33 49.702 74.324 3.9352 0.38888
0.98032 53.96 81.721 50.549 74.361 3.9082 0.39127
0.98068 53.853 82.007 51.346 74.406 3.8767 0.39442
0.98115 53.747 82.207 52.076 74.454 3.8403 0.39804
0.9817 53.641 82.341 52.727 74.503 3.7994 0.40173
0.98232 53.535 82.429 53.284 74.548 3.755 0.40507
0.98297 53.426 82.486 53.736 74.589 3.7085 0.40762
0.98363 53.315 82.524 54.072 74.623 3.6616 0.40905
0.98427 53.201 82.55 54.285 74.65 3.6161 0.40909
0.98486 53.086 82.567 54.373 74.669 3.5739 0.40763
0.9854 52.972 82.577 54.337 74.683 3.5362 0.40469
0.98586 52.862 82.578 54.183 74.691 3.5042 0.40043
0.98625 52.76 82.571 53.921 74.694 3.4784 0.39516
0.98655 52.669 82.555 53.567 74.694 3.4586 0.38928
0.98678 52.595 82.534 53.137 74.692 3.4442 0.38324
0.98694 52.541 82.513 52.653 74.688 3.4337 0.37751
0.98705 52.51 82.501 52.136 74.682 3.4253 0.37254
0.98711 52.506 82.508 51.607 74.674 3.4169 0.3687
0.98714 52.53 82.546 51.089 74.663 3.4061 0.36623
0.98715 52.58 82.625 50.598 74.649 3.3906 0.36523
0.98715 52.656 82.756 50.15 74.63 3.3681 0.36566
0.98713 52.753 82.946 49.757 74.606 3.3371 0.36729
0.98711 52.867 83.196 49.424 74.575 3.2964 0.36976
0.98707 52.993 83.503 49.156 74.538 3.2458 0.37257
0.98702 53.123 83.857 48.952 74.496 3.1857 0.37516
0.98696 53.251 84.241 48.809 74.447 3.1179 0.3769
0.98687 53.37 84.633 48.719 74.395 3.0446 0.37722
0.98677 53.476 85.006 48.677 74.34 2.9691 0.37556
0.98664 53.562 85.332 48.672 74.285 2.8955 0.37149
0.98649 53.626 85.581 48.699 74.232 2.8282 0.36474
0.98634 53.666 85.729 48.749 74.183 2.772 0.3552
0.98617 53.68 85.756 48.817 74.141 2.7315 0.34296
0.98602 53.669 85.65 48.9 74.107 2.7113 0.32828
0.98588 53.635 85.41 48.993 74.082 2.7149 0.31162
0.98578 53.581 85.042 49.097 74.067 2.7454 0.29358
0.98571 53.51 84.563 49.211 74.061 2.8044 0.27486
0.98569 53.427 83.999 49.334 74.065 2.8923 0.25623
0.98572 53.335 83.382 49.468 74.077 3.0081 0.23845
0.98579 53.24 82.749 49.611 74.096 3.1492 0.22227
0.9859 53.147 82.136 49.763 74.121 3.3119 0.2083
0.98604 53.06 81.583 49.919 74.15 3.4909 0.19706
0.98621 52.983 81.122 50.077 74.182 3.6802 0.18885
0.98638 52.921 80.78 50.231 74.216 3.873 0.1838
0.98655 52.877 80.577 50.375 74.25 4.0622 0.18186
0.98669 52.853 80.521 50.504 74.283 4.2409 0.18276
0.98681 52.85 80.611 50.61 74.316 4.4026 0.18606
0.98687 52.868 80.837 50.69 74.347 4.5415 0.1912
0.98688 52.907 81.178 50.74 74.376 4.6532 0.19752
0.98683 52.965 81.607 50.758 74.403 4.7347 0.2043
0.98671 53.037 82.091 50.744 74.428 4.7845 0.21085
0.98652 53.12 82.597 50.703 74.451 4.8027 0.21654
0.98627 53.207 83.091 50.638 74.473 4.7913 0.22082
0.98595 53.293 83.545 50.559 74.494 4.7534 0.22331
0.98559 53.372 83.935 50.472 74.515 4.6937 0.22379
0.98518 53.438 84.245 50.389 74.538 4.6174 0.22223
0.98475 53.484 84.469 50.318 74.563 4.5306 0.21878
0.98431 53.505 84.606 50.27 74.593 4.4393 0.21375
0.98386 53.499 84.664 50.25 74.628 4.3493 0.20762
0.98343 53.462 84.656 50.266 74.669 4.2659 0.20097
0.98302 53.393 84.597 50.319 74.718 4.1934 0.19443
0.98263 53.295 84.503 50.411 74.774 4.1349 0.18865
0.98226 53.169 84.391 50.537 74.837 4.0923 0.18425
0.98193 53.022 84.276 50.693 74.905 4.0663 0.18175
0.98161 52.859 84.169 50.869 74.978 4.0562 0.18158
0.98131 52.69 84.077 51.054 75.052 4.0602 0.18398
0.98103 52.523 84.006 51.238 75.126 4.0758 0.18903
0.98076 52.368 83.957 51.406 75.196 4.0997 0.19666
0.98051 52.235 83.93 51.547 75.261 4.1285 0.20659
0.9803 52.131 83.922 51.649 75.317 4.1588 0.21842
0.98014 52.063 83.927 51.701 75.362 4.1874 0.23164
0.98004 52.035 83.939 51.696 75.397 4.2118 0.24564
0.98003 52.048 83.952 51.629 75.419 4.23 0.2598
0.98013 52.101 83.959 51.498 75.43 4.241 0.27352
0.98033 52.188 83.951 51.303 75.43 4.2444 0.28625
0.98066 52.302 83.925 51.051 75.422 4.2407 0.29757
0.9811 52.433 83.876 50.748 75.407 4.231 0.30716
0.98163 52.57 83.802 50.405 75.389 4.2165 0.31489
0.98223 52.702 83.704 50.034 75.37 4.199 0.32076
0.98286 52.818 83.582 49.649 75.352 4.1802 0.32496
0.98348 52.907 83.442 49.263 75.338 4.1613 0.32779
0.98406 52.962 83.289 48.892 75.33 4.1434 0.32967
0.98454 52.978 83.128 48.55 75.33 4.1269 0.33109
0.98491 52.953 82.965 48.248 75.339 4.112 0.33256
0.98513 52.887 82.808 47.998 75.356 4.0978 0.33457
0.9852 52.785 82.661 47.808 75.381 4.0836 0.33754
0.98511 52.652 82.53 47.684 75.413 4.0679 0.3418
0.98489 52.498 82.418 47.628 75.45 4.0493 0.34752
0.98455 52.333 82.329 47.642 75.49 4.0266 0.35476
0.98413 52.167 82.266 47.722 75.53 3.9987 0.36338
0.98366 52.012 82.23 47.865 75.568 3.9654 0.37313
0.98321 51.877 82.226 48.063 75.602 3.9266 0.38361
0.98279 51.773 82.252 48.308 75.628 3.8835 0.39435
0.98247 51.705 82.313 48.589 75.644 3.8376 0.4048
0.98225 51.68 82.407 48.896 75.65 3.7915 0.41445
0.98217 51.698 82.533 49.217 75.645 3.7481 0.42278
0.98223 51.76 82.69 49.54 75.629 3.7108 0.42939
0.98242 51.861 82.873 49.855 75.604 3.683 0.43398
0.98275 51.996 83.074 50.15 75.572 3.6681 0.43639
0.98317 52.156 83.284 50.415 75.534 3.669 0.43664
0.98367 52.331 83.491 50.642 75.495 3.6879 0.43489
0.98422 52.511 83.68 50.824 75.457 3.7261 0.43145
0.98478 52.685 83.838 50.955 75.423 3.7839 0.42676
0.98532 52.843 83.948 51.03 75.396 3.8603 0.42133
0.98584 52.977 83.998 51.048 75.377 3.9533 0.41573
0.9863 53.08 83.978 51.01 75.368 4.0598 0.41053
0.98669 53.149 83.88 50.915 75.37 4.1758 0.40626
0.98702 53.182 83.705 50.769 75.381 4.2968 0.40336
0.98727 53.182 83.457 50.577 75.401 4.4176 0.40216
0.98745 53.153 83.145 50.344 75.427 4.5331 0.40286
0.98756 53.101 82.786 50.08 75.458 4.6384 0.4055
0.9876 53.034 82.401 49.793 75.491 4.7291 0.40995
0.9876 52.962 82.012 49.493 75.523 4.8014 0.41596
0.98754 52.892 81.643 49.19 75.552 4.8526 0.42317
0.98743 52.834 81.319 48.894 75.575 4.8809 0.43109
0.98728 52.792 81.06 48.615 75.592 4.8855 0.43921
0.9871 52.773 80.884 48.362 75.6 4.8669 0.447
0.98689 52.777 80.802 48.141 75.601 4.8263 0.45394
0.98666 52.806 80.819 47.959 75.593 4.7658 0.45958
0.98641 52.856 80.933 47.822 75.578 4.6884 0.46355
0.98616 52.923 81.137 47.731 75.558 4.5972 0.46561
0.98591 53.003 81.415 47.689 75.533 4.4957 0.46565
0.98566 53.088 81.752 47.696 75.506 4.3876 0.46367
0.98544 53.172 82.124 47.75 75.479 4.2762 0.45983
0.98524 53.25 82.51 47.85 75.455 4.1648 0.45438
0.98509 53.316 82.888 47.994 75.434 4.0561 0.44767
0.98498 53.366 83.236 48.179 75.421 3.9523 0.44012
0.98491 53.398 83.538 48.402 75.416 3.8554 0.43215
0.98491 53.412 83.781 48.66 75.421 3.7665 0.42423
0.98497 53.409 83.957 48.952 75.437 3.6864 0.41677
0.98508 53.39 84.063 49.274 75.466 3.6153 0.41011
0.98525 53.359 84.105 49.626 75.507 3.553 0.40454
0.98547 53.32 84.09 50.006 75.561 3.4989 0.40024
0.98574 53.276 84.033 50.41 75.624 3.4523 0.39729
0.98604 53.231 83.952 50.835 75.697 3.4119 0.3957
0.98634 53.189 83.866 51.278 75.775 3.3765 0.39536
0.98665 53.15 83.793 51.732 75.854 3.3449 0.39611
0.98693 53.117 83.751 52.191 75.932 3.3158 0.39772
0.98716 53.089 83.754 52.645 76.002 3.2881 0.39993
0.98732 53.065 83.809 53.085 76.061 3.261 0.4025
0.9874 53.041 83.919 53.5 76.105 3.2338 0.40515
0.98738 53.016 84.079 53.877 76.128 3.2065 0.40768
0.98724 52.985 84.277 54.204 76.13 3.1794 0.40991
0.987 52.945 84.496 54.472 76.108 3.1532 0.41169
0.98664 52.892 84.716 54.67 76.064 3.1292 0.41296
0.98618 52.824 84.917 54.791 75.999 3.1091 0.4137
0.98565 52.739 85.078 54.831 75.916 3.0948 0.41393
0.98506 52.637 85.183 54.789 75.821 3.0887 0.41372
0.98444 52.519 85.221 54.666 75.72 3.0928 0.41316
0.98382 52.388 85.191 54.47 75.618 3.1093 0.41238
0.98323 52.248 85.096 54.209 75.524 3.1398 0.4115
0.9827 52.106 84.95 53.896 75.441 3.1855 0.41064
0.98225 51.968 84.774 53.544 75.376 3.2467 0.40993
0.98189 51.843 84.59 53.169 75.333 3.3227 0.40948
0.98163 51.739 84.425 52.787 75.313 3.4121 0.40938
0.98146 51.664 84.306 52.414 75.317 3.5123 0.4097
0.98139 51.626 84.252 52.064 75.343 3.6199 0.41049
0.98141 51.631 84.279 51.748 75.389 3.7305 0.41177
0.98149 51.681 84.395 51.475 75.45 3.8394 0.41355
0.98163 51.78 84.596 51.251 75.52 3.9416 0.41581
0.98182 51.924 84.871 51.077 75.593 4.0323 0.41848
0.98204 52.109 85.2 50.952 75.664 4.1069 0.42149
0.98228 52.328 85.557 50.87 75.727 4.1619 0.42474
0.98255 52.569 85.912 50.825 75.777 4.1948 0.42807
0.98285 52.82 86.233 50.804 75.811 4.2045 0.43134
0.98317 53.067 86.493 50.797 75.827 4.1915 0.43435
0.98353 53.296 86.668 50.791 75.825 4.1579 0.43691
0.9839 53.491 86.742 50.771 75.805 4.1073 0.4388
0.98431 53.64 86.708 50.728 75.771 4.0449 0.43982
0.98472 53.733 86.567 50.649 75.725 3.9767 0.43976
0.98512 53.763 86.331 50.527 75.673 3.9095 0.43846
0.98551 53.728 86.015 50.356 75.62 3.8504 0.43579
0.98584 53.63 85.64 50.133 75.568 3.8065 0.43166
0.9861 53.474 85.228 49.861 75.522 3.7837 0.42605
0.98626 53.271 84.798 49.544 75.486 3.7873 0.419
0.98631 53.035 84.364 49.189 75.46 3.8208 0.41066
0.98623 52.781 83.934 48.807 75.446 3.8859 0.40123
0.98601 52.526 83.512 48.411 75.443 3.9826 0.39101
0.98567 52.288 83.093 48.017 75.45 4.1085 0.38036
0.9852 52.082 82.669 47.638 75.465 4.2598 0.36971
0.98463 51.922 82.233 47.292 75.487 4.4307 0.35954
0.984 51.817 81.777 46.991 75.512 4.6142 0.35036
0.98332 51.774 81.296 46.748 75.538 4.8024 0.34267
0.98266 51.795 80.793 46.573 75.564 4.9869 0.33696
0.98203 51.875 80.278 46.473 75.587 5.1592 0.33365
0.98148 52.011 79.766 46.45 75.607 5.3118 0.33312
0.98104 52.191 79.28 46.504 75.623 5.4376 0.33559
0.98073 52.406 78.847 46.632 75.634 5.5312 0.3412
0.98058 52.642 78.495 46.827 75.641 5.5888 0.34992
0.98058 52.888 78.252 47.079 75.645 5.6083 0.36156
0.98073 53.13 78.141 47.378 75.646 5.5897 0.37579
0.98102 53.36 78.183 47.711 75.644 5.5347 0.39214
0.98143 53.567 78.386 48.069 75.642 5.4468 0.40997
0.98192 53.745 78.754 48.439 75.639 5.3311 0.42857
0.98248 53.89 79.28 48.812 75.635 5.1937 0.44715
0.98307 53.998 79.95 49.181 75.632 5.0418 0.46487
0.98367 54.068 80.74 49.54 75.629 4.883 0.48091
0.98424 54.101 81.625 49.885 75.627 4.7251 0.49453
0.98477 54.098 82.573 50.215 75.625 4.5755 0.50505
0.98524 54.061 83.55 50.531 75.625 4.4413 0.51195
0.98565 53.993 84.524 50.831 75.625 4.3284 0.51488
0.98599 53.897 85.462 51.119 75.627 4.2417 0.51367
0.98625 53.778 86.335 51.394 75.629 4.185 0.50837
0.98644 53.639 87.119 51.657 75.632 4.1603 0.4992
0.98656 53.486 87.793 51.906 75.636 4.1684 0.48658
0.98663 53.323 88.343 52.139 75.639 4.2086 0.47107
0.98664 53.155 88.759 52.35 75.643 4.2787 0.45338
0.98663 52.989 89.04 52.535 75.645 4.3754 0.43424
0.98658 52.828 89.19 52.686 75.647 4.494 0.41446
0.98653 52.678 89.217 52.798 75.648 4.6292 0.39482
0.98647 52.542 89.137 52.862 75.648 4.7748 0.37602
0.98642 52.425 88.968 52.874 75.649 4.9243 0.3587
0.98638 52.329 88.731 52.829 75.649 5.0712 0.34335
0.98637 52.256 88.45 52.726 75.651 5.2092 0.33035
0.98638 52.204 88.148 52.564 75.656 5.3323 0.31991
0.98641 52.175 87.848 52.347 75.663 5.4358 0.31215
0.98645 52.165 87.571 52.082 75.673 5.5156 0.30703
0.9865 52.171 87.334 51.776 75.686 5.5691 0.30443
0.98656 52.192 87.151 51.44 75.701 5.5955 0.30415
0.98661 52.223 87.034 51.086 75.718 5.595 0.30594
0.98664 52.261 86.989 50.724 75.734 5.5697 0.30955
0.98665 52.303 87.019 50.368 75.749 5.5231 0.31471
0.98662 52.346 87.119 50.027 75.761 5.4601 0.32115
0.98655 52.388 87.285 49.71 75.769 5.3863 0.32866
0.98644 52.429 87.502 49.424 75.771 5.3081 0.33702
0.98629 52.468 87.756 49.171 75.767 5.2322 0.34607
0.98608 52.507 88.024 48.954 75.757 5.165 0.35565
0.98583 52.545 88.282 48.77 75.741 5.1121 0.3656
0.98555 52.585 88.501 48.615 75.721 5.0783 0.37579
0.98523 52.629 88.652 48.485 75.699 5.0668 0.38607
0.98489 52.679 88.708 48.371 75.676 5.0795 0.39628
0.98456 52.738 88.644 48.265 75.654 5.1161 0.40626
0.98424 52.807 88.443 48.159 75.634 5.1749 0.41583
0.98395 52.888 88.096 48.046 75.619 5.2526 0.42482
0.98372 52.983 87.606 47.917 75.609 5.3446 0.43306
0.98354 53.09 86.987 47.767 75.605 5.4452 0.44042
0.98344 53.209 86.267 47.591 75.608 5.5483 0.44677
0.98342 53.339 85.486 47.385 75.616 5.6478 0.45203
0.98347 53.477 84.691 47.148 75.63 5.7379 0.45615
0.98359 53.618 83.937 46.881 75.647 5.8138 0.45914
0.98375 53.758 83.276 46.584 75.667 5.8717 0.46102
0.98395 53.893 82.76 46.262 75.688 5.9093 0.46184
0.98415 54.016 82.428 45.921 75.708 5.9257 0.4617
0.98435 54.122 82.306 45.568 75.726 5.9216 0.46066
0.98451 54.206 82.404 45.213 75.74 5.8987 0.45882
0.98463 54.264 82.711 44.868 75.751 5.8599 0.45623
0.9847 54.292 83.198 44.546 75.757 5.8087 0.45294
0.98471 54.287 83.818 44.262 75.758 5.7488 0.44896
0.98467 54.251 84.512 44.031 75.755 5.6839 0.4443
0.98457 54.183 85.214 43.869 75.748 5.617 0.43893
0.98444 54.087 85.859 43.792 75.739 5.5507 0.43285
0.98427 53.97 86.386 43.815 75.728 5.4863 0.42602
0.98409 53.837 86.749 43.95 75.716 5.4245 0.41848
0.98389 53.698 86.917 44.208 75.705 5.3649 0.41025
0.9837 53.56 86.881 44.594 75.696 5.3068 0.40145
0.98352 53.433 86.652 45.109 75.689 5.2486 0.39222
0.98336 53.324 86.26 45.752 75.687 5.1891 0.38277
0.98323 53.238 85.751 46.511 75.688 5.127 0.37336
0.98314 53.178 85.185 47.375 75.694 5.0618 0.3643
0.98309 53.143 84.622 48.323 75.705 4.9936 0.35592
0.9831 53.129 84.125 49.332 75.72 4.9236 0.34856
0.98318 53.127 83.747 50.375 75.738 4.8541 0.34253
0.98332 53.125 83.529 51.422 75.758 4.7879 0.33812
0.98353 53.108 83.497 52.44 75.778 4.7288 0.33554
0.98381 53.058 83.657 53.398 75.796 4.6809 0.33493
0.98414 52.956 83.996 54.265 75.809 4.6481 0.33634
0.98453 52.784 84.483 55.011 75.814 4.6342 0.3397
0.98493 52.525 85.074 55.609 75.809 4.642 0.34487
0.98534 52.164 85.711 56.038 75.791 4.673 0.35158
0.98574 51.691 86.333 56.279 75.759 4.7278 0.3595
0.98608 51.103 86.879 56.319 75.711 4.8052 0.36823
0.98636 50.399 87.289 56.149 75.649 4.9025 0.37733
0.98657 49.586 87.516 55.768 75.574 5.0158 0.38635
0.98668 48.674 87.522 55.176 75.489 5.1402 0.39485
0.9867 47.682 87.288 54.382 75.397 5.2699 0.4024
0.98663 46.627 86.807 53.397 75.304 5.3992 0.40864
0.9865 45.534 86.093 52.24 75.215 5.5222 0.41328
0.98631 44.425 85.171 50.93 75.135 5.634 0.4161
0.98611 43.326 84.08 49.494 75.071 5.7304 0.41697
0.9859 42.259 82.872 47.959 75.027 5.8088 0.41584
0.98571 41.246 81.602 46.357 75.007 5.8679 0.41275
0.98557 40.308 80.33 44.721 75.012 5.9077 0.40782
0.98549 39.462 79.116 43.086 75.043 5.9297 0.40125
0.98546 38.721 78.015 41.488 75.1 5.9368 0.39328
0.98551 38.098 77.072 39.961 75.179 5.9323 0.38422
0.9856 37.598 76.325 38.539 75.275 5.92 0.37442
0.98574 37.226 75.797 37.251 75.384 5.9041 0.36425
0.98591 36.981 75.497 36.125 75.497 5.8881 0.35409
0.98608 36.856 75.419 35.183 75.608 5.875 0.34435
0.98624 36.844 75.543 34.439 75.71 5.8667 0.33542
0.98638 36.93 75.839 33.904 75.797 5.8641 0.32765
0.98649 37.098 76.265 33.579 75.863 5.8672 0.32138
0.98655 37.33 76.775 33.461 75.906 5.8747 0.31692
0.98657 37.607 77.32 33.536 75.923 5.8843 0.31447
0.98655 37.908 77.855 33.787 75.916 5.8935 0.31422
0.9865 38.216 78.339 34.19 75.886 5.8991 0.31622
0.98643 38.513 78.743 34.718 75.838 5.898 0.32048
0.98635 38.787 79.048 35.34 75.776 5.8874 0.32688
0.98627 39.027 79.251 36.024 75.707 5.865 0.33524
0.98621 39.227 79.362 36.739 75.636 5.8294 0.34526
0.98615 39.385 79.402 37.454 75.569 5.7799 0.35659
0.98611 39.502 79.402 38.145 75.512 5.7169 0.36878
0.98609 39.582 79.397 38.789 75.467 5.6416 0.38136
0.98609 39.631 79.424 39.37 75.438 5.556 0.39383
0.98609 39.657 79.517 39.879 75.425 5.463 0.40567
0.9861 39.67 79.701 40.31 75.427 5.3655 0.41639
0.9861 39.676 79.989 40.667 75.444 5.267 0.42554
0.9861 39.685 80.386 40.956 75.472 5.1706 0.43275
0.9861 39.701 80.881 41.189 75.509 5.0795 0.43772
0.98608 39.729 81.452 41.381 75.55 4.9962 0.44024
0.98607 39.772 82.07 41.547 75.592 4.9227 0.44023
0.98605 39.828 82.698 41.706 75.633 4.8605 0.4377
0.98604 39.897 83.3 41.872 75.669 4.8102 0.43278
0.98603 39.975 83.841 42.06 75.699 4.7718 0.4257
0.98604 40.057 84.294 42.281 75.722 4.7448 0.41677
0.98606 40.14 84.638 42.541 75.737 4.7281 0.40637
0.98611 40.219 84.866 42.844 75.745 4.7199 0.39493
0.98617 40.29 84.978 43.187 75.745 4.7185 0.38291
0.98626 40.351 84.99 43.565 75.74 4.7218 0.37077
0.98637 40.401 84.921 43.97 75.729 4.7278 0.35894
0.98649 40.439 84.799 44.389 75.713 4.7343 0.34783
0.98663 40.467 84.655 44.81 75.693 4.7397 0.33778
0.98677 40.485 84.516 45.22 75.669 4.7423 0.32906
0.98691 40.495 84.409 45.606 75.642 4.741 0.32186
0.98704 40.501 84.354 45.955 75.612 4.7351 0.3163
0.98715 40.504 84.363 46.259 75.579 4.7241 0.31241
0.98722 40.505 84.44 46.512 75.544 4.7081 0.31015
0.98726 40.507 84.583 46.71 75.508 4.6876 0.30944
0.98725 40.51 84.78 46.854 75.471 4.6634 0.31013
0.98718 40.515 85.017 46.949 75.435 4.6364 0.31206
0.98704 40.523 85.277 46.999 75.401 4.6079 0.31506
0.98684 40.534 85.538 47.015 75.372 4.5793 0.31895
0.98658 40.548 85.784 47.006 75.348 4.5518 0.32358
0.98625 40.565 85.999 46.983 75.331 4.5267 0.32883
0.98586 40.586 86.17 46.958 75.324 4.5047 0.33462
0.98543 40.61 86.291 46.942 75.328 4.4868 0.34088
0.98498 40.64 86.357 46.943 75.343 4.4732 0.34761
0.98453 40.674 86.37 46.969 75.37 4.4641 0.3548
0.98409 40.713 86.334 47.025 75.408 4.4594 0.36245
0.9837 40.758 86.258 47.114 75.455 4.4585 0.37056
0.98338 40.809 86.151 47.235 75.509 4.4611 0.37913
0.98314 40.866 86.022 47.386 75.567 4.4665 0.38809
0.98301 40.929 85.883 47.564 75.623 4.4744 0.39735
0.98299 40.996 85.744 47.761 75.675 4.4845 0.40675
0.98309 41.067 85.614 47.97 75.719 4.4969 0.4161
0.98332 41.141 85.502 48.182 75.749 4.512 0.42514
0.98366 41.215 85.415 48.388 75.764 4.5306 0.43358
0.9841 41.288 85.359 48.579 75.761 4.554 0.4411
0.98461 41.355 85.336 48.746 75.74 4.5834 0.44737
0.98517 41.415 85.35 48.88 75.702 4.6205 0.45209
0.98575 41.464 85.402 48.977 75.648 4.667 0.45499
0.9863 41.499 85.489 49.031 75.581 4.7243 0.45587
0.98679 41.517 85.609 49.039 75.506 4.7936 0.4546
0.98718 41.516 85.757 48.999 75.427 4.8755 0.45116
0.98745 41.494 85.923 48.914 75.349 4.97 0.44566
0.98756 41.452 86.099 48.785 75.276 5.0764 0.43832
0.98751 41.388 86.273 48.617 75.214 5.1931 0.42945
0.98728 41.306 86.431 48.417 75.165 5.3176 0.4195
0.98689 41.207 86.56 48.191 75.133 5.4468 0.40899
0.98634 41.095 86.649 47.948 75.117 5.5771 0.39851
0.98568 40.975 86.687 47.696 75.117 5.7042 0.38868
0.98494 40.85 86.667 47.443 75.134 5.8239 0.38013
0.98416 40.726 86.586 47.198 75.164 5.9319 0.37342
0.98339 40.608 86.447 46.968 75.204 6.0243 0.36905
0.98269 40.499 86.256 46.76 75.252 6.0977 0.36742
0.98208 40.404 86.025 46.579 75.303 6.1497 0.36875
0.98161 40.324 85.77 46.43 75.354 6.1789 0.37313
0.98129 40.263 85.509 46.314 75.404 6.1847 0.38045
0.98114 40.221 85.265 46.235 75.449 6.1681 0.39042
0.98116 40.198 85.057 46.192 75.488 6.131 0.40258
0.98133 40.195 84.904 46.185 75.521 6.0763 0.41634
0.98161 40.209 84.823 46.213 75.549 6.0078 0.43095
0.98197 40.241 84.823 46.275 75.571 5.9298 0.44564
0.98237 40.289 84.909 46.368 75.59 5.8473 0.45958
0.98276 40.352 85.078 46.489 75.606 5.7649 0.472
0.98311 40.428 85.321 46.636 75.622 5.6871 0.48222
0.98339 40.514 85.622 46.804 75.639 5.6181 0.48968
0.98357 40.609 85.96 46.99 75.658 5.561 0.49403
0.98365 40.711 86.313 47.189 75.68 5.5179 0.49512
0.98363 40.815 86.654 47.395 75.706 5.4901 0.49303
0.98354 40.917 86.96 47.602 75.735 5.4773 0.48808
0.9834 41.013 87.209 47.802 75.768 5.4785 0.4808
0.98324 41.098 87.383 47.987 75.804 5.4913 0.47187
0.98309 41.167 87.472 48.146 75.843 5.5127 0.46211
0.98298 41.212 87.469 48.27 75.883 5.5392 0.45242
0.98294 41.23 87.373 48.349 75.923 5.5667 0.44366
0.98298 41.214 87.19 48.371 75.962 5.5916 0.43666
0.98311 41.163 86.928 48.328 76 5.6102 0.43208
0.98334 41.072 86.601 48.209 76.035 5.6199 0.43042
0.98364 40.943 86.222 48.009 76.066 5.6187 0.43196
0.98401 40.776 85.805 47.722 76.093 5.6059 0.43672
0.98443 40.576 85.365 47.348 76.116 5.5819 0.44449
0.98487 40.349 84.916 46.887 76.133 5.5484 0.45482
0.98531 40.104 84.472 46.345 76.147 5.5079 0.4671
0.98572 39.85 84.045 45.729 76.155 5.464 0.48055
0.98609 39.599 83.646 45.053 76.16 5.421 0.49436
0.98639 39.364 83.286 44.331 76.16 5.3832 0.50767
0.98663 39.156 82.973 43.58 76.156 5.3552 0.51973
0.98679 38.988 82.714 42.82 76.148 5.3408 0.52989
0.98687 38.868 82.511 42.073 76.136 5.3433 0.53769
0.98687 38.806 82.364 41.358 76.12 5.3648 0.54289
0.98682 38.806 82.269 40.697 76.099 5.4062 0.54547
0.98672 38.872 82.215 40.109 76.072 5.467 0.54564
0.98658 39.002 82.189 39.61 76.04 5.5454 0.54385
0.98641 39.193 82.175 39.214 76.003 5.6382 0.5407
0.98623 39.437 82.152 38.931 75.96 5.7412 0.53689
0.98605 39.725 82.103 38.766 75.913 5.8494 0.53322
0.98588 40.045 82.007 38.721 75.862 5.9572 0.53045
0.9857 40.383 81.851 38.794 75.809 6.0591 0.52926
0.98554 40.724 81.622 38.977 75.756 6.1497 0.5302
0.98538 41.054 81.317 39.26 75.704 6.2243 0.53365
0.98522 41.359 80.936 39.63 75.656 6.279 0.53973
0.98504 41.627 80.49 40.07 75.613 6.3113 0.54837
0.98486 41.849 79.994 40.565 75.576 6.3198 0.55924
0.98465 42.017 79.469 41.095 75.548 6.3046 0.5718
0.98441 42.129 78.941 41.643 75.529 6.267 0.58536
0.98414 42.185 78.435 42.194 75.519 6.2096 0.5991
0.98384 42.187 77.979 42.734 75.518 6.136 0.61215
0.98351 42.144 77.597 43.249 75.525 6.0507 0.62365
0.98315 42.063 77.31 43.732 75.538 5.9584 0.63285
0.98279 41.957 77.131 44.176 75.556 5.8643 0.63911
0.98244 41.835 77.069 44.577 75.576 5.7734 0.64203
0.98211 41.711 77.125 44.934 75.596 5.6903 0.64146
0.98183 41.595 77.295 45.25 75.615 5.6191 0.63749
0.98161 41.495 77.567 45.527 75.629 5.5628 0.63052
0.98148 41.42 77.928 45.768 75.638 5.5239 0.62118
0.98143 41.372 78.359 45.979 75.64 5.5034 0.61037
0.98148 41.355 78.84 46.164 75.637 5.5017 0.59914
0.98163 41.365 79.352 46.328 75.627 5.5178 0.58864
0.98187 41.4 79.875 46.472 75.614 5.5499 0.58008
0.98217 41.453 80.391 46.601 75.599 5.5955 0.57461
0.98252 41.516 80.885 46.714 75.583 5.6512 0.57324
0.98288 41.581 81.342 46.814 75.57 5.7132 0.57678
0.98322 41.638 81.75 46.899 75.56 5.7775 0.58575
0.9835 41.678 82.097 46.97 75.557 5.8399 0.60036
0.98371 41.694 82.376 47.027 75.561 5.8964 0.62045
0.98381 41.68 82.578 47.07 75.572 5.9434 0.64549
0.98378 41.632 82.696 47.101 75.591 5.9776 0.67459
0.98364 41.548 82.725 47.122 75.615 5.9966 0.70656
0.98339 41.43 82.664 47.134 75.644 5.9989 0.73995
0.98305 41.282 82.516 47.141 75.675 5.9835 0.77315
0.98266 41.11 82.286 47.145 75.705 5.9508 0.80445
0.98226 40.924 81.99 47.149 75.732 5.9017 0.83218
0.98188 40.733 81.646 47.154 75.755 5.8383 0.85478
0.98157 40.548 81.281 47.161 75.771 5.7631 0.87092
0.98136 40.382 80.928 47.167 75.779 5.6793 0.87956
0.98129 40.244 80.625 47.168 75.779 5.5906 0.88002
0.98137 40.144 80.409 47.159 75.772 5.5007 0.87205
0.98161 40.088 80.32 47.133 75.758 5.4133 0.85578
0.98199 40.081 80.391 47.08 75.739 5.3316 0.83179
0.9825 40.123 80.647 46.992 75.718 5.2587 0.80104
0.98311 40.212 81.104 46.86 75.695 5.1967 0.76477
0.98378 40.34 81.762 46.676 75.675 5.1471 0.72452
0.98448 40.498 82.607 46.438 75.657 5.1107 0.68194
0.98518 40.676 83.606 46.142 75.644 5.0871 0.63879
0.98585 40.86 84.714 45.792 75.635 5.0755 0.59675
0.98647 41.036 85.869 45.395 75.63 5.0742 0.55743
0.987 41.192 87.004 44.96 75.629 5.081 0.52221
0.98746 41.314 88.043 44.503 75.631 5.0936 0.49223
0.98783 41.395 88.916 44.04 75.633 5.109 0.46831
0.9881 41.427 89.558 43.591 75.635 5.1248 0.45096
0.9883 41.406 89.92 43.172 75.634 5.1384 0.44036
0.98841 41.333 89.971 42.802 75.63 5.1477 0.43636
0.98844 41.211 89.703 42.494 75.622 5.1509 0.43854
0.98839 41.046 89.132 42.259 75.61 5.1469 0.44623
0.98827 40.847 88.297 42.102 75.594 5.1349 0.45855
0.98806 40.623 87.257 42.022 75.576 5.1148 0.47451
0.98778 40.388 86.085 42.013 75.556 5.0869 0.49303
0.98741 40.151 84.863 42.065 75.537 5.0518 0.51301
0.98697 39.925 83.673 42.163 75.52 5.0105 0.53337
0.98645 39.719 82.592 42.289 75.507 4.9643 0.55313
0.98587 39.541 81.682 42.424 75.499 4.9145 0.5714
0.98525 39.397 80.988 42.551 75.498 4.8626 0.58745
0.98461 39.29 80.536 42.654 75.505 4.81 0.6007
0.98398 39.223 80.326 42.723 75.518 4.7582 0.61076
0.98339 39.195 80.342 42.749 75.538 4.7086 0.61741
0.98288 39.201 80.546 42.732 75.565 4.6625 0.62064
0.98248 39.239 80.89 42.677 75.596 4.6212 0.62058
0.9822 39.302 81.315 42.592 75.63 4.5857 0.61755
0.98207 39.384 81.762 42.49 75.667 4.5573 0.612
0.9821 39.477 82.177 42.389 75.704 4.5368 0.6045
0.98227 39.575 82.51 42.305 75.74 4.525 0.59572
0.98258 39.671 82.728 42.253 75.773 4.5226 0.58638
0.983 39.76 82.81 42.248 75.805 4.53 0.57722
0.98349 39.836 82.752 42.299 75.834 4.5474 0.56897
0.98404 39.896 82.564 42.41 75.861 4.5746 0.5623
0.98459 39.937 82.268 42.581 75.887 4.6111 0.55779
0.98512 39.958 81.896 42.803 75.913 4.6559 0.55589
0.98561 39.96 81.486 43.065 75.941 4.7078 0.55689
0.98602 39.943 81.076 43.352 75.973 4.7651 0.56094
0.98636 39.909 80.7 43.642 76.008 4.8257 0.56796
0.9866 39.863 80.387 43.917 76.05 4.8873 0.57774
0.98676 39.807 80.155 44.157 76.097 4.9473 0.58987
0.98683 39.746 80.013 44.346 76.15 5.0029 0.6038
0.98682 39.683 79.957 44.471 76.208 5.0513 0.61888
0.98674 39.624 79.978 44.523 76.269 5.09 0.63441
0.9866 39.573 80.057 44.504 76.331 5.1164 0.64965
0.98643 39.533 80.172 44.416 76.39 5.1287 0.6639
0.98622 39.508 80.302 44.271 76.442 5.1252 0.67654
0.98599 39.502 80.428 44.084 76.485 5.1052 0.68704
0.98574 39.515 80.534 43.874 76.515 5.0685 0.69505
0.9855 39.55 80.612 43.664 76.527 5.0159 0.70035
0.98525 39.607 80.658 43.474 76.521 4.949 0.70292
0.98502 39.687 80.677 43.325 76.494 4.8704 0.70288
0.9848 39.788 80.674 43.234 76.446 4.7831 0.70049
0.98459 39.908 80.66 43.213 76.379 4.6914 0.69612
0.98441 40.045 80.644 43.27 76.293 4.5998 0.69022
0.98425 40.196 80.636 43.406 76.192 4.5131 0.68325
0.98411 40.356 80.643 43.618 76.081 4.4366 0.67566
0.98399 40.521 80.669 43.894 75.963 4.3751 0.66786
0.98387 40.685 80.715 44.221 75.843 4.3333 0.66015
0.98377 40.844 80.783 44.581 75.726 4.3151 0.65272
0.98366 40.993 80.869 44.954 75.615 4.3235 0.64563
0.98354 41.128 80.971 45.319 75.514 4.3605 0.63883
0.98341 41.245 81.085 45.658 75.425 4.4267 0.63214
0.98325 41.34 81.207 45.955 75.35 4.5214 0.62527
0.98308 41.414 81.334 46.196 75.29 4.6425 0.61789
0.98289 41.464 81.462 46.373 75.244 4.7868 0.60961
0.98268 41.491 81.586 46.482 75.212 4.9498 0.60007
0.98247 41.497 81.701 46.526 75.193 5.126 0.58891
0.98227 41.484 81.802 46.512 75.186 5.3097 0.57587
0.98208 41.455 81.885 46.45 75.188 5.4944 0.56076
0.98193 41.412 81.946 46.355 75.198 5.6739 0.54352
0.98182 41.36 81.981 46.243 75.215 5.8426 0.5242
0.98175 41.301 81.991 46.132 75.237 5.9952 0.50298
0.98175 41.24 81.975 46.038 75.261 6.1276 0.48014
0.9818 41.179 81.936 45.977 75.288 6.2369 0.45608
0.98191 41.122 81.881 45.961 75.316 6.3214 0.43127
0.98208 41.071 81.813 45.999 75.344 6.3808 0.40624
0.98231 41.029 81.74 46.096 75.372 6.4159 0.38159
0.98258 40.997 81.667 46.25 75.4 6.4287 0.35789
0.9829 40.978 81.601 46.458 75.429 6.4222 0.33572
0.98326 40.973 81.545 46.709 75.458 6.3998 0.31565
0.98364 40.981 81.505 46.989 75.489 6.3655 0.29816
0.98403 41.004 81.484 47.283 75.522 6.3233 0.28371
0.98443 41.039 81.484 47.572 75.558 6.2768 0.27264
0.98482 41.086 81.509 47.835 75.596 6.2293 0.26521
0.98518 41.141 81.563 48.054 75.638 6.1834 0.26159
0.98551 41.203 81.648 48.209 75.682 6.1409 0.26182
0.98579 41.268 81.769 48.286 75.729 6.1028 0.26586
0.98601 41.331 81.93 48.272 75.778 6.0691 0.27354
0.98617 41.389 82.132 48.158 75.829 6.0391 0.28458
0.98625 41.44 82.376 47.943 75.879 6.0117 0.29864
0.98626 41.479 82.658 47.627 75.929 5.9851 0.31528
0.98621 41.505 82.973 47.218 75.976 5.9573 0.33401
0.98609 41.517 83.308 46.728 76.02 5.9265 0.35433
0.98593 41.515 83.652 46.175 76.059 5.8908 0.37572
0.98572 41.498 83.986 45.578 76.091 5.8491 0.39772
0.98548 41.47 84.293 44.961 76.117 5.8006 0.41991
0.98523 41.431 84.556 44.35 76.134 5.7454 0.44195
0.98498 41.384 84.758 43.769 76.142 5.6843 0.46363
0.98474 41.332 84.888 43.244 76.14 5.6187 0.48483
0.98453 41.277 84.938 42.797 76.129 5.5509 0.50553
0.98436 41.221 84.904 42.45 76.108 5.4838 0.52582
0.98424 41.167 84.789 42.217 76.078 5.4207 0.54582
0.98417 41.115 84.6 42.109 76.04 5.3651 0.56568
0.98418 41.066 84.346 42.131 75.995 5.3207 0.58551
0.98425 41.022 84.042 42.283 75.944 5.291 0.60533
0.9844 40.981 83.703 42.558 75.888 5.2793 0.625
0.98462 40.943 83.348 42.942 75.829 5.2883 0.64421
0.98491 40.908 82.995 43.417 75.77 5.3202 0.66243
0.98526 40.875 82.662 43.962 75.711 5.3765 0.67887
0.98565 40.844 82.367 44.55 75.654 5.4581 0.69255
0.98606 40.815 82.124 45.153 75.602 5.5649 0.70228
0.98647 40.787 81.946 45.743 75.557 5.6963 0.70676
0.98684 40.76 81.841 46.293 75.519 5.8511 0.70464
0.98715 40.735 81.815 46.776 75.49 6.0274 0.69465
0.98738 40.712 81.865 47.173 75.473 6.2228 0.67569
0.98748 40.692 81.986 47.466 75.468 6.4345 0.64697
0.98745 40.674 82.168 47.645 75.475 6.6592 0.60809
0.98727 40.659 82.398 47.707 75.495 6.8936 0.55914
0.98693 40.647 82.659 47.654 75.527 7.1339 0.50073
0.98644 40.638 82.935 47.495 75.571 7.3761 0.43402
0.98581 40.631 83.211 47.244 75.624 7.6163 0.36068
0.98507 40.627 83.472 46.921 75.685 7.8505 0.2828
0.98425 40.624 83.709 46.545 75.75 8.0748 0.20277
0.98338 40.622 83.916 46.142 75.818 8.2855 0.12315
0.9825 40.621 84.089 45.732 75.886 8.4792 0.046446
