//co2 data for Study 19 _2
steady: none
chosen_param: SaO2sup, Pa_CO2, P_a, Vmca_d, TOI_d, HbT_d, CCO_d
time_step: 1.0
******
0.97423 42.533 94.641 39.176 66.143 -1.25 -0.015293
0.9756 42.567 94.165 39.101 66.138 -1.2275 -0.013844
0.97667 42.559 93.628 39.029 66.126 -1.2026 -0.013738
0.97746 42.508 93.068 38.966 66.107 -1.1774 -0.014821
0.97799 42.421 92.524 38.917 66.079 -1.1538 -0.016873
0.97832 42.304 92.039 38.891 66.045 -1.1335 -0.019625
0.97849 42.17 91.648 38.892 66.004 -1.118 -0.022781
0.97856 42.028 91.382 38.927 65.958 -1.1086 -0.026039
0.97854 41.894 91.262 39 65.909 -1.1059 -0.029121
0.97848 41.779 91.297 39.115 65.859 -1.1103 -0.031786
0.97839 41.695 91.486 39.273 65.811 -1.1213 -0.033852
0.97828 41.653 91.82 39.472 65.766 -1.1384 -0.035201
0.97816 41.659 92.279 39.711 65.726 -1.1602 -0.035792
0.97803 41.717 92.838 39.982 65.692 -1.1853 -0.035651
0.97787 41.825 93.466 40.278 65.667 -1.2119 -0.034869
0.97769 41.979 94.13 40.59 65.651 -1.238 -0.033585
0.97748 42.172 94.795 40.906 65.643 -1.2619 -0.031974
0.97724 42.392 95.426 41.216 65.645 -1.2816 -0.030222
0.97698 42.626 95.988 41.509 65.656 -1.2956 -0.028517
0.97671 42.859 96.448 41.776 65.675 -1.3028 -0.027022
0.97644 43.078 96.776 42.008 65.703 -1.3022 -0.025868
0.9762 43.269 96.943 42.2 65.74 -1.2935 -0.025142
0.97599 43.42 96.928 42.351 65.783 -1.2768 -0.02488
0.97586 43.524 96.716 42.462 65.833 -1.2525 -0.025073
0.9758 43.576 96.302 42.535 65.889 -1.2216 -0.025662
0.97584 43.574 95.691 42.577 65.95 -1.1852 -0.026555
0.97597 43.523 94.902 42.598 66.013 -1.1447 -0.027634
0.97621 43.427 93.968 42.606 66.077 -1.1016 -0.028768
0.97653 43.297 92.935 42.614 66.14 -1.0575 -0.029828
0.97692 43.145 91.86 42.63 66.2 -1.0136 -0.030693
0.97735 42.981 90.81 42.665 66.256 -0.97137 -0.031266
0.97778 42.819 89.852 42.725 66.305 -0.93174 -0.031478
0.97817 42.671 89.052 42.816 66.348 -0.89547 -0.03129
0.97847 42.546 88.469 42.94 66.383 -0.86305 -0.030697
0.97864 42.451 88.146 43.096 66.411 -0.83468 -0.029721
0.97863 42.39 88.11 43.282 66.432 -0.81036 -0.02841
0.97842 42.365 88.369 43.491 66.446 -0.7899 -0.02683
0.97798 42.372 88.908 43.717 66.456 -0.77303 -0.025053
0.9773 42.409 89.692 43.952 66.463 -0.75941 -0.023159
0.97639 42.469 90.674 44.187 66.467 -0.74875 -0.021217
0.97528 42.544 91.789 44.413 66.471 -0.74082 -0.019289
0.97402 42.628 92.97 44.623 66.474 -0.7355 -0.01742
0.97267 42.714 94.147 44.81 66.477 -0.73275 -0.015638
0.97131 42.795 95.255 44.967 66.48 -0.73264 -0.013953
0.97001 42.869 96.239 45.092 66.482 -0.73528 -0.012357
0.96889 42.93 97.056 45.181 66.483 -0.74077 -0.010831
0.968 42.979 97.678 45.233 66.482 -0.74915 -0.0093422
0.96744 43.015 98.091 45.246 66.477 -0.7603 -0.0078557
0.96725 43.04 98.296 45.221 66.469 -0.77393 -0.0063356
0.96745 43.054 98.302 45.159 66.457 -0.78947 -0.0047515
0.96805 43.059 98.125 45.061 66.441 -0.80612 -0.003083
0.96901 43.057 97.782 44.927 66.42 -0.82282 -0.0013239
0.97027 43.048 97.29 44.759 66.396 -0.8383 0.00051496
0.97175 43.032 96.658 44.56 66.369 -0.85114 0.0024041
0.97335 43.008 95.894 44.331 66.339 -0.85989 0.004295
0.97497 42.975 94.995 44.075 66.308 -0.86314 0.0061215
0.97651 42.933 93.961 43.796 66.275 -0.85966 0.0078028
0.97788 42.879 92.788 43.498 66.241 -0.84853 0.0092471
0.97901 42.814 91.482 43.187 66.207 -0.82923 0.010358
0.97985 42.738 90.056 42.868 66.172 -0.80169 0.01104
0.98037 42.654 88.537 42.547 66.136 -0.76639 0.011207
0.9806 42.564 86.968 42.232 66.099 -0.7243 0.010786
0.98054 42.475 85.404 41.927 66.061 -0.67691 0.0097289
0.98024 42.391 83.913 41.639 66.021 -0.62611 0.0080139
0.97977 42.319 82.567 41.372 65.981 -0.57411 0.0056513
0.97919 42.265 81.434 41.131 65.941 -0.52329 0.0026859
0.97857 42.234 80.577 40.919 65.901 -0.47606 -0.00080344
0.97799 42.231 80.041 40.737 65.864 -0.43471 -0.0047059
0.97749 42.257 79.85 40.585 65.829 -0.40124 -0.0088834
0.97714 42.313 80.005 40.464 65.799 -0.37728 -0.013178
0.97696 42.395 80.483 40.371 65.773 -0.36393 -0.01742
0.97698 42.498 81.242 40.305 65.752 -0.36177 -0.021437
0.97721 42.617 82.22 40.264 65.737 -0.37076 -0.025068
0.97761 42.741 83.348 40.245 65.727 -0.3903 -0.028169
0.97818 42.863 84.551 40.248 65.722 -0.4193 -0.030623
0.97886 42.972 85.758 40.27 65.722 -0.45622 -0.032349
0.9796 43.06 86.905 40.311 65.725 -0.4992 -0.033307
0.98036 43.121 87.939 40.37 65.732 -0.54621 -0.033498
0.98108 43.149 88.82 40.447 65.742 -0.59515 -0.032966
0.98171 43.143 89.52 40.542 65.755 -0.64399 -0.031793
0.9822 43.106 90.027 40.655 65.772 -0.69089 -0.030094
0.98252 43.041 90.335 40.785 65.792 -0.73425 -0.028007
0.98266 42.958 90.452 40.931 65.816 -0.77285 -0.025686
0.98262 42.869 90.39 41.091 65.845 -0.80583 -0.023289
0.9824 42.788 90.166 41.263 65.879 -0.83269 -0.020968
0.98204 42.732 89.805 41.444 65.917 -0.85332 -0.018862
0.98157 42.717 89.331 41.63 65.959 -0.86792 -0.017084
0.98104 42.76 88.774 41.819 66.004 -0.87697 -0.015719
0.9805 42.875 88.166 42.005 66.051 -0.88111 -0.01482
0.97998 43.074 87.539 42.185 66.099 -0.88116 -0.014402
0.97953 43.363 86.93 42.356 66.147 -0.87796 -0.014449
0.97919 43.746 86.371 42.516 66.192 -0.87237 -0.014911
0.97895 44.218 85.897 42.663 66.236 -0.86519 -0.015711
0.97882 44.772 85.537 42.796 66.277 -0.85718 -0.016752
0.97879 45.392 85.317 42.918 66.316 -0.84897 -0.017919
0.97883 46.06 85.254 43.029 66.353 -0.84114 -0.019092
0.9789 46.754 85.356 43.133 66.39 -0.83415 -0.020146
0.97896 47.451 85.619 43.236 66.427 -0.8284 -0.020965
0.97898 48.127 86.029 43.342 66.464 -0.82425 -0.02144
0.97893 48.76 86.557 43.457 66.503 -0.82197 -0.021481
0.97878 49.333 87.164 43.587 66.542 -0.82182 -0.021015
0.97855 49.831 87.801 43.74 66.581 -0.82396 -0.019994
0.97822 50.245 88.418 43.918 66.619 -0.82851 -0.018393
0.97784 50.574 88.964 44.129 66.653 -0.83545 -0.016215
0.97744 50.821 89.393 44.373 66.682 -0.84464 -0.013486
0.97706 50.993 89.675 44.654 66.703 -0.85572 -0.010255
0.97675 51.104 89.794 44.971 66.715 -0.86814 -0.006594
0.97655 51.168 89.751 45.321 66.715 -0.88111 -0.0025929
0.97651 51.204 89.569 45.7 66.703 -0.89359 0.001646
0.97666 51.228 89.283 46.104 66.678 -0.90432 0.0060112
0.97699 51.256 88.94 46.525 66.641 -0.91186 0.010388
0.97751 51.301 88.594 46.953 66.591 -0.91467 0.014664
0.97819 51.373 88.294 47.382 66.531 -0.9112 0.018736
0.97899 51.477 88.084 47.801 66.462 -0.90003 0.022512
0.97985 51.614 87.993 48.202 66.386 -0.87996 0.025919
0.98072 51.78 88.038 48.578 66.307 -0.85014 0.028903
0.98151 51.969 88.217 48.923 66.226 -0.81021 0.031435
0.98217 52.172 88.516 49.234 66.147 -0.76035 0.033506
0.98264 52.375 88.911 49.508 66.074 -0.70137 0.035133
0.98285 52.568 89.374 49.747 66.01 -0.63466 0.036349
0.98278 52.74 89.875 49.954 65.96 -0.56217 0.037205
0.98242 52.88 90.388 50.133 65.927 -0.48632 0.037764
0.98176 52.982 90.897 50.29 65.914 -0.40982 0.038095
0.98084 53.041 91.391 50.431 65.924 -0.33553 0.038266
0.9797 53.058 91.873 50.563 65.958 -0.26621 0.038342
0.97842 53.034 92.347 50.691 66.015 -0.20435 0.038381
0.97707 52.976 92.827 50.819 66.094 -0.15194 0.038426
0.97575 52.89 93.325 50.95 66.193 -0.11031 0.038509
0.97455 52.787 93.852 51.084 66.306 -0.080049 0.038648
0.97356 52.675 94.414 51.218 66.428 -0.060892 0.038851
0.97285 52.566 95.012 51.347 66.554 -0.051782 0.039115
0.97247 52.467 95.637 51.466 66.675 -0.050941 0.039436
0.97246 52.386 96.274 51.566 66.787 -0.056028 0.03981
0.97281 52.328 96.899 51.639 66.885 -0.064351 0.040243
0.9735 52.294 97.485 51.678 66.965 -0.073111 0.040751
0.97448 52.284 97.998 51.675 67.025 -0.079665 0.041368
0.97567 52.297 98.408 51.626 67.065 -0.08178 0.042148
0.97701 52.328 98.685 51.528 67.087 -0.07785 0.043163
0.9784 52.37 98.805 51.383 67.092 -0.067058 0.044502
0.97975 52.416 98.753 51.195 67.085 -0.049469 0.046265
0.981 52.46 98.525 50.97 67.069 -0.026031 0.048557
0.98209 52.493 98.129 50.72 67.047 0.0014994 0.051474
0.98297 52.51 97.585 50.456 67.022 0.030718 0.055096
0.98362 52.507 96.927 50.193 66.997 0.058799 0.059472
0.98404 52.482 96.197 49.943 66.972 0.082771 0.06461
0.98426 52.433 95.442 49.72 66.947 0.099802 0.070469
0.98429 52.364 94.712 49.536 66.922 0.10749 0.076951
0.98418 52.279 94.054 49.401 66.894 0.10412 0.0839
0.98398 52.186 93.505 49.319 66.863 0.088833 0.091107
0.98373 52.093 93.094 49.294 66.828 0.061771 0.098315
0.98347 52.01 92.831 49.326 66.786 0.024069 0.10524
0.98322 51.946 92.715 49.409 66.74 -0.022198 0.11156
0.98301 51.912 92.727 49.538 66.688 -0.074187 0.117
0.98284 51.915 92.841 49.703 66.633 -0.12852 0.12128
0.98269 51.962 93.018 49.895 66.576 -0.18155 0.12418
0.98255 52.056 93.22 50.104 66.519 -0.22972 0.12555
0.98239 52.198 93.408 50.32 66.466 -0.26983 0.12536
0.98218 52.384 93.548 50.535 66.417 -0.29936 0.12363
0.9819 52.609 93.616 50.744 66.375 -0.31666 0.12054
0.98151 52.862 93.597 50.944 66.341 -0.3211 0.11632
0.981 53.134 93.488 51.133 66.314 -0.31316 0.11134
0.98039 53.411 93.295 51.314 66.296 -0.29439 0.106
0.97967 53.681 93.036 51.491 66.284 -0.26724 0.10077
0.97888 53.931 92.732 51.667 66.28 -0.2349 0.09613
0.97804 54.15 92.413 51.85 66.28 -0.20103 0.092538
0.97718 54.331 92.106 52.044 66.285 -0.16942 0.090407
0.97636 54.467 91.841 52.253 66.294 -0.14372 0.090071
0.97561 54.558 91.642 52.482 66.307 -0.12715 0.091762
0.97496 54.604 91.528 52.73 66.323 -0.1222 0.09559
0.97443 54.61 91.514 52.997 66.341 -0.13048 0.10154
0.97405 54.582 91.603 53.281 66.363 -0.15261 0.10947
0.97382 54.53 91.793 53.576 66.389 -0.18816 0.11912
0.97374 54.462 92.072 53.876 66.416 -0.23576 0.13014
0.97382 54.387 92.422 54.176 66.447 -0.29316 0.14208
0.97403 54.315 92.822 54.467 66.479 -0.35751 0.15447
0.97437 54.251 93.246 54.744 66.513 -0.42552 0.16682
0.97481 54.203 93.667 55.001 66.546 -0.49378 0.17865
0.97534 54.172 94.061 55.237 66.579 -0.55901 0.18954
0.97594 54.159 94.407 55.448 66.609 -0.61828 0.19912
0.97659 54.164 94.689 55.636 66.635 -0.66922 0.20713
0.97727 54.183 94.899 55.804 66.656 -0.71018 0.21339
0.97796 54.212 95.034 55.954 66.672 -0.74029 0.21785
0.97864 54.247 95.1 56.093 66.682 -0.75945 0.22054
0.97931 54.282 95.109 56.226 66.684 -0.76834 0.22159
0.97995 54.313 95.08 56.359 66.68 -0.76824 0.22119
0.98055 54.334 95.037 56.495 66.669 -0.7609 0.21963
0.9811 54.344 95.005 56.639 66.651 -0.74836 0.21719
0.9816 54.339 95.01 56.792 66.626 -0.73273 0.2142
0.98203 54.32 95.077 56.954 66.597 -0.71601 0.21096
0.98239 54.288 95.224 57.123 66.562 -0.69992 0.20776
0.98267 54.244 95.46 57.296 66.523 -0.68573 0.20487
0.98288 54.191 95.785 57.468 66.481 -0.6742 0.20246
0.983 54.132 96.186 57.632 66.436 -0.6655 0.2007
0.98306 54.072 96.639 57.782 66.389 -0.65923 0.19965
0.98304 54.013 97.109 57.912 66.341 -0.65445 0.19933
0.98297 53.96 97.555 58.016 66.292 -0.6498 0.19971
0.98286 53.914 97.934 58.09 66.243 -0.64361 0.2007
0.98272 53.877 98.206 58.131 66.196 -0.63406 0.20216
0.98256 53.851 98.338 58.138 66.15 -0.61929 0.20394
0.98239 53.837 98.31 58.111 66.106 -0.59765 0.20586
0.98223 53.834 98.115 58.052 66.065 -0.56775 0.20775
0.98208 53.841 97.765 57.964 66.027 -0.52864 0.20944
0.98195 53.859 97.282 57.854 65.992 -0.4799 0.21077
0.98185 53.886 96.701 57.726 65.96 -0.42165 0.21163
0.98177 53.921 96.065 57.587 65.931 -0.35465 0.21193
0.98173 53.962 95.418 57.444 65.903 -0.28021 0.21165
0.98171 54.008 94.802 57.302 65.877 -0.20016 0.21077
0.98172 54.056 94.251 57.168 65.851 -0.11676 0.20937
0.98175 54.105 93.789 57.046 65.826 -0.032599 0.20751
0.98178 54.152 93.431 56.94 65.802 0.049581 0.20534
0.98182 54.196 93.18 56.854 65.781 0.127 0.20298
0.98185 54.234 93.03 56.79 65.763 0.19703 0.20059
0.98184 54.264 92.971 56.747 65.752 0.25731 0.19834
0.98178 54.287 92.988 56.727 65.75 0.30591 0.19637
0.98166 54.3 93.064 56.727 65.759 0.34145 0.19478
0.98146 54.305 93.187 56.746 65.781 0.36317 0.19368
0.98118 54.301 93.346 56.781 65.817 0.371 0.1931
0.98081 54.292 93.534 56.829 65.868 0.36558 0.19305
0.98038 54.279 93.746 56.886 65.933 0.34823 0.19347
0.97989 54.263 93.981 56.949 66.011 0.32088 0.19428
0.97938 54.248 94.24 57.012 66.097 0.28598 0.19537
0.97888 54.236 94.52 57.073 66.187 0.24637 0.19658
0.97843 54.229 94.823 57.126 66.277 0.20512 0.19778
0.97806 54.228 95.143 57.17 66.361 0.16535 0.19882
0.97782 54.234 95.475 57.201 66.434 0.13003 0.19959
0.97772 54.247 95.811 57.218 66.493 0.10185 0.2
0.97779 54.266 96.14 57.218 66.534 0.083038 0.20002
0.97802 54.29 96.447 57.201 66.556 0.075224 0.19969
0.9784 54.317 96.715 57.168 66.558 0.079359 0.19909
0.97891 54.344 96.929 57.12 66.541 0.095662 0.19837
0.9795 54.369 97.07 57.058 66.508 0.12363 0.19773
0.98013 54.389 97.124 56.985 66.462 0.16206 0.1974
0.98075 54.402 97.08 56.903 66.408 0.20919 0.19763
0.98129 54.405 96.932 56.816 66.349 0.26277 0.19868
0.98172 54.397 96.682 56.727 66.29 0.3203 0.20076
0.98199 54.376 96.339 56.637 66.234 0.37913 0.20407
0.98208 54.342 95.922 56.55 66.186 0.4367 0.2087
0.98196 54.295 95.452 56.467 66.148 0.49068 0.21468
0.98166 54.236 94.957 56.39 66.12 0.53916 0.22193
0.98118 54.166 94.466 56.318 66.103 0.58071 0.23028
0.98057 54.088 94.006 56.253 66.098 0.6145 0.23945
0.97985 54.005 93.598 56.192 66.104 0.64034 0.24908
0.9791 53.918 93.257 56.136 66.119 0.6586 0.25875
0.97836 53.832 92.991 56.082 66.142 0.6702 0.26798
0.97768 53.749 92.799 56.029 66.173 0.67649 0.27629
0.97712 53.672 92.676 55.975 66.21 0.67911 0.28322
0.9767 53.603 92.61 55.918 66.253 0.67984 0.28834
0.97646 53.544 92.59 55.855 66.302 0.68048 0.29134
0.9764 53.494 92.606 55.785 66.356 0.68266 0.29197
0.97653 53.456 92.651 55.705 66.416 0.68772 0.29013
0.97681 53.428 92.725 55.615 66.481 0.69665 0.28584
0.97724 53.409 92.832 55.51 66.553 0.70999 0.27927
0.97776 53.398 92.978 55.391 66.629 0.72781 0.27072
0.97835 53.394 93.174 55.255 66.709 0.74975 0.26057
0.97898 53.394 93.432 55.1 66.792 0.77506 0.24933
0.97961 53.397 93.76 54.924 66.875 0.80268 0.23754
0.98021 53.401 94.162 54.726 66.956 0.83136 0.22579
0.98076 53.405 94.638 54.506 67.031 0.85976 0.21465
0.98126 53.407 95.178 54.264 67.098 0.88658 0.20464
0.98169 53.407 95.766 54 67.153 0.91068 0.19623
0.98205 53.405 96.382 53.717 67.194 0.93113 0.18979
0.98235 53.399 96.997 53.418 67.218 0.94733 0.18556
0.98259 53.392 97.583 53.105 67.223 0.95902 0.18367
0.98276 53.381 98.109 52.786 67.211 0.96625 0.18414
0.98289 53.37 98.549 52.466 67.18 0.96946 0.18684
0.98296 53.357 98.882 52.152 67.134 0.9693 0.19155
0.98299 53.344 99.094 51.849 67.075 0.96667 0.19796
0.98298 53.331 99.179 51.566 67.008 0.96257 0.20568
0.98295 53.32 99.142 51.307 66.937 0.95804 0.21428
0.98289 53.31 98.998 51.077 66.866 0.95408 0.22331
0.98281 53.303 98.769 50.878 66.8 0.95155 0.23234
0.98271 53.298 98.482 50.712 66.743 0.95113 0.24093
0.9826 53.295 98.17 50.578 66.7 0.95326 0.24872
0.98247 53.295 97.863 50.472 66.671 0.95813 0.25539
0.98233 53.297 97.59 50.389 66.657 0.96568 0.2607
0.98219 53.301 97.375 50.322 66.658 0.97561 0.26446
0.98202 53.308 97.233 50.265 66.672 0.98739 0.26659
0.98184 53.316 97.171 50.209 66.696 1.0004 0.26706
0.98165 53.325 97.186 50.147 66.724 1.0137 0.26592
0.98144 53.336 97.267 50.073 66.754 1.0267 0.26327
0.98121 53.346 97.395 49.983 66.78 1.0384 0.25928
0.98097 53.356 97.548 49.874 66.799 1.048 0.25416
0.98072 53.365 97.697 49.748 66.807 1.0549 0.24814
0.98045 53.372 97.816 49.607 66.806 1.0585 0.2415
0.98018 53.376 97.878 49.457 66.794 1.0585 0.23449
0.9799 53.378 97.863 49.307 66.775 1.0546 0.2274
0.97963 53.376 97.758 49.166 66.752 1.0469 0.22048
0.97937 53.373 97.559 49.044 66.731 1.0356 0.21399
0.97911 53.368 97.272 48.951 66.717 1.021 0.20813
0.97888 53.362 96.915 48.895 66.716 1.0038 0.2031
0.97865 53.358 96.517 48.883 66.731 0.98472 0.19903
0.97845 53.357 96.114 48.918 66.765 0.96447 0.19603
0.97825 53.36 95.747 48.999 66.82 0.94401 0.19412
0.97805 53.368 95.458 49.121 66.894 0.92421 0.19332
0.97786 53.381 95.283 49.276 66.983 0.90594 0.19358
0.97766 53.399 95.251 49.452 67.083 0.88997 0.19481
0.97746 53.42 95.377 49.633 67.187 0.87692 0.19687
0.97727 53.444 95.661 49.802 67.289 0.8672 0.19962
0.97709 53.467 96.087 49.941 67.381 0.86105 0.20289
0.97694 53.487 96.621 50.031 67.459 0.85841 0.20647
0.97683 53.5 97.218 50.058 67.518 0.85901 0.2102
0.97678 53.503 97.826 50.006 67.556 0.86233 0.21388
0.9768 53.494 98.387 49.866 67.573 0.86766 0.21735
0.97689 53.47 98.852 49.633 67.57 0.87411 0.22047
0.97705 53.432 99.177 49.307 67.55 0.88071 0.22313
0.97727 53.381 99.333 48.892 67.519 0.88642 0.22522
0.97753 53.317 99.308 48.397 67.481 0.89025 0.22669
0.97781 53.247 99.105 47.836 67.441 0.89129 0.22752
0.97809 53.174 98.746 47.226 67.404 0.88878 0.22769
0.97833 53.106 98.263 46.584 67.372 0.88213 0.22723
0.97851 53.051 97.696 45.93 67.348 0.87099 0.22618
0.97862 53.016 97.093 45.285 67.332 0.85523 0.22461
0.97865 53.009 96.497 44.666 67.322 0.83494 0.2226
0.9786 53.038 95.951 44.088 67.314 0.81041 0.22024
0.97847 53.108 95.488 43.566 67.306 0.7821 0.21766
0.9783 53.223 95.134 43.108 67.294 0.75061 0.21498
0.9781 53.386 94.906 42.721 67.272 0.71664 0.21232
0.9779 53.594 94.808 42.407 67.238 0.68093 0.20982
0.97773 53.844 94.839 42.164 67.189 0.64423 0.20763
0.97763 54.131 94.987 41.99 67.126 0.60728 0.20588
0.9776 54.444 95.235 41.877 67.049 0.5708 0.2047
0.97767 54.773 95.561 41.819 66.962 0.53543 0.2042
0.97784 55.106 95.939 41.808 66.867 0.5018 0.20448
0.97811 55.43 96.342 41.834 66.772 0.47043 0.2056
0.97846 55.732 96.742 41.89 66.681 0.4418 0.20761
0.97887 56 97.115 41.968 66.601 0.41631 0.2105
0.97931 56.225 97.439 42.062 66.537 0.39428 0.21422
0.97975 56.398 97.698 42.168 66.492 0.37589 0.2187
0.98015 56.517 97.88 42.281 66.47 0.36122 0.22383
0.98047 56.579 97.98 42.398 66.47 0.35014 0.22943
0.98068 56.587 97.998 42.518 66.494 0.34232 0.23535
0.98076 56.546 97.942 42.639 66.536 0.33721 0.24137
0.98068 56.464 97.82 42.76 66.594 0.33398 0.24729
0.98043 56.351 97.648 42.881 66.663 0.33155 0.2529
0.97999 56.217 97.439 43.001 66.736 0.32862 0.25801
0.97937 56.074 97.21 43.12 66.809 0.32367 0.26244
0.97855 55.934 96.976 43.236 66.877 0.3151 0.26607
0.97757 55.808 96.751 43.349 66.934 0.30128 0.26878
0.97641 55.703 96.548 43.457 66.977 0.28071 0.27052
0.97512 55.627 96.379 43.561 67.004 0.25214 0.27128
0.97369 55.585 96.255 43.659 67.014 0.21473 0.27108
0.97217 55.578 96.187 43.752 67.006 0.16817 0.26998
0.97057 55.606 96.186 43.839 66.981 0.11276 0.2681
0.96893 55.666 96.262 43.921 66.942 0.049523 0.26555
0.96727 55.754 96.425 44 66.892 -0.019813 0.26248
0.96563 55.863 96.684 44.075 66.832 -0.092842 0.25903
0.96404 55.986 97.046 44.147 66.767 -0.16659 0.25537
0.96255 56.113 97.512 44.217 66.7 -0.23768 0.25163
0.96121 56.237 98.077 44.285 66.636 -0.30252 0.24793
0.96006 56.348 98.727 44.349 66.576 -0.3576 0.2444
0.95916 56.439 99.441 44.408 66.525 -0.39971 0.24111
0.95859 56.502 100.19 44.459 66.484 -0.42623 0.23813
0.9584 56.532 100.93 44.5 66.456 -0.43538 0.2355
0.95863 56.525 101.62 44.526 66.441 -0.42636 0.23324
0.95934 56.478 102.21 44.532 66.439 -0.39953 0.23136
0.96051 56.394 102.65 44.514 66.451 -0.35637 0.22984
0.96215 56.273 102.91 44.467 66.474 -0.2995 0.22866
0.96418 56.121 102.95 44.388 66.506 -0.23246 0.22779
0.96653 55.944 102.75 44.273 66.546 -0.15953 0.2272
0.96908 55.751 102.3 44.12 66.589 -0.085365 0.22685
0.97168 55.55 101.61 43.928 66.632 -0.014717 0.22671
0.9742 55.352 100.71 43.697 66.671 0.047986 0.22672
0.97648 55.166 99.619 43.429 66.704 0.098961 0.22686
0.9784 55.002 98.398 43.128 66.727 0.13539 0.22708
0.97986 54.866 97.094 42.799 66.739 0.15565 0.22735
0.98079 54.766 95.765 42.447 66.738 0.15945 0.22763
0.98116 54.704 94.466 42.079 66.723 0.14787 0.22788
0.981 54.683 93.247 41.701 66.695 0.12329 0.22809
0.98035 54.702 92.149 41.322 66.657 0.089194 0.22821
0.97932 54.756 91.205 40.947 66.61 0.04988 0.22822
0.978 54.842 90.434 40.584 66.557 0.010142 0.22813
0.97654 54.952 89.842 40.24 66.502 -0.025145 0.22793
0.97507 55.077 89.422 39.918 66.447 -0.051408 0.22762
0.97371 55.209 89.155 39.623 66.397 -0.064756 0.22722
0.97257 55.339 89.014 39.36 66.354 -0.062289 0.22677
0.97174 55.457 88.964 39.13 66.32 -0.042331 0.22631
0.97127 55.557 88.97 38.934 66.297 -0.0045497 0.22587
0.97118 55.632 88.996 38.775 66.287 0.050021 0.22551
0.97146 55.679 89.014 38.65 66.291 0.11909 0.22526
0.9721 55.696 89.003 38.562 66.308 0.19931 0.22519
0.97302 55.684 88.954 38.507 66.34 0.28657 0.22531
0.97415 55.645 88.873 38.484 66.387 0.37633 0.22565
0.97542 55.583 88.775 38.491 66.448 0.46403 0.22623
0.97673 55.505 88.687 38.526 66.522 0.54543 0.22704
0.97802 55.417 88.647 38.586 66.608 0.61697 0.22805
0.97921 55.326 88.693 38.668 66.706 0.67601 0.22924
0.98025 55.239 88.866 38.768 66.813 0.72108 0.23055
0.9811 55.161 89.2 38.883 66.927 0.75188 0.23193
0.98173 55.098 89.718 39.01 67.045 0.76935 0.23332
0.98214 55.051 90.431 39.146 67.165 0.77548 0.23464
0.98234 55.022 91.331 39.287 67.284 0.77315 0.23585
0.98236 55.011 92.391 39.432 67.398 0.76583 0.23687
0.98223 55.016 93.568 39.577 67.504 0.7573 0.23766
0.98199 55.034 94.802 39.722 67.601 0.75125 0.2382
0.98166 55.059 96.02 39.865 67.686 0.75107 0.23847
0.98128 55.089 97.147 40.005 67.759 0.75947 0.23846
0.98089 55.119 98.104 40.144 67.819 0.77835 0.23821
0.98047 55.146 98.824 40.282 67.866 0.80863 0.23776
0.98005 55.166 99.253 40.42 67.9 0.8502 0.23715
0.97962 55.179 99.354 40.559 67.923 0.90198 0.23646
0.97915 55.184 99.119 40.7 67.933 0.96203 0.23576
0.97862 55.182 98.559 40.845 67.931 1.0277 0.23512
0.97801 55.175 97.715 40.996 67.915 1.096 0.23461
0.97731 55.166 96.643 41.153 67.886 1.1636 0.2343
0.9765 55.157 95.418 41.318 67.841 1.2273 0.23422
0.97559 55.151 94.124 41.492 67.778 1.2843 0.23439
0.97457 55.149 92.844 41.675 67.697 1.3322 0.2348
0.97349 55.152 91.661 41.868 67.596 1.3693 0.23542
0.97239 55.16 90.642 42.07 67.474 1.3947 0.2362
0.97131 55.171 89.843 42.283 67.334 1.4084 0.23703
0.97031 55.183 89.3 42.504 67.178 1.4108 0.23782
0.96945 55.192 89.034 42.733 67.008 1.4035 0.23844
0.96878 55.195 89.045 42.968 66.83 1.3882 0.23877
0.96834 55.187 89.321 43.205 66.649 1.3671 0.23868
0.96817 55.166 89.837 43.441 66.472 1.3427 0.23806
0.96825 55.129 90.559 43.669 66.305 1.3175 0.23681
0.96859 55.076 91.445 43.882 66.153 1.2936 0.23488
0.96915 55.006 92.452 44.073 66.022 1.2731 0.23225
0.96987 54.921 93.534 44.231 65.915 1.2577 0.22892
0.97068 54.826 94.645 44.346 65.833 1.2484 0.22497
0.97151 54.724 95.743 44.408 65.779 1.2461 0.22049
0.97229 54.62 96.788 44.408 65.75 1.251 0.21562
0.97295 54.521 97.747 44.335 65.743 1.263 0.21052
0.97343 54.432 98.592 44.183 65.756 1.2817 0.20538
0.9737 54.358 99.304 43.949 65.783 1.3067 0.20036
0.97374 54.305 99.874 43.629 65.819 1.3373 0.19566
0.97355 54.274 100.3 43.228 65.858 1.3728 0.19142
0.97317 54.27 100.58 42.752 65.896 1.4127 0.18776
0.97264 54.293 100.73 42.211 65.928 1.4564 0.18475
0.97202 54.341 100.77 41.62 65.951 1.5037 0.18244
0.97139 54.414 100.71 40.996 65.961 1.5544 0.18077
0.97082 54.507 100.56 40.358 65.957 1.6084 0.17969
0.97037 54.616 100.34 39.727 65.938 1.6656 0.17907
0.97011 54.736 100.07 39.122 65.903 1.7259 0.17874
0.97006 54.861 99.747 38.563 65.855 1.789 0.17854
0.97025 54.986 99.39 38.067 65.794 1.8544 0.17826
0.97067 55.105 99.005 37.647 65.723 1.9215 0.17775
0.97127 55.214 98.6 37.31 65.645 1.9892 0.17683
0.97201 55.309 98.183 37.061 65.564 2.0562 0.1754
0.97281 55.388 97.762 36.9 65.482 2.1208 0.17338
0.9736 55.45 97.349 36.82 65.404 2.1812 0.17078
0.97429 55.495 96.953 36.813 65.334 2.2354 0.16765
0.97483 55.524 96.585 36.867 65.276 2.2814 0.1641
0.97515 55.538 96.254 36.965 65.231 2.3172 0.16029
0.97525 55.54 95.969 37.095 65.203 2.3412 0.15644
0.97511 55.532 95.737 37.24 65.194 2.3519 0.15277
0.97475 55.516 95.562 37.388 65.202 2.3487 0.14955
0.97424 55.495 95.447 37.528 65.228 2.331 0.14701
0.97363 55.471 95.392 37.653 65.269 2.2994 0.14538
0.97301 55.446 95.394 37.759 65.322 2.2545 0.14482
0.97244 55.421 95.45 37.845 65.382 2.1979 0.14548
0.97199 55.397 95.556 37.915 65.446 2.1315 0.14742
0.97171 55.374 95.707 37.975 65.509 2.0575 0.15064
0.97164 55.353 95.898 38.031 65.566 1.9783 0.15505
0.97178 55.334 96.122 38.094 65.614 1.8966 0.16053
0.9721 55.316 96.376 38.173 65.65 1.8146 0.16685
0.97257 55.298 96.654 38.274 65.67 1.7345 0.17377
0.97313 55.28 96.95 38.407 65.674 1.6581 0.18098
0.97372 55.261 97.255 38.574 65.662 1.5865 0.18817
0.97426 55.239 97.562 38.78 65.634 1.5204 0.19498
0.97471 55.216 97.86 39.022 65.591 1.4601 0.20111
0.97502 55.19 98.137 39.298 65.536 1.4052 0.20623
0.97516 55.161 98.378 39.603 65.472 1.355 0.21008
0.97513 55.129 98.572 39.93 65.402 1.3085 0.21245
0.97494 55.096 98.704 40.269 65.329 1.2645 0.21317
0.97461 55.062 98.766 40.61 65.256 1.2218 0.21219
0.97418 55.027 98.749 40.945 65.187 1.1794 0.20948
0.9737 54.994 98.654 41.261 65.124 1.1365 0.20515
0.97321 54.962 98.487 41.55 65.069 1.0927 0.19935
0.97276 54.933 98.259 41.802 65.023 1.048 0.19233
0.97239 54.907 97.993 42.01 64.988 1.0027 0.18439
0.97213 54.883 97.715 42.165 64.964 0.95765 0.17591
0.972 54.861 97.456 42.262 64.949 0.91387 0.16729
0.97201 54.84 97.251 42.296 64.944 0.87259 0.15894
0.97216 54.819 97.13 42.264 64.945 0.83511 0.15128
0.97247 54.797 97.12 42.165 64.952 0.80265 0.14468
0.97291 54.771 97.237 41.998 64.961 0.77619 0.13948
0.97349 54.742 97.484 41.765 64.97 0.75642 0.13592
0.9742 54.708 97.849 41.472 64.977 0.74358 0.13417
0.97505 54.67 98.304 41.125 64.979 0.73748 0.13428
0.97603 54.628 98.807 40.732 64.976 0.73744 0.13619
0.97713 54.583 99.306 40.306 64.965 0.74238 0.13975
0.97837 54.537 99.742 39.858 64.947 0.75084 0.14469
0.97971 54.491 100.06 39.404 64.922 0.7611 0.15066
0.98113 54.448 100.2 38.96 64.89 0.77132 0.15726
0.98258 54.41 100.14 38.541 64.854 0.77966 0.16406
0.98401 54.376 99.86 38.162 64.816 0.7844 0.1706
0.98534 54.35 99.368 37.836 64.779 0.78407 0.17649
0.98649 54.332 98.699 37.576 64.746 0.77753 0.18138
0.98735 54.322 97.908 37.388 64.72 0.76404 0.18499
0.98785 54.321 97.069 37.277 64.705 0.7433 0.18717
0.98791 54.329 96.264 37.243 64.701 0.71542 0.18786
0.98747 54.345 95.579 37.282 64.711 0.68093 0.18714
0.98651 54.368 95.088 37.387 64.735 0.64068 0.1852
0.98505 54.4 94.851 37.546 64.772 0.59582 0.1823
0.98311 54.438 94.905 37.746 64.82 0.54763 0.17881
0.9808 54.483 95.256 37.973 64.875 0.49752 0.17513
0.97823 54.533 95.884 38.209 64.935 0.44686 0.17169
0.97553 54.586 96.743 38.441 64.995 0.39697 0.16889
0.97286 54.642 97.766 38.655 65.05 0.34897 0.16711
0.97036 54.697 98.871 38.84 65.098 0.30382 0.16664
0.96817 54.75 99.975 38.987 65.135 0.2622 0.16769
0.96641 54.799 101 39.091 65.158 0.22457 0.17037
0.96515 54.84 101.87 39.152 65.166 0.19112 0.17465
0.96442 54.873 102.55 39.171 65.158 0.1618 0.18042
0.96423 54.896 103 39.153 65.135 0.13634 0.18745
0.96453 54.907 103.23 39.105 65.098 0.11433 0.19542
0.96525 54.908 103.24 39.037 65.049 0.095195 0.20397
0.96631 54.899 103.07 38.959 64.99 0.078302 0.21266
0.9676 54.882 102.75 38.881 64.924 0.062974 0.22105
0.96902 54.86 102.34 38.813 64.854 0.048545 0.22872
0.97049 54.836 101.87 38.764 64.782 0.034398 0.23528
0.97194 54.812 101.38 38.744 64.712 0.020002 0.2404
0.97331 54.794 100.9 38.757 64.645 0.0049346 0.24383
0.97458 54.783 100.45 38.81 64.585 -0.011098 0.2454
0.97572 54.782 100.03 38.904 64.535 -0.02825 0.24506
0.97675 54.794 99.651 39.041 64.495 -0.046536 0.24286
0.97766 54.819 99.295 39.219 64.466 -0.065834 0.23895
0.97844 54.857 98.956 39.437 64.451 -0.085904 0.23356
0.97908 54.907 98.626 39.69 64.448 -0.1064 0.227
0.97956 54.968 98.295 39.972 64.458 -0.12689 0.21967
0.97982 55.036 97.958 40.276 64.477 -0.14692 0.21198
0.97982 55.111 97.614 40.594 64.506 -0.16596 0.20436
0.97949 55.187 97.265 40.917 64.54 -0.18355 0.19725
0.97877 55.263 96.919 41.233 64.578 -0.19922 0.19105
0.97761 55.336 96.585 41.532 64.615 -0.21259 0.18609
0.97598 55.403 96.278 41.803 64.648 -0.2234 0.18267
0.97389 55.461 96.011 42.034 64.675 -0.23148 0.18095
0.9714 55.509 95.803 42.215 64.694 -0.23681 0.18105
0.9686 55.545 95.667 42.336 64.701 -0.23955 0.18293
0.96564 55.567 95.62 42.389 64.697 -0.24 0.18648
0.96268 55.575 95.671 42.369 64.682 -0.23862 0.1915
0.95994 55.567 95.827 42.272 64.657 -0.23602 0.19768
0.95762 55.542 96.088 42.099 64.623 -0.23294 0.20468
0.9559 55.501 96.445 41.853 64.583 -0.23016 0.2121
0.95492 55.442 96.885 41.54 64.541 -0.22853 0.21952
0.95479 55.367 97.385 41.171 64.5 -0.22885 0.22656
0.95553 55.276 97.918 40.758 64.464 -0.23182 0.23285
0.95708 55.172 98.451 40.315 64.435 -0.238 0.23808
0.95933 55.057 98.953 39.861 64.417 -0.2477 0.24204
0.96209 54.935 99.393 39.411 64.411 -0.26098 0.24461
0.96512 54.808 99.742 38.983 64.419 -0.27757 0.24576
0.96816 54.682 99.98 38.593 64.441 -0.29688 0.24555
0.97095 54.559 100.1 38.253 64.474 -0.31797 0.24415
0.97323 54.445 100.09 37.974 64.518 -0.33964 0.24182
0.97478 54.344 99.957 37.763 64.568 -0.36043 0.23885
0.97544 54.259 99.724 37.622 64.62 -0.37875 0.23558
0.97513 54.193 99.41 37.551 64.672 -0.39298 0.23236
0.97381 54.15 99.043 37.543 64.717 -0.40155 0.22952
0.97154 54.13 98.652 37.592 64.753 -0.40313 0.22738
0.96846 54.135 98.268 37.686 64.776 -0.39669 0.22615
0.96476 54.165 97.917 37.812 64.783 -0.38167 0.22601
0.96069 54.22 97.622 37.958 64.774 -0.35799 0.22705
0.95653 54.296 97.399 38.109 64.747 -0.32614 0.22926
0.95258 54.391 97.256 38.255 64.703 -0.2872 0.23256
0.94914 54.502 97.192 38.385 64.645 -0.24276 0.23679
0.94646 54.622 97.201 38.493 64.575 -0.19485 0.24174
0.94475 54.747 97.271 38.573 64.496 -0.14586 0.24717
0.94415 54.87 97.383 38.627 64.412 -0.098352 0.25279
0.94469 54.985 97.517 38.655 64.328 -0.054892 0.25834
0.94633 55.085 97.652 38.663 64.246 -0.017891 0.26358
0.94895 55.165 97.767 38.657 64.17 0.01058 0.26827
0.95236 55.22 97.845 38.646 64.103 0.028939 0.27226
0.95629 55.247 97.872 38.637 64.047 0.036218 0.27543
0.96049 55.243 97.841 38.639 64.002 0.032134 0.27774
0.96467 55.209 97.751 38.659 63.97 0.017125 0.27919
0.96858 55.147 97.608 38.702 63.949 -0.0076794 0.27983
0.97198 55.059 97.427 38.769 63.939 -0.040528 0.27976
0.97473 54.952 97.227 38.86 63.939 -0.07917 0.27913
0.9767 54.831 97.036 38.973 63.948 -0.12101 0.27807
0.97786 54.704 96.881 39.103 63.964 -0.16329 0.27676
0.97822 54.579 96.79 39.242 63.986 -0.20327 0.27534
0.97786 54.462 96.788 39.382 64.012 -0.23844 0.27395
0.9769 54.361 96.893 39.514 64.04 -0.26666 0.2727
0.97549 54.279 97.115 39.631 64.07 -0.2863 0.27169
0.97379 54.222 97.451 39.726 64.1 -0.29635 0.27097
0.97198 54.19 97.891 39.793 64.128 -0.29649 0.27056
0.97023 54.184 98.416 39.829 64.153 -0.28703 0.27046
0.96869 54.202 99.001 39.836 64.174 -0.2689 0.27066
0.96747 54.242 99.615 39.814 64.188 -0.24355 0.27109
0.96667 54.298 100.23 39.77 64.196 -0.21285 0.27171
0.96633 54.365 100.82 39.711 64.195 -0.17887 0.27246
0.96648 54.437 101.36 39.645 64.186 -0.14378 0.27328
0.96709 54.509 101.83 39.582 64.167 -0.10964 0.2741
0.96812 54.576 102.22 39.531 64.138 -0.078295 0.27487
0.96949 54.631 102.53 39.5 64.1 -0.051182 0.27556
0.97111 54.673 102.76 39.496 64.053 -0.029289 0.27613
0.97289 54.699 102.91 39.523 63.997 -0.013073 0.27656
0.97473 54.708 102.99 39.584 63.934 -0.0024505 0.27684
0.97653 54.701 102.99 39.678 63.865 0.0031763 0.27696
0.97823 54.681 102.92 39.8 63.792 0.0048529 0.27693
0.97976 54.65 102.8 39.946 63.715 0.0039718 0.27674
0.98106 54.614 102.62 40.107 63.638 0.0021485 0.27641
0.98213 54.578 102.39 40.273 63.561 0.0010802 0.27595
0.98292 54.547 102.11 40.435 63.488 0.0024017 0.27537
0.98344 54.526 101.79 40.583 63.421 0.0075462 0.27468
0.98368 54.519 101.43 40.708 63.361 0.017625 0.27391
0.98365 54.528 101.06 40.801 63.312 0.03333 0.27308
0.98335 54.555 100.68 40.859 63.275 0.054876 0.27222
0.9828 54.599 100.3 40.877 63.251 0.081971 0.27137
0.982 54.658 99.957 40.855 63.241 0.11384 0.27056
0.98098 54.729 99.65 40.796 63.246 0.14928 0.26983
0.97976 54.807 99.399 40.704 63.265 0.18673 0.26924
0.97839 54.887 99.212 40.587 63.297 0.22444 0.2688
0.97691 54.963 99.096 40.454 63.342 0.26055 0.26856
0.9754 55.032 99.047 40.315 63.397 0.29329 0.26853
0.9739 55.089 99.057 40.183 63.463 0.32109 0.26872
0.97251 55.132 99.109 40.069 63.535 0.34272 0.26911
0.9713 55.159 99.182 39.983 63.615 0.35741 0.26966
0.97033 55.171 99.25 39.937 63.699 0.36488 0.27031
0.96965 55.17 99.287 39.938 63.786 0.36544 0.271
0.96931 55.158 99.267 39.994 63.875 0.35989 0.27162
0.96932 55.138 99.172 40.107 63.966 0.34952 0.27209
0.96965 55.113 98.99 40.28 64.056 0.336 0.2723
0.97027 55.086 98.722 40.511 64.144 0.32122 0.27216
0.97111 55.06 98.378 40.796 64.228 0.30719 0.2716
0.97207 55.036 97.98 41.128 64.307 0.29584 0.27057
0.97306 55.014 97.559 41.497 64.379 0.28885 0.26903
0.97399 54.995 97.153 41.893 64.443 0.28753 0.26701
0.97475 54.976 96.802 42.303 64.496 0.2927 0.26455
0.97529 54.956 96.544 42.713 64.537 0.30461 0.26172
0.97555 54.932 96.412 43.109 64.565 0.3229 0.25863
0.97554 54.902 96.428 43.479 64.58 0.34662 0.25541
0.97527 54.863 96.6 43.809 64.582 0.37429 0.25219
0.9748 54.814 96.923 44.088 64.572 0.40401 0.24912
0.97419 54.752 97.375 44.308 64.55 0.43359 0.24633
0.97353 54.679 97.921 44.462 64.517 0.46075 0.24393
0.9729 54.595 98.517 44.547 64.476 0.48323 0.24202
0.97236 54.503 99.11 44.562 64.428 0.49904 0.24065
0.97198 54.404 99.648 44.51 64.376 0.5066 0.23985
0.97178 54.304 100.08 44.396 64.322 0.50483 0.23962
0.97176 54.205 100.36 44.23 64.268 0.49331 0.23993
0.97189 54.114 100.46 44.02 64.216 0.47229 0.24071
0.97215 54.034 100.36 43.779 64.169 0.44269 0.2419
0.97248 53.969 100.05 43.52 64.127 0.40606 0.24341
0.97285 53.922 99.559 43.256 64.094 0.36446 0.24517
0.97321 53.896 98.898 43 64.068 0.32035 0.24708
0.97353 53.891 98.107 42.762 64.052 0.27636 0.2491
0.97381 53.907 97.227 42.553 64.045 0.23516 0.25118
0.97404 53.942 96.306 42.379 64.047 0.19922 0.25327
0.97425 53.991 95.392 42.245 64.058 0.17063 0.25537
0.97444 54.053 94.531 42.152 64.076 0.15093 0.25744
0.97464 54.121 93.765 42.099 64.1 0.14101 0.25949
0.97488 54.191 93.129 42.081 64.131 0.14101 0.26151
0.97515 54.257 92.651 42.093 64.166 0.15028 0.26346
0.97546 54.316 92.35 42.125 64.205 0.16746 0.26531
0.97578 54.364 92.238 42.168 64.248 0.19052 0.26701
0.97608 54.397 92.312 42.214 64.293 0.2169 0.26849
0.97633 54.415 92.564 42.252 64.34 0.24373 0.26968
0.97646 54.417 92.972 42.274 64.388 0.26797 0.27049
0.97641 54.403 93.507 42.274 64.436 0.28668 0.27085
0.97614 54.377 94.132 42.247 64.483 0.29719 0.27067
0.97558 54.34 94.804 42.192 64.528 0.29732 0.26993
0.9747 54.296 95.478 42.108 64.571 0.28552 0.2686
0.97347 54.249 96.112 42 64.609 0.26098 0.26671
0.97191 54.203 96.668 41.872 64.643 0.22368 0.26434
0.97003 54.16 97.118 41.733 64.673 0.17442 0.2616
0.9679 54.124 97.447 41.589 64.697 0.11472 0.25864
0.9656 54.097 97.652 41.451 64.716 0.046737 0.25564
0.96325 54.079 97.744 41.326 64.729 -0.026868 0.25281
0.96099 54.07 97.746 41.224 64.737 -0.10314 0.25035
0.95895 54.069 97.69 41.152 64.74 -0.179 0.24845
0.95728 54.075 97.613 41.114 64.737 -0.25143 0.24727
0.95611 54.086 97.552 41.113 64.73 -0.31764 0.24693
0.95553 54.101 97.539 41.151 64.716 -0.37521 0.24748
0.9556 54.12 97.6 41.226 64.698 -0.4222 0.24892
0.95634 54.142 97.745 41.336 64.674 -0.45722 0.25117
0.95773 54.168 97.976 41.474 64.645 -0.47939 0.25407
0.95968 54.202 98.275 41.633 64.612 -0.4884 0.25742
0.9621 54.245 98.615 41.807 64.574 -0.48438 0.26097
0.96486 54.3 98.958 41.985 64.534 -0.46786 0.26443
0.96781 54.37 99.256 42.16 64.491 -0.43965 0.26751
0.97082 54.455 99.46 42.32 64.446 -0.40079 0.26991
0.97376 54.554 99.524 42.458 64.401 -0.35242 0.27137
0.9765 54.662 99.408 42.565 64.357 -0.29574 0.27166
0.97897 54.771 99.084 42.631 64.315 -0.23196 0.27062
0.98108 54.87 98.539 42.651 64.275 -0.16227 0.26814
0.98281 54.942 97.779 42.616 64.237 -0.087868 0.26418
0.98414 54.971 96.827 42.522 64.203 -0.0099404 0.25879
0.98508 54.935 95.727 42.363 64.173 0.070277 0.25204
0.98565 54.815 94.532 42.136 64.146 0.15149 0.24411
0.98588 54.592 93.307 41.838 64.122 0.23231 0.23519
0.98584 54.249 92.121 41.467 64.102 0.31126 0.2255
0.98557 53.775 91.038 41.025 64.085 0.38679 0.21529
0.98514 53.165 90.112 40.512 64.072 0.45729 0.20481
0.98459 52.42 89.383 39.933 64.061 0.52116 0.1943
0.98398 51.552 88.872 39.292 64.055 0.57687 0.18399
0.98337 50.576 88.58 38.597 64.052 0.62305 0.17409
0.9828 49.518 88.489 37.856 64.054 0.65858 0.16476
0.98229 48.407 88.564 37.079 64.061 0.68263 0.15614
0.98188 47.275 88.76 36.278 64.075 0.69477 0.14834
0.98158 46.156 89.028 35.463 64.097 0.69498 0.14144
0.98138 45.082 89.319 34.646 64.126 0.68366 0.13546
0.98127 44.081 89.595 33.84 64.165 0.66163 0.13042
0.98121 43.177 89.827 33.055 64.214 0.63009 0.12631
0.98117 42.387 90.004 32.301 64.272 0.59052 0.12309
0.98108 41.72 90.128 31.586 64.341 0.54461 0.12069
0.98091 41.178 90.215 30.917 64.417 0.49417 0.11903
0.98059 40.757 90.29 30.297 64.501 0.44099 0.11803
0.98007 40.446 90.379 29.732 64.588 0.3868 0.11759
0.97934 40.232 90.51 29.221 64.677 0.3331 0.11757
0.97839 40.097 90.701 28.767 64.763 0.28117 0.11789
0.97721 40.022 90.961 28.367 64.841 0.232 0.11842
0.97587 39.989 91.289 28.021 64.909 0.18624 0.11905
0.97441 39.982 91.671 27.728 64.961 0.14425 0.1197
0.97292 39.983 92.086 27.486 64.995 0.10612 0.12028
0.97149 39.984 92.505 27.293 65.007 0.071685 0.12075
0.97022 39.974 92.9 27.15 64.996 0.040617 0.12106
0.9692 39.949 93.245 27.054 64.961 0.012479 0.12122
0.96851 39.907 93.523 27.004 64.905 -0.013209 0.12124
0.96822 39.85 93.723 26.998 64.83 -0.036905 0.12118
0.96836 39.781 93.849 27.034 64.739 -0.058995 0.12109
0.96892 39.705 93.913 27.108 64.637 -0.079746 0.12107
0.96987 39.628 93.94 27.216 64.529 -0.09928 0.1212
0.97116 39.556 93.961 27.351 64.422 -0.11756 0.12156
0.9727 39.495 94.01 27.507 64.32 -0.1344 0.12224
0.97436 39.449 94.12 27.674 64.229 -0.14947 0.1233
0.97606 39.422 94.321 27.844 64.154 -0.16231 0.12476
0.97766 39.417 94.63 28.007 64.097 -0.17242 0.12663
0.97906 39.433 95.054 28.153 64.062 -0.17925 0.12888
0.98019 39.469 95.585 28.274 64.05 -0.1823 0.13144
0.98098 39.524 96.2 28.361 64.061 -0.18112 0.1342
0.9814 39.594 96.864 28.409 64.092 -0.17542 0.13703
0.98146 39.675 97.53 28.415 64.144 -0.1651 0.13977
0.98117 39.762 98.148 28.377 64.212 -0.15024 0.14228
0.98059 39.85 98.667 28.297 64.292 -0.13121 0.14438
0.97979 39.935 99.043 28.18 64.383 -0.10861 0.14591
0.97885 40.011 99.243 28.031 64.479 -0.083306 0.14676
0.97785 40.076 99.248 27.859 64.577 -0.056365 0.14684
0.97687 40.126 99.059 27.675 64.673 -0.029043 0.14607
0.97598 40.161 98.692 27.489 64.764 -0.0027084 0.14446
0.97526 40.179 98.176 27.312 64.846 0.021238 0.14205
0.97473 40.181 97.556 27.155 64.917 0.041446 0.13892
0.97442 40.171 96.879 27.028 64.973 0.056699 0.13521
0.97435 40.149 96.193 26.939 65.014 0.06601 0.13107
0.9745 40.121 95.542 26.894 65.038 0.068682 0.1267
0.97485 40.09 94.962 26.898 65.044 0.064372 0.1223
0.97537 40.06 94.478 26.952 65.033 0.05312 0.11808
0.97601 40.036 94.101 27.055 65.007 0.035353 0.11424
0.97674 40.021 93.834 27.205 64.967 0.011862 0.11096
0.9775 40.017 93.672 27.397 64.917 -0.016249 0.1084
0.97823 40.027 93.601 27.624 64.859 -0.047638 0.10666
0.9789 40.05 93.608 27.877 64.796 -0.080822 0.10584
0.97946 40.087 93.679 28.146 64.732 -0.11428 0.10595
0.97986 40.136 93.8 28.422 64.67 -0.14656 0.10699
0.98007 40.194 93.963 28.694 64.611 -0.17639 0.10891
0.98008 40.258 94.162 28.951 64.556 -0.20274 0.11163
0.97985 40.326 94.393 29.182 64.507 -0.22491 0.11505
0.9794 40.392 94.652 29.379 64.462 -0.24258 0.11901
0.97873 40.453 94.931 29.534 64.421 -0.25577 0.12338
0.97787 40.507 95.22 29.641 64.383 -0.26488 0.12802
0.97686 40.549 95.501 29.696 64.345 -0.2706 0.13276
0.97574 40.578 95.751 29.697 64.307 -0.27384 0.13747
0.97458 40.594 95.94 29.646 64.268 -0.27568 0.14204
0.97343 40.597 96.036 29.545 64.227 -0.27724 0.14637
0.97236 40.588 96.003 29.4 64.185 -0.27961 0.15038
0.97139 40.571 95.812 29.22 64.142 -0.28373 0.15403
0.97058 40.548 95.44 29.014 64.1 -0.29037 0.1573
0.96992 40.524 94.876 28.794 64.06 -0.30003 0.1602
0.96943 40.502 94.123 28.572 64.025 -0.31291 0.16276
0.96907 40.489 93.199 28.36 63.995 -0.32894 0.16503
0.96883 40.486 92.14 28.171 63.974 -0.34777 0.16706
0.96865 40.497 90.993 28.017 63.962 -0.36879 0.16892
0.9685 40.524 89.817 27.906 63.96 -0.3912 0.17068
0.96834 40.568 88.676 27.846 63.971 -0.41409 0.17238
0.96814 40.627 87.635 27.843 63.994 -0.43646 0.17409
0.96789 40.701 86.756 27.898 64.03 -0.45734 0.17581
0.9676 40.786 86.089 28.01 64.078 -0.47581 0.17756
0.96729 40.879 85.673 28.177 64.138 -0.49109 0.17931
0.96699 40.975 85.532 28.391 64.209 -0.50258 0.18104
0.96674 41.072 85.672 28.644 64.289 -0.50988 0.18268
0.96662 41.165 86.085 28.927 64.378 -0.51281 0.18417
0.96666 41.25 86.746 29.228 64.473 -0.51142 0.18543
0.96693 41.327 87.616 29.534 64.572 -0.50599 0.18637
0.96745 41.392 88.648 29.836 64.673 -0.49699 0.18694
0.96824 41.447 89.789 30.122 64.772 -0.48506 0.18707
0.96931 41.489 90.983 30.382 64.868 -0.47097 0.18672
0.97061 41.521 92.173 30.609 64.958 -0.45558 0.18588
0.97209 41.543 93.309 30.796 65.041 -0.43981 0.18455
0.97369 41.556 94.349 30.941 65.115 -0.42457 0.18278
0.9753 41.56 95.257 31.042 65.18 -0.41073 0.18061
0.97684 41.557 96.011 31.098 65.236 -0.39909 0.17813
0.97821 41.547 96.597 31.114 65.283 -0.39033 0.17544
0.97935 41.53 97.012 31.093 65.322 -0.38498 0.17264
0.98017 41.507 97.261 31.04 65.354 -0.38342 0.16984
0.98064 41.477 97.355 30.962 65.38 -0.38582 0.16713
0.98074 41.44 97.31 30.866 65.402 -0.39219 0.16463
0.98048 41.398 97.147 30.759 65.418 -0.40231 0.1624
0.9799 41.349 96.885 30.65 65.431 -0.4158 0.16052
0.97905 41.295 96.545 30.545 65.439 -0.43209 0.15904
0.97801 41.237 96.148 30.451 65.443 -0.45044 0.15799
0.97687 41.177 95.712 30.374 65.44 -0.47001 0.15739
0.97573 41.117 95.257 30.321 65.431 -0.48985 0.15726
0.97469 41.059 94.8 30.294 65.415 -0.50898 0.1576
0.97383 41.007 94.358 30.299 65.392 -0.52642 0.1584
0.97322 40.965 93.948 30.337 65.362 -0.54124 0.15965
0.97292 40.936 93.582 30.409 65.326 -0.55265 0.16133
0.97295 40.924 93.273 30.515 65.288 -0.56 0.16343
0.9733 40.932 93.032 30.654 65.25 -0.56285 0.16591
0.97394 40.964 92.866 30.822 65.214 -0.56102 0.16873
0.97483 41.021 92.782 31.015 65.184 -0.55458 0.17182
0.97588 41.104 92.786 31.228 65.163 -0.54392 0.17511
0.97703 41.212 92.88 31.454 65.152 -0.52967 0.17849
0.97819 41.342 93.07 31.686 65.153 -0.5127 0.18184
0.97929 41.492 93.356 31.914 65.165 -0.49411 0.18502
0.98025 41.654 93.738 32.132 65.186 -0.47511 0.18787
0.98104 41.821 94.212 32.332 65.213 -0.45699 0.19024
0.98161 41.987 94.767 32.505 65.242 -0.44103 0.19196
0.98196 42.143 95.385 32.647 65.27 -0.42837 0.19291
0.98209 42.281 96.04 32.751 65.291 -0.42 0.19297
0.98202 42.393 96.695 32.816 65.302 -0.41663 0.1921
0.98178 42.475 97.311 32.84 65.299 -0.41866 0.19029
0.98141 42.522 97.839 32.824 65.28 -0.42611 0.18758
0.98095 42.531 98.236 32.769 65.244 -0.43867 0.1841
0.98045 42.503 98.459 32.68 65.192 -0.45565 0.18002
0.97994 42.439 98.476 32.563 65.127 -0.47605 0.17556
0.97947 42.344 98.272 32.422 65.053 -0.49866 0.171
0.97906 42.22 97.843 32.266 64.973 -0.52207 0.16662
0.97872 42.075 97.207 32.099 64.893 -0.54485 0.1627
0.97848 41.913 96.398 31.927 64.818 -0.56563 0.15951
0.97834 41.74 95.464 31.756 64.754 -0.5832 0.15728
0.97829 41.562 94.463 31.588 64.703 -0.59665 0.15617
0.97833 41.384 93.46 31.427 64.67 -0.60542 0.15629
0.97844 41.209 92.52 31.274 64.657 -0.60936 0.15764
0.97863 41.04 91.701 31.127 64.663 -0.60881 0.16017
0.97886 40.882 91.055 30.987 64.688 -0.60451 0.16374
0.97912 40.736 90.616 30.851 64.73 -0.59765 0.16814
0.97939 40.604 90.409 30.718 64.786 -0.58973 0.17313
0.97964 40.49 90.438 30.585 64.853 -0.58247 0.17845
0.97985 40.395 90.695 30.452 64.926 -0.57773 0.18381
0.97999 40.323 91.157 30.318 65.002 -0.57732 0.18896
0.98005 40.274 91.788 30.184 65.077 -0.58286 0.1937
0.98001 40.252 92.543 30.053 65.15 -0.59571 0.19787
0.97986 40.257 93.373 29.927 65.217 -0.61678 0.20138
0.97961 40.29 94.223 29.812 65.279 -0.64651 0.2042
0.97926 40.35 95.04 29.713 65.335 -0.68478 0.20637
0.97885 40.435 95.775 29.637 65.385 -0.7309 0.20798
0.9784 40.543 96.386 29.59 65.429 -0.78368 0.20916
0.97795 40.669 96.842 29.58 65.468 -0.84146 0.21005
0.97756 40.809 97.123 29.612 65.502 -0.90222 0.21079
0.97728 40.959 97.221 29.691 65.532 -0.9637 0.21149
0.97713 41.113 97.145 29.821 65.557 -1.0236 0.21221
0.97717 41.266 96.914 30.003 65.577 -1.0795 0.21299
0.9774 41.416 96.559 30.237 65.591 -1.1294 0.21377
0.97784 41.56 96.121 30.518 65.599 -1.1715 0.21446
0.97846 41.695 95.646 30.841 65.6 -1.2044 0.21492
0.97924 41.823 95.179 31.197 65.595 -1.2272 0.21498
0.98011 41.942 94.768 31.577 65.582 -1.2395 0.21446
0.98101 42.054 94.45 31.968 65.564 -1.2414 0.21318
0.98188 42.159 94.256 32.358 65.54 -1.2336 0.21101
0.98263 42.259 94.203 32.731 65.513 -1.217 0.20789
0.98319 42.353 94.297 33.076 65.484 -1.1931 0.20382
0.98351 42.439 94.528 33.379 65.455 -1.1635 0.19888
0.98353 42.515 94.872 33.628 65.428 -1.13 0.19325
0.98322 42.579 95.294 33.815 65.405 -1.0945 0.18718
0.98256 42.624 95.751 33.931 65.386 -1.0588 0.18101
0.98156 42.648 96.197 33.972 65.372 -1.0245 0.17509
0.98025 42.644 96.583 33.938 65.364 -0.99316 0.16981
0.97868 42.609 96.87 33.83 65.361 -0.96606 0.16554
0.9769 42.541 97.026 33.652 65.364 -0.94411 0.1626
0.975 42.438 97.033 33.411 65.371 -0.92789 0.16124
0.97305 42.302 96.888 33.117 65.383 -0.91766 0.16162
0.97115 42.138 96.604 32.782 65.398 -0.9133 0.16378
0.96938 41.952 96.204 32.417 65.416 -0.91435 0.16765
0.96783 41.751 95.725 32.037 65.437 -0.92003 0.17303
0.96657 41.546 95.205 31.654 65.458 -0.92929 0.17966
0.96565 41.346 94.683 31.284 65.481 -0.94083 0.18714
0.9651 41.163 94.193 30.938 65.503 -0.95323 0.19507
0.96493 41.006 93.76 30.627 65.523 -0.96495 0.203
0.96511 40.884 93.396 30.363 65.541 -0.9745 0.21051
0.96562 40.802 93.102 30.153 65.555 -0.98048 0.21722
0.96639 40.764 92.866 30.003 65.565 -0.98168 0.2228
0.96735 40.774 92.669 29.917 65.569 -0.97723 0.22704
0.96842 40.83 92.49 29.896 65.567 -0.9666 0.22982
0.96955 40.93 92.304 29.94 65.56 -0.94972 0.23112
0.97065 41.071 92.095 30.045 65.546 -0.927 0.23102
0.97168 41.246 91.851 30.206 65.528 -0.89933 0.22968
0.97261 41.45 91.569 30.416 65.504 -0.86804 0.22733
0.97342 41.675 91.259 30.666 65.478 -0.83486 0.22423
0.97409 41.914 90.934 30.947 65.448 -0.80181 0.22064
0.97465 42.158 90.617 31.246 65.417 -0.77104 0.21681
0.9751 42.399 90.333 31.555 65.385 -0.74473 0.21295
0.97546 42.629 90.109 31.861 65.354 -0.72489 0.20921
0.97575 42.841 89.967 32.156 65.325 -0.71318 0.20567
0.97599 43.028 89.928 32.43 65.298 -0.71083 0.20235
0.97616 43.183 90.004 32.677 65.276 -0.71843 0.1992
0.97629 43.304 90.202 32.891 65.258 -0.73593 0.19612
0.97637 43.386 90.52 33.071 65.247 -0.76254 0.19298
0.97639 43.429 90.947 33.217 65.242 -0.79676 0.18964
0.97635 43.435 91.465 33.329 65.246 -0.83648 0.18597
0.97624 43.407 92.052 33.412 65.257 -0.87908 0.18186
0.97607 43.35 92.679 33.472 65.275 -0.92162 0.17728
0.97584 43.27 93.315 33.515 65.3 -0.96103 0.17223
0.97558 43.175 93.933 33.549 65.331 -0.99432 0.16679
0.9753 43.072 94.507 33.58 65.366 -1.0189 0.1611
0.97503 42.97 95.019 33.616 65.403 -1.0325 0.15538
0.97481 42.873 95.458 33.66 65.439 -1.034 0.14985
0.97467 42.787 95.822 33.717 65.474 -1.0227 0.14481
0.97464 42.715 96.119 33.788 65.504 -0.99913 0.1405
0.97474 42.656 96.363 33.87 65.527 -0.96457 0.13721
0.97497 42.61 96.573 33.96 65.544 -0.92127 0.13514
0.97534 42.573 96.77 34.053 65.551 -0.87218 0.13446
0.97582 42.541 96.974 34.141 65.55 -0.82076 0.13526
0.9764 42.511 97.199 34.215 65.54 -0.77077 0.13755
0.97703 42.476 97.455 34.267 65.522 -0.72593 0.14127
0.97767 42.433 97.743 34.288 65.497 -0.68966 0.14626
0.9783 42.38 98.058 34.27 65.468 -0.6648 0.15231
0.97888 42.314 98.386 34.208 65.437 -0.65334 0.15913
0.9794 42.236 98.708 34.098 65.405 -0.65625 0.16642
0.97984 42.146 99.001 33.94 65.376 -0.67336 0.17381
0.98021 42.046 99.24 33.737 65.35 -0.70328 0.18097
0.98051 41.939 99.4 33.493 65.329 -0.74353 0.18754
0.98078 41.827 99.459 33.217 65.313 -0.7906 0.19323
0.98102 41.715 99.401 32.919 65.303 -0.84023 0.19775
0.98124 41.603 99.213 32.61 65.298 -0.88769 0.2009
0.98148 41.493 98.891 32.304 65.296 -0.92808 0.20253
0.98173 41.387 98.439 32.012 65.296 -0.95673 0.20255
0.98198 41.283 97.868 31.746 65.295 -0.96951 0.20094
0.98224 41.182 97.196 31.515 65.291 -0.96318 0.19777
0.98249 41.083 96.447 31.328 65.282 -0.93559 0.19314
0.98271 40.982 95.648 31.187 65.266 -0.88594 0.18722
0.98287 40.88 94.831 31.097 65.241 -0.81476 0.18024
0.98297 40.775 94.022 31.054 65.206 -0.72397 0.17243
0.98299 40.667 93.249 31.054 65.162 -0.61668 0.16407
0.98292 40.556 92.532 31.093 65.109 -0.49702 0.15545
0.98278 40.443 91.887 31.161 65.05 -0.36979 0.14683
0.98256 40.331 91.322 31.249 64.986 -0.24014 0.1385
0.9823 40.222 90.841 31.35 64.921 -0.11314 0.13067
