//co2 data for study 14
steady: none
chosen_param: SaO2sup, Pa_CO2, P_a, Vmca_d, TOI_d, HbT_d, CCO_d
time_step: 1.0
******
0.98495 41.585 82.694 35.649 69.57 -1.8957 -0.47001
0.98475 41.629 82.88 35.888 69.623 -1.9857 -0.45138
0.98443 41.665 83.137 36.158 69.666 -2.0682 -0.43678
0.98399 41.694 83.455 36.444 69.697 -2.1411 -0.42636
0.98344 41.715 83.819 36.736 69.715 -2.2029 -0.42001
0.98281 41.731 84.212 37.022 69.72 -2.2527 -0.41748
0.98212 41.742 84.613 37.297 69.714 -2.2902 -0.41838
0.98141 41.749 85.004 37.555 69.697 -2.3156 -0.42228
0.98071 41.754 85.368 37.795 69.673 -2.329 -0.42876
0.98007 41.756 85.692 38.017 69.643 -2.3312 -0.43743
0.97952 41.758 85.966 38.223 69.611 -2.3225 -0.44803
0.97908 41.76 86.189 38.416 69.579 -2.3034 -0.46037
0.97878 41.763 86.362 38.599 69.549 -2.2746 -0.47436
0.97863 41.768 86.491 38.775 69.523 -2.2365 -0.49001
0.97861 41.775 86.589 38.946 69.501 -2.1897 -0.50733
0.97872 41.786 86.667 39.114 69.483 -2.1348 -0.52636
0.97894 41.799 86.741 39.277 69.468 -2.0727 -0.54708
0.97924 41.816 86.827 39.435 69.455 -2.0048 -0.56937
0.97958 41.835 86.938 39.583 69.442 -1.9324 -0.59302
0.97995 41.856 87.089 39.718 69.427 -1.8577 -0.61766
0.98032 41.878 87.287 39.835 69.407 -1.783 -0.64278
0.98066 41.901 87.538 39.929 69.382 -1.7109 -0.66778
0.98096 41.922 87.841 39.997 69.351 -1.6442 -0.69194
0.98121 41.942 88.188 40.035 69.315 -1.586 -0.71453
0.98141 41.959 88.567 40.042 69.273 -1.5389 -0.73481
0.98156 41.973 88.959 40.017 69.229 -1.5055 -0.75211
0.98167 41.983 89.341 39.964 69.185 -1.4877 -0.76588
0.98175 41.989 89.688 39.885 69.143 -1.4871 -0.77571
0.9818 41.991 89.972 39.788 69.107 -1.504 -0.78141
0.98183 41.989 90.169 39.677 69.079 -1.5385 -0.78298
0.98185 41.984 90.258 39.561 69.061 -1.5893 -0.78063
0.98186 41.974 90.226 39.448 69.055 -1.6547 -0.77478
0.98187 41.962 90.067 39.345 69.06 -1.7323 -0.76603
0.98188 41.947 89.786 39.257 69.077 -1.8191 -0.75509
0.98188 41.929 89.396 39.189 69.104 -1.9121 -0.74278
0.98187 41.909 88.92 39.144 69.139 -2.0081 -0.72995
0.98186 41.888 88.387 39.123 69.181 -2.1044 -0.71744
0.98185 41.865 87.83 39.123 69.227 -2.1987 -0.70602
0.98184 41.842 87.285 39.142 69.276 -2.2894 -0.69636
0.98183 41.818 86.784 39.175 69.325 -2.376 -0.68895
0.98182 41.795 86.353 39.215 69.373 -2.4588 -0.68415
0.98183 41.774 86.011 39.258 69.419 -2.5389 -0.68209
0.98184 41.756 85.77 39.297 69.462 -2.6184 -0.68272
0.98185 41.743 85.627 39.327 69.501 -2.7 -0.68581
0.98187 41.737 85.573 39.344 69.536 -2.7866 -0.69093
0.98188 41.738 85.592 39.346 69.567 -2.8814 -0.69755
0.9819 41.75 85.658 39.332 69.593 -2.987 -0.705
0.98192 41.773 85.745 39.303 69.615 -3.1056 -0.71258
0.98193 41.808 85.828 39.262 69.633 -3.2382 -0.71957
0.98195 41.856 85.884 39.213 69.646 -3.3847 -0.72529
0.98198 41.918 85.895 39.16 69.654 -3.5437 -0.72913
0.98203 41.993 85.853 39.107 69.658 -3.7121 -0.73065
0.9821 42.079 85.76 39.06 69.658 -3.8858 -0.72951
0.98219 42.175 85.625 39.022 69.655 -4.0592 -0.7256
0.98232 42.278 85.466 38.995 69.648 -4.2259 -0.71896
0.98249 42.385 85.307 38.981 69.639 -4.3791 -0.70983
0.9827 42.493 85.174 38.979 69.63 -4.5118 -0.69861
0.98294 42.599 85.093 38.988 69.621 -4.6176 -0.68584
0.9832 42.698 85.088 39.003 69.615 -4.6909 -0.67213
0.98349 42.788 85.175 39.022 69.613 -4.7276 -0.65815
0.98378 42.865 85.361 39.039 69.615 -4.725 -0.64457
0.98407 42.928 85.647 39.049 69.623 -4.6825 -0.632
0.98435 42.972 86.022 39.047 69.635 -4.6016 -0.62094
0.9846 42.998 86.469 39.029 69.652 -4.4856 -0.61178
0.98481 43.003 86.964 38.992 69.67 -4.3394 -0.60474
0.98498 42.987 87.477 38.933 69.688 -4.1697 -0.59989
0.9851 42.947 87.98 38.85 69.702 -3.9838 -0.59714
0.98515 42.885 88.444 38.745 69.711 -3.7898 -0.59627
0.98514 42.799 88.846 38.617 69.712 -3.5955 -0.59696
0.98507 42.69 89.168 38.469 69.703 -3.4084 -0.59879
0.98494 42.557 89.399 38.303 69.684 -3.2348 -0.60135
0.98474 42.402 89.54 38.122 69.655 -3.08 -0.60424
0.98449 42.225 89.598 37.928 69.618 -2.9475 -0.6071
0.9842 42.029 89.587 37.725 69.577 -2.8391 -0.60967
0.98387 41.817 89.531 37.514 69.534 -2.7553 -0.6118
0.98352 41.593 89.455 37.297 69.495 -2.6947 -0.61345
0.98316 41.364 89.388 37.076 69.462 -2.655 -0.61469
0.98282 41.135 89.357 36.852 69.44 -2.6328 -0.61569
0.9825 40.917 89.387 36.627 69.432 -2.6243 -0.6167
0.98224 40.717 89.498 36.401 69.439 -2.6253 -0.61801
0.98205 40.547 89.703 36.176 69.462 -2.632 -0.61992
0.98193 40.416 90.004 35.954 69.501 -2.6409 -0.62271
0.98191 40.334 90.397 35.739 69.555 -2.6491 -0.62659
0.98198 40.309 90.865 35.533 69.622 -2.6543 -0.63172
0.98215 40.348 91.385 35.342 69.699 -2.6551 -0.63815
0.9824 40.455 91.924 35.171 69.783 -2.6507 -0.64584
0.98271 40.63 92.446 35.025 69.869 -2.6409 -0.65464
0.98308 40.871 92.913 34.912 69.957 -2.6258 -0.66433
0.98348 41.17 93.289 34.838 70.041 -2.6059 -0.6746
0.98388 41.516 93.544 34.808 70.119 -2.5817 -0.68508
0.98426 41.897 93.656 34.829 70.189 -2.5536 -0.69539
0.9846 42.296 93.616 34.902 70.249 -2.5219 -0.70513
0.98487 42.695 93.424 35.03 70.298 -2.487 -0.71387
0.98508 43.076 93.092 35.213 70.336 -2.4491 -0.72126
0.9852 43.422 92.645 35.448 70.364 -2.4082 -0.72693
0.98525 43.717 92.114 35.728 70.382 -2.3648 -0.73058
0.98521 43.949 91.533 36.047 70.392 -2.3193 -0.73194
0.98511 44.111 90.94 36.394 70.396 -2.2726 -0.73081
0.98496 44.199 90.369 36.757 70.394 -2.2259 -0.72705
0.98477 44.215 89.85 37.124 70.39 -2.181 -0.72056
0.98456 44.163 89.407 37.481 70.384 -2.1399 -0.71135
0.98435 44.055 89.053 37.815 70.378 -2.1049 -0.69948
0.98417 43.903 88.794 38.116 70.371 -2.0787 -0.68511
0.98401 43.722 88.627 38.373 70.364 -2.0636 -0.66853
0.9839 43.531 88.543 38.58 70.357 -2.0617 -0.65009
0.98385 43.347 88.524 38.733 70.349 -2.0749 -0.6303
0.98385 43.187 88.552 38.833 70.339 -2.1039 -0.60976
0.98392 43.066 88.606 38.883 70.328 -2.1488 -0.58916
0.98404 42.998 88.663 38.891 70.314 -2.2087 -0.5693
0.98421 42.994 88.706 38.867 70.299 -2.2818 -0.55102
0.98443 43.061 88.722 38.825 70.282 -2.365 -0.53516
0.98468 43.204 88.702 38.778 70.265 -2.4549 -0.52256
0.98495 43.424 88.644 38.742 70.249 -2.5473 -0.51393
0.98523 43.719 88.554 38.732 70.235 -2.6377 -0.50987
0.98551 44.085 88.443 38.759 70.224 -2.7218 -0.5108
0.98577 44.516 88.329 38.835 70.217 -2.7956 -0.51686
0.98599 45.004 88.233 38.967 70.216 -2.8558 -0.52798
0.98618 45.54 88.177 39.157 70.22 -2.8999 -0.54376
0.98631 46.114 88.182 39.405 70.23 -2.9267 -0.56356
0.9864 46.716 88.266 39.705 70.247 -2.936 -0.58646
0.98643 47.334 88.44 40.048 70.27 -2.9289 -0.61133
0.98641 47.957 88.706 40.422 70.302 -2.9073 -0.63691
0.98634 48.576 89.057 40.813 70.341 -2.8742 -0.66184
0.98625 49.18 89.475 41.204 70.389 -2.833 -0.6848
0.98613 49.76 89.938 41.581 70.445 -2.7874 -0.70452
0.986 50.305 90.413 41.928 70.509 -2.7413 -0.71996
0.98587 50.809 90.87 42.235 70.581 -2.698 -0.73027
0.98575 51.265 91.276 42.493 70.658 -2.6604 -0.73493
0.98563 51.668 91.605 42.697 70.74 -2.6307 -0.73373
0.98552 52.014 91.84 42.848 70.824 -2.6101 -0.72679
0.98542 52.302 91.974 42.948 70.907 -2.5992 -0.71455
0.98532 52.532 92.011 43.008 70.987 -2.5978 -0.69772
0.98522 52.707 91.966 43.039 71.061 -2.6051 -0.67721
0.98512 52.83 91.864 43.057 71.127 -2.6202 -0.65409
0.98501 52.907 91.735 43.077 71.183 -2.6418 -0.62946
0.9849 52.945 91.613 43.117 71.23 -2.669 -0.60443
0.98479 52.951 91.527 43.192 71.266 -2.7013 -0.58001
0.98469 52.933 91.504 43.317 71.293 -2.7388 -0.55708
0.9846 52.9 91.559 43.502 71.312 -2.7822 -0.53629
0.98453 52.858 91.697 43.754 71.328 -2.833 -0.51813
0.98451 52.813 91.913 44.076 71.341 -2.8934 -0.50282
0.98453 52.772 92.189 44.464 71.354 -2.9661 -0.49041
0.9846 52.737 92.499 44.912 71.371 -3.0539 -0.48075
0.98473 52.711 92.809 45.408 71.392 -3.1599 -0.47356
0.98491 52.694 93.084 45.937 71.419 -3.2869 -0.46843
0.98513 52.688 93.29 46.482 71.451 -3.437 -0.46492
0.98539 52.69 93.398 47.024 71.489 -3.6116 -0.46253
0.98568 52.698 93.388 47.543 71.529 -3.8115 -0.46079
0.98597 52.71 93.248 48.022 71.571 -4.036 -0.45922
0.98625 52.722 92.983 48.445 71.611 -4.2836 -0.45739
0.98652 52.734 92.605 48.799 71.647 -4.5519 -0.4549
0.98674 52.741 92.141 49.075 71.675 -4.8377 -0.45137
0.98692 52.743 91.625 49.27 71.695 -5.137 -0.44645
0.98705 52.738 91.093 49.384 71.705 -5.4457 -0.43979
0.98713 52.726 90.586 49.421 71.706 -5.7596 -0.43106
0.98715 52.707 90.137 49.39 71.697 -6.0749 -0.41993
0.98712 52.682 89.772 49.303 71.681 -6.3878 -0.40613
0.98706 52.652 89.508 49.174 71.662 -6.6954 -0.38937
0.98696 52.62 89.347 49.017 71.64 -6.9954 -0.36948
0.98686 52.585 89.278 48.85 71.62 -7.286 -0.34634
0.98675 52.552 89.283 48.685 71.604 -7.5661 -0.31998
0.98665 52.52 89.332 48.534 71.594 -7.8349 -0.29055
0.98658 52.491 89.395 48.409 71.589 -8.0918 -0.25837
0.98654 52.466 89.442 48.315 71.591 -8.3364 -0.22391
0.98653 52.444 89.448 48.255 71.596 -8.568 -0.18783
0.98657 52.427 89.396 48.228 71.605 -8.7859 -0.1509
0.98665 52.412 89.279 48.23 71.613 -8.9887 -0.11398
0.98676 52.399 89.101 48.255 71.618 -9.1752 -0.078018
0.98691 52.388 88.872 48.293 71.618 -9.3437 -0.043917
0.98708 52.377 88.612 48.336 71.612 -9.4925 -0.012525
0.98726 52.364 88.34 48.371 71.598 -9.6203 0.015449
0.98744 52.349 88.079 48.39 71.577 -9.7261 0.039486
0.98761 52.332 87.847 48.383 71.548 -9.8098 0.059306
0.98778 52.312 87.657 48.345 71.515 -9.8723 0.074891
0.98791 52.289 87.518 48.272 71.479 -9.9155 0.086497
0.98802 52.264 87.433 48.162 71.444 -9.9425 0.094645
0.9881 52.237 87.399 48.017 71.414 -9.9576 0.10008
0.98815 52.21 87.411 47.842 71.391 -9.966 0.10374
0.98817 52.183 87.458 47.644 71.379 -9.9734 0.10665
0.98816 52.157 87.532 47.433 71.38 -9.9861 0.10989
0.98813 52.134 87.625 47.218 71.397 -10.01 0.1145
0.98807 52.115 87.728 47.011 71.43 -10.05 0.12137
0.988 52.101 87.838 46.822 71.478 -10.11 0.13124
0.98791 52.092 87.952 46.662 71.539 -10.193 0.14458
0.98781 52.09 88.072 46.538 71.611 -10.3 0.16159
0.9877 52.095 88.199 46.457 71.69 -10.428 0.18217
0.98758 52.108 88.338 46.424 71.772 -10.576 0.20595
0.98746 52.128 88.494 46.438 71.852 -10.737 0.23229
0.98733 52.156 88.673 46.499 71.926 -10.905 0.26035
0.9872 52.19 88.878 46.602 71.988 -11.073 0.28912
0.98708 52.23 89.112 46.739 72.037 -11.231 0.31752
0.98696 52.274 89.376 46.902 72.07 -11.372 0.34444
0.98687 52.32 89.667 47.079 72.085 -11.487 0.36883
0.9868 52.366 89.983 47.258 72.082 -11.572 0.38975
0.98676 52.409 90.318 47.426 72.064 -11.619 0.4064
0.98676 52.448 90.666 47.571 72.031 -11.627 0.4182
0.98681 52.48 91.02 47.681 71.988 -11.595 0.42477
0.9869 52.503 91.374 47.745 71.939 -11.523 0.42593
0.98704 52.514 91.718 47.756 71.888 -11.414 0.42174
0.98722 52.514 92.047 47.707 71.839 -11.275 0.41243
0.98744 52.499 92.351 47.596 71.795 -11.11 0.3984
0.98769 52.472 92.624 47.423 71.76 -10.926 0.38016
0.98795 52.431 92.858 47.191 71.734 -10.732 0.35834
0.98822 52.378 93.045 46.906 71.72 -10.533 0.33363
0.98848 52.316 93.182 46.574 71.717 -10.337 0.30675
0.98872 52.245 93.263 46.206 71.722 -10.149 0.27845
0.98893 52.17 93.29 45.811 71.734 -9.9736 0.24944
0.98911 52.092 93.266 45.399 71.749 -9.8139 0.22044
0.98924 52.015 93.198 44.981 71.764 -9.6718 0.19212
0.98932 51.943 93.098 44.564 71.775 -9.5477 0.16511
0.98937 51.876 92.981 44.155 71.779 -9.4413 0.13999
0.98939 51.817 92.867 43.759 71.774 -9.3513 0.11725
0.98938 51.768 92.773 43.378 71.758 -9.2762 0.097345
0.98934 51.729 92.719 43.011 71.731 -9.214 0.080599
0.9893 51.701 92.72 42.658 71.693 -9.1631 0.067251
0.98926 51.682 92.789 42.315 71.646 -9.122 0.057409
0.98923 51.672 92.93 41.978 71.594 -9.0895 0.051044
0.9892 51.67 93.142 41.644 71.539 -9.0652 0.047976
0.98919 51.675 93.417 41.309 71.485 -9.0489 0.047864
0.98918 51.685 93.739 40.972 71.439 -9.0407 0.050208
0.98919 51.7 94.084 40.631 71.402 -9.0407 0.054355
0.98919 51.719 94.426 40.29 71.38 -9.0491 0.059517
0.98919 51.74 94.734 39.952 71.374 -9.0656 0.064803
0.98918 51.763 94.978 39.624 71.386 -9.0892 0.06925
0.98915 51.787 95.131 39.313 71.416 -9.1181 0.071879
0.98909 51.811 95.171 39.029 71.462 -9.1497 0.071743
0.98901 51.835 95.084 38.782 71.521 -9.1804 0.067988
0.9889 51.856 94.866 38.582 71.591 -9.2055 0.059905
0.98877 51.875 94.522 38.439 71.665 -9.2199 0.04699
0.98863 51.891 94.066 38.359 71.741 -9.2177 0.028977
0.98847 51.902 93.521 38.349 71.812 -9.1929 0.005875
0.98832 51.909 92.913 38.412 71.874 -9.1398 -0.022025
0.98817 51.911 92.271 38.549 71.925 -9.0532 -0.054154
0.98805 51.909 91.623 38.759 71.961 -8.9287 -0.089691
0.98795 51.904 90.995 39.039 71.981 -8.7635 -0.12761
0.98789 51.896 90.407 39.381 71.984 -8.5562 -0.16675
0.98786 51.886 89.876 39.779 71.972 -8.3072 -0.20585
0.98786 51.875 89.412 40.225 71.946 -8.0189 -0.2437
0.98788 51.865 89.021 40.708 71.91 -7.6954 -0.27915
0.98794 51.856 88.707 41.22 71.869 -7.3428 -0.31121
0.98801 51.849 88.47 41.752 71.826 -6.9686 -0.33912
0.98808 51.844 88.312 42.294 71.788 -6.5817 -0.36238
0.98816 51.839 88.234 42.838 71.76 -6.1918 -0.38075
0.98823 51.836 88.235 43.377 71.746 -5.8094 -0.39428
0.9883 51.831 88.317 43.904 71.75 -5.4448 -0.40325
0.98835 51.824 88.479 44.41 71.774 -5.1081 -0.40813
0.98839 51.813 88.72 44.89 71.818 -4.8089 -0.4095
0.98843 51.797 89.037 45.336 71.88 -4.5552 -0.40801
0.98846 51.774 89.426 45.742 71.958 -4.3541 -0.40427
0.98848 51.742 89.879 46.1 72.046 -4.2106 -0.39878
0.9885 51.703 90.388 46.406 72.139 -4.1279 -0.39193
0.98852 51.656 90.942 46.651 72.229 -4.1072 -0.38388
0.98853 51.602 91.527 46.832 72.312 -4.1472 -0.37465
0.98854 51.542 92.124 46.944 72.38 -4.2447 -0.36406
0.98853 51.479 92.712 46.986 72.428 -4.3944 -0.35179
0.9885 51.415 93.268 46.96 72.455 -4.5887 -0.33748
0.98845 51.351 93.763 46.867 72.459 -4.8186 -0.32077
0.98837 51.29 94.168 46.716 72.441 -5.0735 -0.30138
0.98825 51.235 94.456 46.516 72.402 -5.3416 -0.27919
0.9881 51.188 94.6 46.279 72.348 -5.6109 -0.25431
0.98793 51.149 94.582 46.022 72.284 -5.8689 -0.22714
0.98774 51.119 94.389 45.759 72.217 -6.1038 -0.19833
0.98754 51.1 94.023 45.509 72.152 -6.3046 -0.16885
0.98736 51.089 93.497 45.287 72.095 -6.4619 -0.13987
0.9872 51.088 92.84 45.108 72.051 -6.5686 -0.11274
0.98708 51.094 92.089 44.983 72.023 -6.6196 -0.088874
0.98701 51.106 91.293 44.92 72.013 -6.6128 -0.069659
0.987 51.123 90.505 44.922 72.02 -6.549 -0.056332
0.98706 51.142 89.779 44.984 72.045 -6.4317 -0.049881
0.98718 51.161 89.163 45.099 72.082 -6.2673 -0.050947
0.98735 51.18 88.696 45.254 72.129 -6.0646 -0.059762
0.98757 51.196 88.401 45.431 72.181 -5.8339 -0.076108
0.98781 51.209 88.287 45.609 72.232 -5.5871 -0.099316
0.98807 51.217 88.345 45.767 72.278 -5.3365 -0.12829
0.98832 51.221 88.55 45.883 72.314 -5.0939 -0.16159
0.98855 51.221 88.864 45.936 72.338 -4.8705 -0.19751
0.98876 51.218 89.24 45.911 72.347 -4.6753 -0.23418
0.98892 51.211 89.624 45.795 72.34 -4.5152 -0.26973
0.98904 51.202 89.967 45.583 72.318 -4.3943 -0.3024
0.98911 51.192 90.222 45.273 72.284 -4.3139 -0.33062
0.98915 51.181 90.357 44.874 72.239 -4.2721 -0.35318
0.98915 51.171 90.35 44.396 72.188 -4.2644 -0.36924
0.98912 51.161 90.197 43.858 72.137 -4.2842 -0.37843
0.98908 51.152 89.911 43.281 72.088 -4.323 -0.3808
0.98902 51.144 89.518 42.688 72.048 -4.3716 -0.37682
0.98897 51.137 89.056 42.102 72.019 -4.4209 -0.36732
0.98892 51.131 88.573 41.547 72.005 -4.4625 -0.35341
0.98889 51.125 88.116 41.042 72.006 -4.4897 -0.33636
0.98887 51.119 87.732 40.604 72.024 -4.4983 -0.31753
0.98886 51.114 87.461 40.244 72.057 -4.4867 -0.29821
0.98886 51.108 87.332 39.968 72.104 -4.4565 -0.27955
0.98888 51.102 87.359 39.777 72.16 -4.4124 -0.26248
0.98889 51.097 87.541 39.666 72.222 -4.3618 -0.24763
0.9889 51.093 87.863 39.627 72.286 -4.3143 -0.23535
0.98891 51.089 88.298 39.647 72.346 -4.2811 -0.22566
0.98889 51.086 88.807 39.713 72.4 -4.2739 -0.21829
0.98885 51.086 89.347 39.809 72.444 -4.3041 -0.21277
0.98878 51.087 89.873 39.919 72.475 -4.3816 -0.20844
0.98868 51.091 90.343 40.03 72.492 -4.5137 -0.20459
0.98854 51.097 90.723 40.13 72.495 -4.7048 -0.20049
0.98839 51.105 90.989 40.21 72.485 -4.9552 -0.19552
0.98822 51.116 91.127 40.264 72.464 -5.2614 -0.1892
0.98804 51.128 91.134 40.29 72.435 -5.6154 -0.1813
0.98786 51.14 91.017 40.286 72.4 -6.0054 -0.17177
0.9877 51.152 90.791 40.257 72.364 -6.4162 -0.16087
0.98758 51.163 90.475 40.207 72.329 -6.8301 -0.14905
0.9875 51.172 90.089 40.142 72.298 -7.228 -0.13701
0.98748 51.178 89.654 40.069 72.271 -7.5902 -0.12557
0.98752 51.182 89.187 39.996 72.251 -7.8983 -0.11566
0.98762 51.182 88.704 39.929 72.238 -8.1355 -0.1082
0.98779 51.18 88.217 39.874 72.231 -8.2884 -0.1041
0.988 51.175 87.736 39.835 72.228 -8.3475 -0.1041
0.98825 51.168 87.268 39.816 72.23 -8.308 -0.10882
0.98852 51.159 86.821 39.819 72.234 -8.1699 -0.11862
0.9888 51.15 86.402 39.844 72.238 -7.9382 -0.13361
0.98906 51.139 86.018 39.891 72.242 -7.6224 -0.15368
0.98928 51.129 85.677 39.957 72.245 -7.2361 -0.17843
0.98946 51.12 85.385 40.04 72.245 -6.7961 -0.20726
0.98957 51.111 85.147 40.139 72.242 -6.3211 -0.23937
0.98961 51.105 84.969 40.248 72.236 -5.831 -0.27383
0.98958 51.1 84.852 40.366 72.227 -5.3455 -0.30959
0.98948 51.097 84.796 40.49 72.215 -4.883 -0.3456
0.98931 51.097 84.8 40.617 72.201 -4.4597 -0.3808
0.9891 51.099 84.86 40.745 72.185 -4.0886 -0.41422
0.98885 51.105 84.972 40.874 72.168 -3.7792 -0.44494
0.98858 51.114 85.134 41.002 72.151 -3.5371 -0.47222
0.98833 51.126 85.341 41.128 72.134 -3.3639 -0.49543
0.98809 51.143 85.59 41.253 72.12 -3.2576 -0.51409
0.9879 51.164 85.879 41.377 72.107 -3.2127 -0.52788
0.98776 51.19 86.205 41.499 72.099 -3.2211 -0.53662
0.98768 51.22 86.565 41.621 72.095 -3.2728 -0.54026
0.98768 51.255 86.952 41.744 72.096 -3.3564 -0.53889
0.98773 51.292 87.361 41.867 72.104 -3.4604 -0.53268
0.98785 51.331 87.783 41.992 72.119 -3.5734 -0.52194
0.98801 51.371 88.205 42.117 72.14 -3.6852 -0.50705
0.9882 51.409 88.615 42.245 72.167 -3.7869 -0.48851
0.98841 51.443 89 42.374 72.2 -3.8715 -0.4669
0.9886 51.472 89.345 42.504 72.238 -3.934 -0.44288
0.98878 51.492 89.639 42.634 72.278 -3.9713 -0.41721
0.98892 51.504 89.87 42.763 72.318 -3.9824 -0.39071
0.98902 51.506 90.031 42.89 72.357 -3.968 -0.36422
0.98908 51.498 90.118 43.011 72.392 -3.9299 -0.33864
0.98908 51.482 90.131 43.125 72.421 -3.8714 -0.31482
0.98904 51.46 90.076 43.227 72.442 -3.7963 -0.29357
0.98896 51.434 89.961 43.316 72.455 -3.7087 -0.2756
0.98886 51.407 89.802 43.386 72.459 -3.6132 -0.26148
0.98876 51.384 89.616 43.435 72.456 -3.5138 -0.25162
0.98866 51.368 89.424 43.459 72.447 -3.4148 -0.24618
0.98857 51.36 89.247 43.453 72.433 -3.3196 -0.24517
0.98852 51.363 89.108 43.416 72.419 -3.2314 -0.24832
0.98851 51.378 89.026 43.345 72.407 -3.1528 -0.2552
0.98854 51.402 89.015 43.238 72.401 -3.0859 -0.26518
0.98861 51.436 89.089 43.096 72.403 -3.0324 -0.27751
0.98873 51.474 89.251 42.917 72.415 -2.9933 -0.29139
0.98886 51.512 89.501 42.705 72.439 -2.9692 -0.30599
0.98902 51.547 89.832 42.461 72.474 -2.9602 -0.32052
0.98917 51.573 90.23 42.191 72.52 -2.9657 -0.33435
0.9893 51.585 90.677 41.897 72.575 -2.9847 -0.34698
0.9894 51.58 91.151 41.586 72.635 -3.0158 -0.35812
0.98945 51.555 91.625 41.263 72.696 -3.0569 -0.36769
0.98943 51.509 92.075 40.935 72.756 -3.1054 -0.37582
0.98935 51.443 92.474 40.609 72.808 -3.1586 -0.38285
0.98921 51.358 92.8 40.289 72.851 -3.2134 -0.38926
0.989 51.258 93.034 39.984 72.882 -3.2664 -0.39561
0.98875 51.147 93.162 39.698 72.898 -3.3148 -0.40251
0.98846 51.029 93.179 39.436 72.899 -3.3555 -0.4105
0.98816 50.91 93.083 39.203 72.887 -3.3863 -0.42003
0.98786 50.796 92.883 39.002 72.862 -3.4054 -0.43134
0.98759 50.689 92.591 38.836 72.828 -3.4119 -0.44445
0.98737 50.595 92.227 38.706 72.788 -3.4057 -0.45914
0.98721 50.514 91.813 38.613 72.746 -3.388 -0.4749
0.98711 50.45 91.373 38.557 72.708 -3.3606 -0.49095
0.98709 50.402 90.932 38.538 72.676 -3.3263 -0.50632
0.98714 50.369 90.513 38.551 72.653 -3.2886 -0.51986
0.98725 50.35 90.135 38.596 72.642 -3.2517 -0.53037
0.9874 50.342 89.814 38.667 72.644 -3.2199 -0.53663
0.98758 50.345 89.56 38.762 72.659 -3.1976 -0.53754
0.98776 50.355 89.379 38.876 72.684 -3.1889 -0.5322
0.98792 50.37 89.272 39.004 72.719 -3.1973 -0.51999
0.98805 50.387 89.236 39.142 72.759 -3.2254 -0.50067
0.98814 50.407 89.267 39.286 72.802 -3.2748 -0.47436
0.98817 50.426 89.356 39.433 72.844 -3.3461 -0.44163
0.98815 50.444 89.495 39.58 72.881 -3.4383 -0.40342
0.98807 50.461 89.677 39.724 72.91 -3.5493 -0.36107
0.98795 50.476 89.891 39.864 72.931 -3.6757 -0.3162
0.9878 50.491 90.129 40 72.941 -3.8134 -0.27065
0.98763 50.504 90.385 40.131 72.94 -3.9571 -0.22633
0.98747 50.518 90.65 40.257 72.931 -4.1013 -0.18517
0.98734 50.532 90.917 40.38 72.913 -4.24 -0.14894
0.98723 50.548 91.183 40.498 72.891 -4.3678 -0.11919
0.98717 50.567 91.442 40.611 72.867 -4.4791 -0.097121
0.98716 50.589 91.69 40.72 72.845 -4.5697 -0.083536
0.9872 50.616 91.926 40.823 72.828 -4.6357 -0.078789
0.98727 50.647 92.148 40.917 72.819 -4.6749 -0.082771
0.98738 50.682 92.356 41 72.821 -4.6858 -0.094923
0.9875 50.72 92.551 41.069 72.834 -4.6686 -0.11428
0.98762 50.759 92.733 41.12 72.858 -4.6245 -0.13955
0.98772 50.798 92.902 41.15 72.894 -4.5557 -0.16917
0.98779 50.832 93.059 41.155 72.937 -4.4656 -0.20143
0.98782 50.858 93.204 41.133 72.987 -4.3581 -0.2346
0.9878 50.874 93.337 41.083 73.039 -4.2376 -0.26696
0.98773 50.875 93.458 41.006 73.092 -4.109 -0.29698
0.9876 50.859 93.564 40.904 73.141 -3.977 -0.32332
0.98744 50.824 93.653 40.781 73.185 -3.8461 -0.34497
0.98724 50.77 93.723 40.643 73.223 -3.7203 -0.36124
0.98703 50.697 93.769 40.498 73.253 -3.6032 -0.37177
0.98682 50.61 93.785 40.353 73.276 -3.4978 -0.37658
0.98663 50.512 93.766 40.219 73.292 -3.4061 -0.37599
0.98647 50.412 93.706 40.105 73.303 -3.3294 -0.37061
0.98636 50.317 93.599 40.019 73.308 -3.2683 -0.36127
0.98631 50.237 93.444 39.969 73.31 -3.2227 -0.34895
0.98633 50.183 93.239 39.961 73.308 -3.1917 -0.33473
0.98642 50.164 92.989 39.997 73.302 -3.1739 -0.31971
0.98656 50.188 92.7 40.076 73.294 -3.1674 -0.30495
0.98676 50.263 92.382 40.195 73.281 -3.17 -0.29139
0.987 50.392 92.048 40.347 73.264 -3.1792 -0.27987
0.98725 50.576 91.71 40.523 73.241 -3.1922 -0.27103
0.9875 50.812 91.381 40.708 73.214 -3.2065 -0.26534
0.98774 51.094 91.069 40.889 73.18 -3.2194 -0.26308
0.98793 51.412 90.78 41.049 73.142 -3.2285 -0.26434
0.98808 51.754 90.515 41.172 73.099 -3.2317 -0.26907
0.98816 52.107 90.271 41.242 73.055 -3.2273 -0.27705
0.98819 52.457 90.042 41.247 73.01 -3.2139 -0.28793
0.98816 52.789 89.824 41.174 72.967 -3.1908 -0.30131
0.98809 53.094 89.609 41.016 72.928 -3.1579 -0.31666
0.98798 53.362 89.398 40.768 72.897 -3.1158 -0.33343
0.98784 53.586 89.192 40.433 72.875 -3.0655 -0.35102
0.98771 53.763 88.998 40.015 72.864 -3.0089 -0.36879
0.98758 53.896 88.83 39.524 72.863 -2.9483 -0.38608
0.98749 53.985 88.701 38.974 72.873 -2.8866 -0.40222
0.98742 54.038 88.627 38.381 72.892 -2.8271 -0.41653
0.9874 54.062 88.624 37.767 72.918 -2.7731 -0.42831
0.98743 54.063 88.701 37.151 72.949 -2.7282 -0.43692
0.98749 54.05 88.861 36.556 72.982 -2.6959 -0.44171
0.98757 54.029 89.102 36.003 73.014 -2.679 -0.44211
0.98768 54.008 89.411 35.511 73.041 -2.6803 -0.43765
0.98779 53.99 89.769 35.096 73.063 -2.7016 -0.42795
0.98788 53.978 90.15 34.771 73.078 -2.7439 -0.41282
0.98796 53.973 90.525 34.544 73.085 -2.8076 -0.39221
0.98801 53.977 90.864 34.417 73.083 -2.8918 -0.36631
0.98802 53.987 91.138 34.388 73.073 -2.995 -0.3355
0.98801 54.004 91.324 34.449 73.056 -3.1147 -0.30039
0.98796 54.023 91.406 34.59 73.033 -3.2478 -0.2618
0.98789 54.044 91.378 34.793 73.007 -3.3903 -0.22074
0.98781 54.065 91.244 35.041 72.978 -3.5383 -0.17834
0.98772 54.083 91.018 35.313 72.948 -3.6875 -0.13586
0.98763 54.099 90.724 35.587 72.919 -3.8335 -0.094596
0.98755 54.112 90.394 35.846 72.89 -3.9724 -0.055833
0.98748 54.121 90.063 36.069 72.863 -4.1005 -0.02078
0.98741 54.128 89.765 36.245 72.838 -4.2149 0.0094804
0.98737 54.134 89.534 36.361 72.813 -4.3131 0.034042
0.98733 54.141 89.395 36.414 72.787 -4.3934 0.052211
0.98729 54.15 89.366 36.404 72.759 -4.4548 0.063528
0.98727 54.163 89.453 36.335 72.728 -4.4969 0.06778
0.98725 54.181 89.651 36.218 72.691 -4.5199 0.064995
0.98723 54.205 89.946 36.066 72.649 -4.5245 0.055425
0.98722 54.235 90.312 35.894 72.598 -4.5116 0.039518
0.98722 54.27 90.719 35.722 72.541 -4.4825 0.017887
0.98723 54.311 91.13 35.564 72.476 -4.4386 -0.0087327
0.98725 54.354 91.506 35.437 72.405 -4.3813 -0.039519
0.98729 54.396 91.81 35.353 72.33 -4.3117 -0.073603
0.98735 54.435 92.009 35.318 72.252 -4.2313 -0.1101
0.98743 54.466 92.078 35.337 72.173 -4.1412 -0.14813
0.98752 54.486 92 35.405 72.096 -4.0425 -0.18684
0.98764 54.492 91.771 35.514 72.024 -3.9361 -0.22543
0.98776 54.479 91.398 35.649 71.957 -3.8232 -0.26314
0.9879 54.446 90.902 35.792 71.899 -3.7048 -0.29924
0.98804 54.392 90.312 35.922 71.85 -3.582 -0.33308
0.98819 54.317 89.666 36.015 71.81 -3.4563 -0.36403
0.98833 54.223 89.008 36.047 71.78 -3.3291 -0.39149
0.98847 54.113 88.379 35.999 71.76 -3.2024 -0.41494
0.98861 53.991 87.822 35.851 71.748 -3.078 -0.43385
0.98873 53.864 87.367 35.592 71.744 -2.9585 -0.44778
0.98885 53.737 87.04 35.214 71.746 -2.8463 -0.45632
0.98895 53.618 86.851 34.718 71.755 -2.7443 -0.45914
0.98905 53.515 86.799 34.111 71.77 -2.6554 -0.45598
0.98913 53.433 86.872 33.409 71.789 -2.583 -0.44669
0.9892 53.379 87.044 32.632 71.811 -2.5301 -0.43123
0.98927 53.356 87.284 31.807 71.838 -2.5001 -0.40967
0.98932 53.366 87.554 30.963 71.867 -2.4958 -0.38227
0.98935 53.409 87.815 30.132 71.899 -2.5202 -0.3494
0.98938 53.482 88.03 29.347 71.932 -2.5754 -0.31163
0.98939 53.58 88.167 28.637 71.965 -2.6633 -0.26968
0.98939 53.696 88.202 28.03 71.998 -2.7848 -0.22446
0.98938 53.824 88.12 27.547 72.03 -2.9397 -0.17701
0.98935 53.954 87.915 27.204 72.059 -3.1272 -0.12855
0.98931 54.079 87.591 27.009 72.084 -3.3449 -0.080382
0.98927 54.193 87.161 26.962 72.104 -3.5892 -0.033896
0.98922 54.289 86.644 27.058 72.12 -3.8553 0.0094887
0.98916 54.365 86.063 27.283 72.131 -4.1373 0.048377
0.98911 54.42 85.443 27.617 72.138 -4.428 0.08146
0.98907 54.454 84.811 28.036 72.143 -4.7197 0.10758
0.98904 54.469 84.193 28.514 72.146 -5.0037 0.12577
0.98902 54.47 83.614 29.021 72.151 -5.2713 0.13538
0.98901 54.461 83.095 29.531 72.158 -5.5141 0.13603
0.98902 54.446 82.654 30.016 72.169 -5.7241 0.12772
0.98905 54.43 82.306 30.455 72.186 -5.8943 0.11085
0.98909 54.417 82.061 30.829 72.208 -6.0191 0.086174
0.98914 54.408 81.923 31.127 72.237 -6.0947 0.054819
0.9892 54.407 81.894 31.344 72.269 -6.1194 0.018245
0.98925 54.412 81.966 31.481 72.304 -6.0935 -0.021825
0.98928 54.423 82.128 31.544 72.339 -6.0199 -0.063471
0.98931 54.438 82.364 31.549 72.372 -5.9035 -0.10467
0.98931 54.457 82.653 31.512 72.4 -5.7516 -0.14338
0.98928 54.476 82.972 31.455 72.421 -5.5732 -0.17767
0.98923 54.495 83.297 31.401 72.434 -5.3791 -0.20575
0.98914 54.513 83.604 31.373 72.44 -5.1808 -0.22615
0.98904 54.528 83.873 31.393 72.437 -4.9907 -0.23771
0.98891 54.541 84.09 31.479 72.429 -4.8209 -0.23969
0.98877 54.553 84.243 31.647 72.416 -4.6827 -0.23178
0.98863 54.563 84.331 31.903 72.401 -4.5864 -0.21412
0.98848 54.574 84.356 32.251 72.386 -4.5402 -0.18732
0.98835 54.585 84.328 32.685 72.372 -4.5499 -0.15238
0.98824 54.597 84.261 33.194 72.36 -4.6185 -0.11069
0.98815 54.61 84.174 33.761 72.351 -4.7459 -0.063945
0.98809 54.624 84.088 34.363 72.345 -4.9289 -0.014039
0.98805 54.638 84.025 34.975 72.341 -5.1612 0.036987
0.98805 54.65 84.002 35.567 72.338 -5.4336 0.087066
0.98807 54.659 84.038 36.113 72.336 -5.7346 0.1342
0.98811 54.662 84.144 36.584 72.333 -6.051 0.17654
0.98817 54.659 84.324 36.958 72.33 -6.3682 0.21252
0.98825 54.648 84.576 37.215 72.326 -6.6719 0.24089
0.98834 54.627 84.89 37.344 72.321 -6.9482 0.26078
0.98843 54.597 85.245 37.338 72.316 -7.1849 0.27179
0.98852 54.557 85.617 37.199 72.309 -7.3721 0.27393
0.98861 54.509 85.973 36.935 72.302 -7.5031 0.26771
0.9887 54.455 86.28 36.563 72.294 -7.5747 0.25403
0.98879 54.395 86.504 36.102 72.286 -7.5879 0.2342
0.98887 54.334 86.617 35.577 72.276 -7.5472 0.20983
0.98895 54.273 86.597 35.016 72.266 -7.4613 0.18272
0.98902 54.215 86.434 34.446 72.254 -7.3419 0.15484
0.98908 54.164 86.13 33.895 72.241 -7.2034 0.12814
0.98913 54.12 85.699 33.386 72.227 -7.062 0.10448
0.98917 54.085 85.168 32.939 72.213 -6.9343 0.085522
0.9892 54.061 84.571 32.57 72.198 -6.837 0.072629
0.98922 54.047 83.947 32.287 72.184 -6.785 0.066804
0.98923 54.043 83.338 32.094 72.171 -6.7911 0.06863
0.98922 54.048 82.776 31.989 72.158 -6.8648 0.078247
0.98921 54.06 82.29 31.964 72.146 -7.0118 0.095353
0.98918 54.078 81.897 32.007 72.135 -7.2336 0.11923
0.98914 54.1 81.599 32.104 72.123 -7.5277 0.14882
0.98909 54.122 81.39 32.238 72.111 -7.8873 0.18276
0.98903 54.143 81.252 32.395 72.099 -8.3023 0.21952
0.98895 54.161 81.161 32.558 72.086 -8.7597 0.25746
0.98887 54.174 81.088 32.714 72.072 -9.2444 0.29497
0.98877 54.18 81.004 32.854 72.058 -9.7404 0.33057
0.98867 54.178 80.884 32.971 72.045 -10.232 0.36295
0.98856 54.168 80.707 33.062 72.035 -10.703 0.3911
0.98845 54.15 80.46 33.127 72.029 -11.141 0.41432
0.98835 54.124 80.138 33.171 72.029 -11.535 0.43225
0.98826 54.092 79.745 33.199 72.036 -11.878 0.4449
0.98818 54.055 79.289 33.219 72.051 -12.165 0.45257
0.98812 54.015 78.786 33.239 72.073 -12.394 0.45588
0.98809 53.974 78.254 33.267 72.1 -12.568 0.45562
0.98809 53.935 77.714 33.31 72.132 -12.691 0.45275
0.98812 53.9 77.188 33.371 72.164 -12.769 0.44828
0.98818 53.871 76.699 33.454 72.192 -12.809 0.4432
0.98826 53.85 76.268 33.556 72.213 -12.819 0.4384
0.98838 53.837 75.919 33.676 72.222 -12.807 0.43463
0.98851 53.835 75.671 33.806 72.217 -12.779 0.4324
0.98866 53.842 75.548 33.939 72.196 -12.74 0.432
0.98881 53.859 75.565 34.063 72.159 -12.693 0.43347
0.98896 53.885 75.741 34.169 72.107 -12.639 0.43661
0.98911 53.918 76.084 34.245 72.045 -12.577 0.441
0.98924 53.957 76.6 34.282 71.976 -12.504 0.44606
0.98935 53.999 77.283 34.271 71.909 -12.417 0.45112
0.98943 54.043 78.12 34.206 71.85 -12.311 0.45544
0.9895 54.085 79.087 34.086 71.806 -12.181 0.45833
0.98953 54.124 80.15 33.909 71.783 -12.022 0.45917
0.98955 54.156 81.266 33.681 71.786 -11.832 0.45752
0.98954 54.18 82.388 33.408 71.816 -11.609 0.45312
0.98952 54.194 83.465 33.099 71.873 -11.354 0.44592
0.98948 54.196 84.448 32.768 71.955 -11.069 0.43613
0.98943 54.186 85.291 32.429 72.058 -10.76 0.42417
0.98938 54.164 85.96 32.095 72.175 -10.435 0.41065
0.98933 54.13 86.431 31.782 72.298 -10.101 0.39631
0.98927 54.086 86.693 31.503 72.42 -9.7704 0.38198
0.98922 54.034 86.752 31.27 72.532 -9.4532 0.3685
0.98918 53.975 86.623 31.094 72.629 -9.1607 0.35661
0.98914 53.915 86.335 30.98 72.705 -8.9033 0.34695
0.9891 53.855 85.924 30.932 72.756 -8.6897 0.3399
0.98908 53.798 85.432 30.95 72.781 -8.527 0.33562
0.98906 53.749 84.9 31.03 72.78 -8.4195 0.33398
0.98904 53.709 84.37 31.165 72.755 -8.369 0.33455
0.98902 53.681 83.877 31.346 72.71 -8.3743 0.33665
0.98901 53.667 83.449 31.561 72.647 -8.4315 0.33936
0.98899 53.666 83.109 31.797 72.573 -8.5342 0.34164
0.98898 53.679 82.868 32.04 72.491 -8.6737 0.34236
0.98895 53.704 82.733 32.278 72.407 -8.84 0.34045
0.98892 53.739 82.702 32.496 72.324 -9.0218 0.33495
0.98889 53.78 82.767 32.686 72.246 -9.2078 0.32515
0.98884 53.824 82.914 32.836 72.177 -9.3868 0.31065
0.98879 53.867 83.127 32.942 72.117 -9.5487 0.29139
0.98874 53.905 83.385 33 72.069 -9.6847 0.26775
0.98869 53.934 83.668 33.01 72.032 -9.788 0.24046
0.98864 53.951 83.951 32.975 72.007 -9.8538 0.21065
0.9886 53.956 84.213 32.899 71.992 -9.8794 0.17971
0.98857 53.945 84.431 32.79 71.986 -9.8644 0.14925
0.98857 53.921 84.587 32.657 71.987 -9.8102 0.12093
0.98858 53.885 84.665 32.509 71.993 -9.7201 0.096393
0.98861 53.839 84.653 32.358 72.002 -9.5985 0.077072
0.98866 53.786 84.546 32.211 72.014 -9.4511 0.064122
0.98873 53.732 84.345 32.078 72.027 -9.284 0.058297
0.98882 53.68 84.056 31.964 72.041 -9.1034 0.05988
0.98891 53.634 83.694 31.875 72.054 -8.9159 0.068653
0.98901 53.598 83.277 31.811 72.067 -8.7274 0.083901
0.9891 53.575 82.829 31.772 72.079 -8.5435 0.10446
0.98919 53.566 82.372 31.755 72.088 -8.3691 0.12877
0.98927 53.573 81.93 31.754 72.095 -8.2088 0.15505
0.98933 53.594 81.521 31.762 72.097 -8.0663 0.18137
0.98937 53.63 81.159 31.772 72.093 -7.9449 0.20582
0.98939 53.677 80.854 31.774 72.083 -7.8474 0.22665
0.9894 53.733 80.607 31.761 72.067 -7.7764 0.24241
0.98939 53.796 80.414 31.725 72.045 -7.7337 0.25207
0.98936 53.861 80.268 31.661 72.018 -7.7211 0.25505
0.98932 53.925 80.159 31.564 71.988 -7.7399 0.25132
0.98927 53.986 80.077 31.433 71.957 -7.7907 0.24133
0.98921 54.04 80.012 31.267 71.93 -7.874 0.22603
0.98914 54.085 79.956 31.069 71.91 -7.9891 0.20675
0.98906 54.119 79.904 30.844 71.899 -8.1351 0.1851
0.98898 54.142 79.854 30.598 71.9 -8.3099 0.16286
0.98889 54.153 79.804 30.337 71.914 -8.5106 0.1418
0.98878 54.152 79.757 30.07 71.941 -8.7337 0.12362
0.98867 54.14 79.714 29.805 71.981 -8.9745 0.10973
0.98854 54.12 79.678 29.55 72.031 -9.2279 0.10125
0.9884 54.092 79.651 29.313 72.088 -9.4882 0.098879
0.98825 54.059 79.634 29.101 72.147 -9.7492 0.10287
0.98808 54.022 79.628 28.92 72.205 -10.005 0.11304
0.98789 53.985 79.633 28.774 72.257 -10.25 0.12881
0.98769 53.949 79.646 28.669 72.299 -10.478 0.14924
0.98748 53.915 79.666 28.606 72.329 -10.684 0.17312
0.98725 53.886 79.691 28.588 72.347 -10.866 0.19909
0.98702 53.861 79.719 28.615 72.351 -11.019 0.22573
0.98678 53.841 79.745 28.69 72.343 -11.144 0.25165
0.98654 53.826 79.768 28.81 72.326 -11.238 0.27558
0.98632 53.816 79.78 28.974 72.301 -11.304 0.29646
0.98611 53.807 79.778 29.182 72.271 -11.343 0.3135
0.98593 53.799 79.755 29.428 72.239 -11.357 0.32617
0.98578 53.789 79.703 29.711 72.207 -11.35 0.33425
0.98569 53.774 79.616 30.023 72.177 -11.326 0.33778
0.98566 53.751 79.488 30.358 72.149 -11.289 0.33704
0.9857 53.719 79.316 30.709 72.124 -11.243 0.33252
0.98581 53.676 79.1 31.066 72.101 -11.19 0.32484
0.98599 53.621 78.845 31.419 72.08 -11.135 0.31471
0.98624 53.555 78.558 31.759 72.06 -11.08 0.30286
0.98655 53.48 78.253 32.073 72.04 -11.027 0.29001
0.9869 53.398 77.943 32.351 72.019 -10.977 0.27683
0.98727 53.315 77.644 32.585 71.998 -10.932 0.2639
0.98765 53.236 77.372 32.765 71.976 -10.891 0.25171
0.98801 53.168 77.139 32.886 71.955 -10.856 0.24066
0.98835 53.118 76.954 32.945 71.934 -10.826 0.23103
0.98864 53.091 76.819 32.941 71.917 -10.8 0.22306
0.98888 53.093 76.733 32.877 71.904 -10.78 0.21688
0.98906 53.128 76.688 32.758 71.898 -10.764 0.21258
0.98919 53.197 76.674 32.595 71.899 -10.754 0.21022
0.98926 53.3 76.676 32.397 71.907 -10.749 0.20979
0.98928 53.432 76.68 32.178 71.925 -10.751 0.21128
0.98927 53.588 76.675 31.952 71.95 -10.761 0.21463
0.98922 53.76 76.65 31.732 71.982 -10.778 0.21974
0.98915 53.939 76.601 31.533 72.018 -10.803 0.22647
0.98907 54.115 76.53 31.366 72.056 -10.837 0.2346
0.98899 54.279 76.443 31.24 72.092 -10.88 0.24386
0.98892 54.422 76.352 31.162 72.123 -10.932 0.25393
0.98886 54.538 76.276 31.134 72.147 -10.992 0.26441
0.9888 54.62 76.233 31.158 72.159 -11.058 0.27486
0.98877 54.668 76.243 31.229 72.159 -11.129 0.28481
0.98874 54.68 76.324 31.342 72.145 -11.204 0.2938
0.98872 54.66 76.487 31.489 72.118 -11.28 0.30137
0.9887 54.612 76.741 31.66 72.081 -11.355 0.30716
0.98869 54.541 77.083 31.847 72.037 -11.426 0.31088
0.98868 54.456 77.504 32.04 71.99 -11.493 0.31238
0.98867 54.362 77.987 32.23 71.945 -11.553 0.31164
0.98866 54.268 78.509 32.412 71.909 -11.605 0.30881
0.98865 54.181 79.041 32.581 71.886 -11.648 0.30417
0.98865 54.104 79.554 32.735 71.881 -11.682 0.29817
0.98865 54.044 80.015 32.875 71.897 -11.707 0.29135
0.98867 54.002 80.399 33.003 71.936 -11.723 0.28432
0.9887 53.979 80.681 33.122 71.997 -11.73 0.27772
0.98874 53.974 80.848 33.236 72.078 -11.731 0.27216
0.98881 53.987 80.89 33.351 72.174 -11.726 0.26817
0.98889 54.015 80.808 33.469 72.281 -11.716 0.26617
0.98898 54.053 80.613 33.592 72.391 -11.702 0.2664
0.98907 54.097 80.323 33.721 72.497 -11.684 0.2689
0.98917 54.144 79.961 33.853 72.592 -11.665 0.27354
0.98926 54.187 79.556 33.984 72.671 -11.644 0.27997
0.98935 54.224 79.141 34.106 72.727 -11.621 0.28765
0.98941 54.248 78.747 34.212 72.757 -11.597 0.29594
0.98946 54.258 78.403 34.293 72.761 -11.571 0.30407
0.98949 54.25 78.133 34.339 72.74 -11.544 0.31126
0.9895 54.221 77.957 34.342 72.696 -11.515 0.31674
0.98949 54.173 77.884 34.296 72.634 -11.484 0.31985
0.98946 54.105 77.92 34.197 72.56 -11.45 0.32005
0.98942 54.02 78.063 34.046 72.479 -11.415 0.317
0.98938 53.922 78.305 33.846 72.4 -11.376 0.31059
0.98933 53.816 78.634 33.607 72.326 -11.336 0.30094
0.98929 53.711 79.035 33.338 72.263 -11.293 0.2884
0.98925 53.615 79.488 33.057 72.213 -11.248 0.27355
0.98921 53.536 79.975 32.779 72.178 -11.201 0.25715
0.98919 53.484 80.475 32.524 72.158 -11.152 0.24009
0.98917 53.468 80.966 32.309 72.151 -11.103 0.22336
0.98916 53.495 81.428 32.152 72.155 -11.053 0.20793
0.98915 53.569 81.843 32.064 72.165 -11.003 0.19473
0.98914 53.693 82.193 32.056 72.179 -10.954 0.18455
0.98913 53.864 82.467 32.13 72.193 -10.908 0.17802
0.98911 54.073 82.656 32.285 72.203 -10.866 0.17553
0.9891 54.31 82.759 32.511 72.208 -10.829 0.17721
0.98908 54.553 82.781 32.794 72.206 -10.8 0.18294
0.98905 54.78 82.731 33.115 72.196 -10.78 0.19233
0.98903 54.963 82.626 33.449 72.18 -10.772 0.20474
0.989 55.069 82.487 33.771 72.159 -10.777 0.21938
0.98897 55.065 82.337 34.053 72.133 -10.797 0.23531
0.98895 54.921 82.199 34.269 72.106 -10.834 0.25151
0.98893 54.607 82.095 34.395 72.078 -10.887 0.26701
0.98892 54.103 82.04 34.412 72.052 -10.957 0.28091
0.98891 53.396 82.044 34.306 72.027 -11.043 0.29246
0.9889 52.484 82.109 34.069 72.003 -11.142 0.30112
0.9889 51.377 82.225 33.702 71.981 -11.253 0.30658
0.9889 50.098 82.38 33.211 71.958 -11.371 0.3088
0.98891 48.683 82.55 32.61 71.932 -11.492 0.30799
0.98892 47.174 82.711 31.917 71.903 -11.612 0.30457
0.98892 45.624 82.837 31.155 71.867 -11.726 0.29917
0.98893 44.086 82.905 30.349 71.824 -11.829 0.29249
0.98894 42.613 82.896 29.528 71.771 -11.916 0.28533
0.98895 41.254 82.8 28.718 71.709 -11.985 0.27841
0.98896 40.049 82.616 27.941 71.638 -12.03 0.2724
0.98898 39.027 82.35 27.22 71.559 -12.052 0.26775
0.98899 38.204 82.017 26.571 71.473 -12.049 0.26475
0.98901 37.587 81.633 26.005 71.382 -12.022 0.26343
0.98903 37.167 81.219 25.528 71.288 -11.973 0.26357
0.98905 36.926 80.795 25.142 71.196 -11.905 0.26471
0.98907 36.838 80.375 24.842 71.107 -11.82 0.26621
0.98908 36.873 79.968 24.622 71.025 -11.725 0.26728
0.98909 36.997 79.578 24.471 70.954 -11.623 0.26704
0.98909 37.175 79.201 24.377 70.894 -11.518 0.26462
0.98908 37.375 78.831 24.327 70.849 -11.416 0.25921
0.98906 37.57 78.456 24.309 70.82 -11.32 0.25015
0.98904 37.739 78.069 24.31 70.807 -11.233 0.23697
0.989 37.863 77.663 24.319 70.809 -11.157 0.21946
0.98896 37.935 77.235 24.329 70.824 -11.094 0.19769
0.98892 37.951 76.792 24.334 70.851 -11.044 0.17201
0.98887 37.911 76.342 24.328 70.887 -11.006 0.14304
0.98883 37.822 75.903 24.31 70.927 -10.98 0.11163
0.9888 37.693 75.493 24.28 70.969 -10.964 0.078823
0.98878 37.536 75.133 24.237 71.008 -10.955 0.045784
0.98878 37.364 74.842 24.185 71.043 -10.953 0.013723
0.98879 37.19 74.636 24.126 71.07 -10.954 -0.016181
0.98881 37.025 74.525 24.062 71.088 -10.958 -0.042849
0.98886 36.88 74.512 23.997 71.097 -10.963 -0.065377
0.98891 36.763 74.595 23.932 71.097 -10.967 -0.08309
0.98898 36.68 74.762 23.871 71.089 -10.97 -0.095582
0.98906 36.633 75.001 23.815 71.077 -10.972 -0.10274
0.98915 36.622 75.293 23.765 71.062 -10.972 -0.10476
0.98923 36.646 75.619 23.723 71.047 -10.97 -0.1021
0.98931 36.7 75.961 23.689 71.035 -10.966 -0.095481
0.98937 36.777 76.302 23.662 71.028 -10.96 -0.085819
0.98943 36.871 76.63 23.642 71.029 -10.951 -0.074168
0.98947 36.975 76.938 23.629 71.037 -10.94 -0.061647
0.98949 37.08 77.221 23.622 71.053 -10.925 -0.049367
0.98948 37.181 77.481 23.618 71.076 -10.905 -0.038366
0.98947 37.271 77.718 23.618 71.105 -10.88 -0.029536
0.98943 37.346 77.939 23.618 71.137 -10.85 -0.023577
0.98938 37.403 78.146 23.618 71.171 -10.812 -0.020954
0.98933 37.442 78.343 23.616 71.203 -10.768 -0.021878
0.98927 37.463 78.531 23.612 71.232 -10.717 -0.026301
0.98922 37.469 78.707 23.603 71.257 -10.659 -0.033932
0.98917 37.462 78.868 23.591 71.275 -10.595 -0.044267
0.98914 37.448 79.011 23.574 71.288 -10.527 -0.056632
0.98912 37.431 79.13 23.553 71.295 -10.456 -0.070236
0.98911 37.415 79.223 23.528 71.297 -10.385 -0.08423
0.98911 37.405 79.288 23.502 71.295 -10.315 -0.097769
0.98913 37.403 79.328 23.475 71.29 -10.25 -0.11006
0.98915 37.411 79.345 23.449 71.282 -10.19 -0.12042
0.98918 37.431 79.346 23.425 71.274 -10.139 -0.12829
0.9892 37.461 79.339 23.404 71.264 -10.097 -0.1333
0.98921 37.5 79.332 23.389 71.254 -10.066 -0.13523
0.98921 37.544 79.336 23.38 71.243 -10.045 -0.13405
0.9892 37.591 79.356 23.377 71.23 -10.033 -0.12987
0.98916 37.637 79.401 23.38 71.214 -10.03 -0.12294
0.98911 37.677 79.477 23.389 71.195 -10.034 -0.11361
0.98903 37.709 79.585 23.403 71.171 -10.041 -0.10229
0.98895 37.729 79.728 23.421 71.141 -10.05 -0.089425
0.98885 37.736 79.903 23.441 71.104 -10.058 -0.075458
0.98875 37.729 80.105 23.462 71.059 -10.063 -0.060802
0.98865 37.708 80.323 23.482 71.009 -10.063 -0.045822
0.98856 37.675 80.545 23.5 70.952 -10.057 -0.030823
0.98849 37.634 80.756 23.515 70.892 -10.044 -0.016047
0.98843 37.587 80.937 23.524 70.831 -10.026 -0.0016724
0.9884 37.539 81.071 23.528 70.773 -10.003 0.012173
0.9884 37.496 81.145 23.524 70.721 -9.9788 0.0254
0.98842 37.461 81.148 23.514 70.679 -9.9554 0.03794
0.98845 37.44 81.077 23.496 70.649 -9.9363 0.049726
0.98851 37.436 80.937 23.47 70.635 -9.9251 0.060676
0.98857 37.452 80.742 23.436 70.637 -9.9248 0.070672
0.98864 37.492 80.513 23.394 70.656 -9.9383 0.079552
0.98871 37.555 80.275 23.343 70.689 -9.9674 0.087095
0.98878 37.642 80.057 23.285 70.733 -10.013 0.09302
0.98884 37.75 79.887 23.22 70.783 -10.075 0.096985
0.9889 37.878 79.785 23.147 70.836 -10.152 0.098592
0.98895 38.021 79.768 23.067 70.884 -10.24 0.097404
0.98899 38.175 79.838 22.982 70.924 -10.337 0.092965
0.98903 38.334 79.99 22.892 70.95 -10.438 0.084827
0.98907 38.493 80.206 22.8 70.96 -10.537 0.07258
0.98911 38.646 80.463 22.705 70.953 -10.63 0.055897
0.98915 38.789 80.729 22.611 70.928 -10.713 0.034568
0.98918 38.915 80.972 22.518 70.889 -10.78 0.0085469
0.98922 39.022 81.164 22.43 70.837 -10.83 -0.022015
0.98926 39.105 81.279 22.347 70.778 -10.862 -0.056734
0.9893 39.164 81.302 22.27 70.716 -10.876 -0.094976
0.98933 39.195 81.224 22.202 70.658 -10.874 -0.13585
0.98935 39.199 81.047 22.143 70.606 -10.86 -0.17821
0.98936 39.177 80.782 22.094 70.565 -10.839 -0.22071
0.98935 39.129 80.444 22.055 70.538 -10.818 -0.26182
0.98934 39.057 80.055 22.025 70.525 -10.801 -0.29994
0.98931 38.965 79.638 22.006 70.526 -10.796 -0.33343
0.98926 38.854 79.216 21.995 70.54 -10.807 -0.36077
0.98921 38.728 78.811 21.992 70.563 -10.838 -0.38064
0.98915 38.589 78.441 21.997 70.593 -10.889 -0.392
0.98909 38.44 78.118 22.01 70.626 -10.96 -0.39423
0.98903 38.284 77.852 22.028 70.658 -11.044 -0.38718
0.98898 38.123 77.647 22.053 70.688 -11.136 -0.37122
0.98893 37.959 77.504 22.084 70.713 -11.224 -0.34726
0.98889 37.796 77.421 22.12 70.733 -11.297 -0.31675
0.98885 37.635 77.395 22.162 70.748 -11.338 -0.2816
0.98883 37.481 77.421 22.209 70.761 -11.334 -0.2441
0.9888 37.338 77.498 22.261 70.774 -11.27 -0.20678
0.98878 37.212 77.623 22.319 70.789 -11.132 -0.17229
0.98876 37.11 77.798 22.381 70.81 -10.91 -0.1432
0.98872 37.039 78.026 22.449 70.839 -10.596 -0.12186
0.98868 37.007 78.31 22.522 70.877 -10.188 -0.1102
0.98861 37.02 78.657 22.6 70.925 -9.689 -0.10964
0.98853 37.086 79.07 22.684 70.981 -9.1057 -0.12093
0.98843 37.207 79.551 22.774 71.043 -8.4521 -0.14412
0.98831 37.386 80.1 22.871 71.109 -7.7466 -0.17849
0.98817 37.621 80.709 22.975 71.173 -7.0118 -0.22263
0.98804 37.907 81.369 23.089 71.233 -6.2739 -0.27449
0.9879 38.236 82.063 23.212 71.283 -5.5606 -0.33148
0.98777 38.597 82.772 23.348 71.321 -4.9006 -0.39065
0.98767 38.976 83.475 23.496 71.343 -4.3212 -0.44888
0.98759 39.361 84.151 23.66 71.349 -3.8472 -0.50302
0.98755 39.735 84.782 23.839 71.338 -3.4993 -0.55014
0.98754 40.088 85.354 24.035 71.311 -3.2932 -0.58766
0.98757 40.406 85.858 24.248 71.272 -3.2383 -0.61355
0.98763 40.682 86.29 24.478 71.224 -3.3375 -0.62639
0.98771 40.912 86.652 24.723 71.171 -3.5871 -0.62549
0.98782 41.093 86.949 24.982 71.117 -3.9767 -0.61089
0.98794 41.228 87.188 25.252 71.066 -4.4904 -0.58335
0.98805 41.321 87.376 25.529 71.021 -5.1073 -0.54428
0.98816 41.38 87.521 25.81 70.986 -5.8032 -0.49563
0.98825 41.415 87.629 26.09 70.962 -6.5515 -0.43978
0.98833 41.434 87.702 26.364 70.95 -7.3251 -0.37938
0.98838 41.45 87.743 26.627 70.95 -8.0979 -0.31715
0.98842 41.471 87.756 26.874 70.961 -8.8458 -0.2558
0.98844 41.507 87.745 27.1 70.983 -9.548 -0.19779
0.98845 41.565 87.714 27.302 71.014 -10.188 -0.14528
0.98846 41.649 87.674 27.474 71.053 -10.754 -0.099968
0.98848 41.762 87.635 27.614 71.097 -11.24 -0.063061
0.98851 41.902 87.61 27.72 71.144 -11.643 -0.035221
0.98855 42.064 87.615 27.79 71.194 -11.965 -0.016569
0.98859 42.242 87.664 27.824 71.244 -12.214 -0.0067161
0.98863 42.425 87.769 27.822 71.295 -12.398 -0.0048253
0.98865 42.601 87.937 27.785 71.345 -12.529 -0.0096971
0.98865 42.757 88.169 27.717 71.393 -12.617 -0.019873
0.98861 42.879 88.457 27.621 71.441 -12.676 -0.03375
0.9885 42.956 88.786 27.5 71.487 -12.716 -0.049697
0.98834 42.975 89.133 27.362 71.534 -12.746 -0.06617
0.9881 42.93 89.469 27.212 71.58 -12.773 -0.081816
0.9878 42.817 89.761 27.056 71.625 -12.8 -0.095554
0.98744 42.635 89.978 26.904 71.671 -12.828 -0.10664
0.98703 42.39 90.093 26.762 71.715 -12.856 -0.11471
0.98661 42.093 90.085 26.638 71.757 -12.88 -0.11977
0.9862 41.756 89.945 26.542 71.795 -12.892 -0.12221
0.98584 41.398 89.676 26.479 71.826 -12.886 -0.12272
0.98554 41.041 89.294 26.456 71.849 -12.852 -0.12225
0.98534 40.707 88.823 26.479 71.86 -12.782 -0.12191
0.98525 40.418 88.297 26.551 71.858 -12.668 -0.12287
0.9853 40.195 87.755 26.673 71.841 -12.503 -0.12628
0.98546 40.058 87.235 26.845 71.809 -12.281 -0.13315
0.98575 40.02 86.773 27.062 71.762 -11.999 -0.14428
0.98614 40.089 86.399 27.32 71.703 -11.656 -0.16018
0.98659 40.268 86.137 27.61 71.633 -11.253 -0.18105
0.98708 40.55 86.002 27.921 71.557 -10.795 -0.20672
0.98758 40.924 85.999 28.242 71.479 -10.287 -0.23672
0.98804 41.37 86.129 28.559 71.402 -9.7375 -0.27025
0.98843 41.863 86.384 28.859 71.332 -9.1553 -0.30627
0.98873 42.375 86.752 29.128 71.271 -8.5512 -0.34357
0.98892 42.875 87.218 29.353 71.222 -7.9363 -0.38087
0.98899 43.333 87.76 29.525 71.187 -7.322 -0.41686
0.98895 43.723 88.355 29.635 71.166 -6.7195 -0.45033
0.9888 44.023 88.979 29.679 71.158 -6.1393 -0.48023
0.98856 44.219 89.603 29.655 71.162 -5.5911 -0.50574
0.98826 44.303 90.195 29.564 71.177 -5.0835 -0.52627
0.98791 44.278 90.727 29.414 71.2 -4.6238 -0.54156
0.98756 44.153 91.166 29.21 71.228 -4.218 -0.5516
0.98723 43.944 91.487 28.965 71.261 -3.8704 -0.55667
0.98694 43.672 91.668 28.691 71.296 -3.5841 -0.5573
0.98671 43.361 91.695 28.399 71.333 -3.3604 -0.55418
0.98656 43.035 91.566 28.105 71.372 -3.1994 -0.54817
0.98648 42.715 91.29 27.818 71.414 -3.0994 -0.5402
0.98649 42.42 90.89 27.549 71.459 -3.0573 -0.53124
0.98658 42.162 90.399 27.308 71.509 -3.0684 -0.52223
0.98673 41.947 89.859 27.099 71.565 -3.1267 -0.51402
0.98693 41.775 89.319 26.927 71.626 -3.2246 -0.50735
0.98717 41.642 88.829 26.792 71.694 -3.3534 -0.50284
0.98742 41.537 88.433 26.693 71.767 -3.5034 -0.50091
0.98768 41.449 88.169 26.63 71.844 -3.664 -0.50182
0.98792 41.364 88.06 26.598 71.922 -3.8247 -0.50564
0.98815 41.269 88.115 26.594 72 -3.975 -0.51226
0.98834 41.156 88.328 26.614 72.072 -4.1051 -0.5214
0.9885 41.017 88.675 26.655 72.137 -4.2069 -0.53266
0.98863 40.849 89.123 26.713 72.19 -4.2739 -0.54548
0.98873 40.656 89.628 26.787 72.227 -4.302 -0.55926
0.98881 40.441 90.146 26.873 72.247 -4.2898 -0.57329
0.98887 40.216 90.632 26.968 72.246 -4.239 -0.5869
0.98891 39.989 91.048 27.068 72.223 -4.154 -0.5994
0.98895 39.774 91.369 27.17 72.178 -4.0421 -0.61019
0.98898 39.581 91.58 27.267 72.112 -3.9127 -0.61876
0.98901 39.42 91.68 27.353 72.026 -3.7769 -0.62473
0.98903 39.297 91.68 27.421 71.923 -3.6468 -0.62789
0.98904 39.218 91.601 27.46 71.807 -3.5345 -0.62818
0.98904 39.182 91.469 27.463 71.682 -3.451 -0.62573
0.98901 39.188 91.309 27.42 71.553 -3.4058 -0.62086
0.98896 39.23 91.145 27.324 71.425 -3.406 -0.61402
0.98888 39.302 90.994 27.169 71.304 -3.4556 -0.60579
0.98876 39.395 90.862 26.952 71.194 -3.5552 -0.59683
0.98861 39.5 90.748 26.672 71.101 -3.7024 -0.58784
0.98844 39.61 90.642 26.335 71.027 -3.8913 -0.57948
0.98825 39.716 90.529 25.947 70.974 -4.1138 -0.57233
0.98806 39.813 90.39 25.519 70.945 -4.3596 -0.56683
0.98789 39.896 90.21 25.066 70.938 -4.6175 -0.56323
0.98775 39.961 89.974 24.604 70.952 -4.876 -0.56157
0.98765 40.007 89.676 24.152 70.983 -5.1246 -0.56163
0.98761 40.034 89.318 23.727 71.028 -5.3543 -0.56297
0.98763 40.043 88.907 23.347 71.082 -5.5585 -0.5649
0.98772 40.035 88.459 23.025 71.139 -5.7332 -0.56659
0.98787 40.014 87.993 22.775 71.194 -5.8775 -0.56706
0.98808 39.98 87.532 22.602 71.241 -5.9933 -0.5653
0.98832 39.936 87.097 22.511 71.276 -6.085 -0.56036
0.98857 39.886 86.71 22.499 71.294 -6.1592 -0.55139
0.98881 39.829 86.385 22.559 71.293 -6.2236 -0.53777
0.98903 39.767 86.134 22.682 71.272 -6.2863 -0.51915
0.98919 39.701 85.961 22.852 71.23 -6.3552 -0.49555
0.98929 39.63 85.864 23.055 71.17 -6.4367 -0.46733
0.98932 39.555 85.835 23.273 71.093 -6.5355 -0.43525
0.98926 39.475 85.86 23.489 71.003 -6.6539 -0.4004
0.98913 39.39 85.921 23.687 70.906 -6.7912 -0.36419
0.98893 39.301 85.999 23.855 70.805 -6.9441 -0.32824
0.98868 39.207 86.074 23.983 70.707 -7.1067 -0.2943
0.9884 39.111 86.128 24.063 70.617 -7.2705 -0.26416
0.98812 39.014 86.147 24.094 70.537 -7.4257 -0.23949
0.98785 38.918 86.121 24.077 70.472 -7.5611 -0.22176
0.98762 38.826 86.045 24.018 70.423 -7.6657 -0.21217
0.98745 38.742 85.923 23.925 70.392 -7.7287 -0.2115
0.98735 38.668 85.762 23.807 70.378 -7.7408 -0.22015
0.98733 38.607 85.576 23.678 70.38 -7.6947 -0.23801
0.98739 38.561 85.383 23.548 70.395 -7.5857 -0.26456
0.9875 38.533 85.201 23.429 70.423 -7.4118 -0.29884
0.98767 38.523 85.052 23.332 70.459 -7.1745 -0.33955
0.98786 38.531 84.955 23.263 70.502 -6.8782 -0.38508
0.98805 38.558 84.926 23.23 70.548 -6.5303 -0.43366
0.98822 38.603 84.978 23.234 70.595 -6.1408 -0.48341
0.98834 38.666 85.119 23.275 70.641 -5.7219 -0.53249
0.9884 38.745 85.35 23.352 70.685 -5.2874 -0.57916
0.98837 38.839 85.668 23.459 70.725 -4.852 -0.62189
0.98826 38.947 86.061 23.591 70.758 -4.4306 -0.65943
0.98807 39.068 86.512 23.74 70.784 -4.0375 -0.69085
0.98781 39.2 87 23.899 70.802 -3.686 -0.71559
0.9875 39.343 87.497 24.06 70.809 -3.3876 -0.73345
0.98717 39.493 87.975 24.216 70.805 -3.1514 -0.74462
0.98684 39.651 88.404 24.362 70.788 -2.9842 -0.74959
0.98655 39.812 88.757 24.494 70.759 -2.8897 -0.74916
0.98631 39.973 89.007 24.61 70.717 -2.8686 -0.74436
0.98615 40.133 89.134 24.708 70.664 -2.9188 -0.73636
0.98609 40.285 89.126 24.789 70.602 -3.0355 -0.72644
0.98612 40.426 88.977 24.856 70.532 -3.2118 -0.71588
0.98626 40.55 88.689 24.911 70.459 -3.4385 -0.70587
0.98648 40.653 88.274 24.956 70.385 -3.7056 -0.69748
0.98677 40.731 87.751 24.996 70.317 -4.0022 -0.69155
0.98711 40.779 87.144 25.032 70.257 -4.3174 -0.68867
0.98747 40.794 86.48 25.067 70.21 -4.641 -0.68913
0.98783 40.775 85.791 25.102 70.178 -4.9638 -0.69288
0.98817 40.722 85.106 25.139 70.163 -5.2785 -0.69958
0.98847 40.637 84.451 25.176 70.165 -5.5794 -0.70856
0.98871 40.523 83.848 25.212 70.183 -5.8631 -0.7189
0.9889 40.385 83.314 25.245 70.214 -6.1283 -0.72949
0.98901 40.23 82.859 25.273 70.255 -6.3756 -0.73906
0.98907 40.066 82.484 25.293 70.301 -6.6073 -0.74633
0.98906 39.9 82.186 25.301 70.35 -6.8267 -0.75006
0.98901 39.742 81.955 25.298 70.395 -7.038 -0.74915
0.98891 39.597 81.775 25.279 70.434 -7.2457 -0.74273
0.98879 39.474 81.628 25.245 70.465 -7.4538 -0.73025
0.98864 39.377 81.497 25.196 70.486 -7.6654 -0.71149
0.98847 39.31 81.363 25.132 70.496 -7.8825 -0.68664
0.9883 39.272 81.213 25.055 70.497 -8.1058 -0.65626
0.98813 39.264 81.035 24.968 70.489 -8.3342 -0.62126
0.98795 39.282 80.827 24.874 70.475 -8.5654 -0.58284
0.98779 39.321 80.587 24.777 70.456 -8.7956 -0.54241
0.98763 39.377 80.324 24.679 70.434 -9.0203 -0.50148
0.98749 39.443 80.045 24.585 70.412 -9.2344 -0.46156
