//co2 data for Study 18 _2
steady: none
chosen_param: SaO2sup, Pa_CO2, P_a, Vmca_d, TOI_d, HbT_d, CCO_d
time_step: 1.0
******
0.9726 43.54 86.891 58.307 73.346 -2.1824 -0.32461
0.97232 43.368 87.13 58.553 73.267 -2.1756 -0.31132
0.97205 43.22 87.349 58.816 73.179 -2.1862 -0.29851
0.97178 43.101 87.523 59.074 73.087 -2.2144 -0.28671
0.97152 43.012 87.629 59.305 72.998 -2.2592 -0.27631
0.97124 42.952 87.636 59.485 72.915 -2.3187 -0.2676
0.97095 42.916 87.517 59.593 72.845 -2.3899 -0.2607
0.97063 42.899 87.246 59.61 72.792 -2.4689 -0.25564
0.97025 42.896 86.8 59.525 72.761 -2.5507 -0.2523
0.9698 42.9 86.164 59.329 72.753 -2.6303 -0.25046
0.96925 42.905 85.335 59.025 72.771 -2.7019 -0.2498
0.96859 42.908 84.322 58.621 72.815 -2.7602 -0.24996
0.96779 42.905 83.147 58.132 72.884 -2.8004 -0.25049
0.96685 42.895 81.853 57.581 72.975 -2.8183 -0.25094
0.9658 42.877 80.491 56.996 73.083 -2.8112 -0.25086
0.96465 42.853 79.128 56.409 73.203 -2.7777 -0.24978
0.96344 42.824 77.837 55.855 73.329 -2.7181 -0.2473
0.96224 42.793 76.693 55.366 73.454 -2.6342 -0.24305
0.96112 42.763 75.764 54.974 73.571 -2.5297 -0.23677
0.96015 42.735 75.11 54.706 73.673 -2.4096 -0.22826
0.95942 42.712 74.773 54.584 73.755 -2.2798 -0.21747
0.95898 42.697 74.775 54.62 73.813 -2.1473 -0.20445
0.95889 42.688 75.117 54.82 73.845 -2.0192 -0.18941
0.95917 42.688 75.779 55.178 73.849 -1.9026 -0.17269
0.95982 42.695 76.723 55.682 73.828 -1.804 -0.15479
0.9608 42.71 77.894 56.31 73.784 -1.7286 -0.13631
0.96205 42.732 79.231 57.033 73.723 -1.6807 -0.11796
0.96349 42.759 80.666 57.816 73.649 -1.6626 -0.1005
0.96501 42.792 82.132 58.621 73.569 -1.675 -0.084746
0.96651 42.83 83.568 59.406 73.49 -1.7166 -0.071471
0.96789 42.874 84.918 60.133 73.417 -1.7845 -0.061385
0.96908 42.924 86.138 60.764 73.357 -1.8744 -0.055075
0.97001 42.98 87.189 61.268 73.313 -1.9806 -0.052969
0.97066 43.043 88.044 61.619 73.288 -2.0966 -0.055291
0.97104 43.113 88.684 61.802 73.281 -2.2155 -0.06204
0.97115 43.19 89.097 61.807 73.293 -2.3304 -0.072982
0.97106 43.275 89.279 61.638 73.321 -2.4346 -0.087649
0.97082 43.364 89.235 61.306 73.361 -2.5226 -0.10537
0.97051 43.458 88.974 60.831 73.41 -2.5896 -0.12528
0.97019 43.553 88.518 60.241 73.464 -2.6323 -0.14642
0.96993 43.646 87.895 59.57 73.518 -2.6489 -0.16775
0.96979 43.735 87.138 58.855 73.569 -2.639 -0.18824
0.9698 43.817 86.29 58.135 73.614 -2.6035 -0.20691
0.96999 43.889 85.396 57.448 73.651 -2.5448 -0.22291
0.97034 43.949 84.501 56.827 73.681 -2.4661 -0.2356
0.97085 43.998 83.651 56.303 73.702 -2.3716 -0.24451
0.97148 44.035 82.883 55.899 73.717 -2.2658 -0.24946
0.9722 44.061 82.228 55.63 73.726 -2.1534 -0.25048
0.97295 44.079 81.708 55.503 73.733 -2.0391 -0.24786
0.9737 44.092 81.333 55.516 73.739 -1.9272 -0.24207
0.9744 44.104 81.103 55.66 73.746 -1.8214 -0.23378
0.97502 44.118 81.008 55.92 73.756 -1.7246 -0.22372
0.97554 44.14 81.031 56.274 73.769 -1.6391 -0.21272
0.97593 44.172 81.148 56.697 73.786 -1.5664 -0.20156
0.9762 44.219 81.335 57.163 73.806 -1.507 -0.19095
0.97636 44.284 81.563 57.646 73.828 -1.4611 -0.18151
0.97642 44.368 81.806 58.12 73.851 -1.4279 -0.17366
0.97642 44.473 82.042 58.565 73.873 -1.4065 -0.16768
0.97638 44.599 82.251 58.965 73.892 -1.3955 -0.16363
0.97633 44.746 82.42 59.308 73.907 -1.3935 -0.16139
0.97629 44.913 82.541 59.59 73.916 -1.3991 -0.16071
0.97629 45.098 82.615 59.811 73.92 -1.4107 -0.16118
0.97633 45.298 82.645 59.977 73.918 -1.4271 -0.16232
0.97642 45.511 82.643 60.097 73.912 -1.4474 -0.16363
0.97656 45.735 82.623 60.185 73.902 -1.4705 -0.1646
0.97673 45.968 82.599 60.256 73.891 -1.4959 -0.16479
0.97691 46.21 82.587 60.327 73.881 -1.523 -0.16382
0.97709 46.46 82.599 60.412 73.875 -1.5515 -0.16148
0.97723 46.718 82.643 60.527 73.875 -1.5812 -0.15764
0.97734 46.986 82.718 60.684 73.884 -1.6118 -0.15233
0.9774 47.266 82.822 60.892 73.902 -1.6432 -0.14568
0.97741 47.558 82.943 61.156 73.932 -1.6753 -0.13795
0.97738 47.865 83.069 61.48 73.974 -1.7079 -0.12945
0.97732 48.186 83.183 61.863 74.026 -1.7408 -0.12054
0.97725 48.52 83.272 62.301 74.088 -1.7738 -0.11157
0.97719 48.865 83.325 62.788 74.157 -1.8068 -0.10289
0.97716 49.218 83.339 63.316 74.231 -1.8397 -0.094781
0.97716 49.574 83.316 63.874 74.307 -1.8724 -0.087447
0.97721 49.926 83.267 64.45 74.382 -1.905 -0.081016
0.9773 50.268 83.208 65.035 74.453 -1.9374 -0.075528
0.97742 50.593 83.159 65.614 74.517 -1.9696 -0.070943
0.97755 50.893 83.144 66.177 74.571 -2.0018 -0.067159
0.97767 51.164 83.182 66.712 74.616 -2.0339 -0.064027
0.97774 51.4 83.291 67.21 74.65 -2.066 -0.061378
0.97774 51.598 83.483 67.661 74.673 -2.0977 -0.059045
0.97764 51.756 83.759 68.057 74.687 -2.1289 -0.056882
0.97741 51.875 84.116 68.393 74.693 -2.1589 -0.054782
0.97705 51.957 84.541 68.665 74.693 -2.1873 -0.052683
0.97656 52.005 85.016 68.871 74.691 -2.2133 -0.050575
0.97595 52.025 85.52 69.011 74.689 -2.2358 -0.048493
0.97525 52.023 86.028 69.088 74.689 -2.254 -0.046509
0.97451 52.004 86.516 69.107 74.692 -2.267 -0.044715
0.97378 51.976 86.96 69.075 74.7 -2.2738 -0.043206
0.97311 51.944 87.343 69.001 74.714 -2.2737 -0.042064
0.97256 51.914 87.648 68.898 74.733 -2.2663 -0.041342
0.97219 51.89 87.867 68.778 74.756 -2.2513 -0.041052
0.97203 51.875 87.993 68.655 74.783 -2.2291 -0.041157
0.97211 51.872 88.029 68.543 74.81 -2.2001 -0.041572
0.97243 51.882 87.981 68.457 74.836 -2.1653 -0.04217
0.97297 51.906 87.86 68.408 74.86 -2.1262 -0.042787
0.9737 51.942 87.682 68.408 74.879 -2.0844 -0.043242
0.97456 51.99 87.466 68.465 74.893 -2.0419 -0.043352
0.97549 52.049 87.233 68.585 74.9 -2.0007 -0.042944
0.97641 52.116 87.006 68.769 74.902 -1.9632 -0.041877
0.97725 52.189 86.806 69.015 74.899 -1.9313 -0.040049
0.97795 52.265 86.654 69.318 74.893 -1.907 -0.03741
0.97847 52.344 86.569 69.667 74.887 -1.892 -0.03396
0.97877 52.421 86.563 70.052 74.884 -1.8873 -0.029755
0.97885 52.496 86.647 70.456 74.887 -1.8937 -0.024898
0.97873 52.564 86.822 70.864 74.898 -1.9112 -0.019532
0.97844 52.624 87.084 71.259 74.92 -1.9393 -0.01383
0.97805 52.673 87.422 71.625 74.956 -1.9768 -0.0079872
0.9776 52.708 87.816 71.946 75.005 -2.0218 -0.0022084
0.97718 52.727 88.241 72.209 75.068 -2.0721 0.0032992
0.97683 52.727 88.665 72.405 75.143 -2.1249 0.0083319
0.97661 52.708 89.056 72.526 75.229 -2.177 0.012694
0.97656 52.667 89.379 72.569 75.322 -2.225 0.0162
0.97669 52.605 89.604 72.536 75.42 -2.2656 0.018676
0.97701 52.525 89.709 72.429 75.518 -2.2955 0.019961
0.9775 52.427 89.681 72.256 75.612 -2.3117 0.019907
0.97811 52.315 89.519 72.024 75.701 -2.3119 0.018385
0.97881 52.195 89.235 71.746 75.78 -2.2941 0.015289
0.97953 52.07 88.85 71.431 75.849 -2.2574 0.010546
0.98023 51.946 88.395 71.092 75.907 -2.2014 0.0041225
0.98084 51.83 87.909 70.74 75.954 -2.1269 -0.00396
0.98133 51.724 87.427 70.384 75.993 -2.0354 -0.013616
0.98166 51.633 86.986 70.034 76.025 -1.9293 -0.024684
0.98181 51.56 86.612 69.698 76.053 -1.812 -0.036922
0.98178 51.506 86.325 69.381 76.08 -1.6874 -0.050002
0.98158 51.471 86.132 69.088 76.108 -1.5597 -0.063519
0.98124 51.454 86.033 68.824 76.139 -1.4338 -0.076995
0.98081 51.452 86.016 68.592 76.173 -1.3141 -0.089906
0.98032 51.462 86.062 68.393 76.211 -1.2053 -0.1017
0.97984 51.48 86.151 68.231 76.251 -1.1114 -0.11183
0.97941 51.503 86.261 68.105 76.293 -1.0356 -0.11981
0.97906 51.527 86.37 68.019 76.333 -0.9804 -0.12519
0.97884 51.548 86.465 67.971 76.371 -0.94725 -0.12766
0.97875 51.564 86.536 67.964 76.403 -0.93635 -0.12706
0.9788 51.573 86.578 67.997 76.428 -0.94673 -0.12336
0.97897 51.574 86.593 68.068 76.446 -0.97628 -0.11673
0.97923 51.567 86.587 68.176 76.454 -1.0218 -0.10748
0.97955 51.554 86.567 68.318 76.455 -1.0791 -0.096092
0.9799 51.536 86.54 68.488 76.448 -1.1435 -0.083179
0.98023 51.515 86.513 68.681 76.434 -1.2098 -0.069436
0.98051 51.495 86.488 68.891 76.417 -1.2728 -0.055602
0.98072 51.477 86.465 69.11 76.396 -1.3275 -0.042406
0.98083 51.463 86.44 69.332 76.373 -1.3694 -0.030519
0.98087 51.456 86.405 69.547 76.351 -1.3949 -0.020496
0.98082 51.457 86.353 69.75 76.328 -1.4017 -0.012744
0.98072 51.464 86.274 69.932 76.307 -1.3884 -0.0074838
0.98058 51.478 86.161 70.09 76.285 -1.3552 -0.0047383
0.98044 51.497 86.008 70.219 76.264 -1.3036 -0.0043301
0.98033 51.518 85.816 70.315 76.242 -1.2362 -0.0058977
0.98027 51.54 85.587 70.377 76.22 -1.1568 -0.0089258
0.98028 51.559 85.33 70.404 76.195 -1.0701 -0.012789
0.98036 51.572 85.061 70.399 76.17 -0.98098 -0.016804
0.98053 51.577 84.797 70.361 76.143 -0.89474 -0.020287
0.98078 51.572 84.562 70.293 76.115 -0.81636 -0.02261
0.9811 51.554 84.382 70.197 76.088 -0.75028 -0.023251
0.98146 51.524 84.287 70.075 76.063 -0.7001 -0.021841
0.98186 51.481 84.303 69.928 76.039 -0.66835 -0.01819
0.98226 51.427 84.459 69.759 76.02 -0.6563 -0.012301
0.98265 51.363 84.778 69.567 76.004 -0.66395 -0.0043673
0.98301 51.293 85.277 69.353 75.994 -0.68999 0.0052426
0.9833 51.22 85.967 69.118 75.989 -0.73199 0.016023
0.98352 51.149 86.846 68.862 75.989 -0.78653 0.027372
0.98365 51.083 87.902 68.587 75.994 -0.84949 0.038646
0.98368 51.027 89.11 68.293 76.004 -0.91634 0.049212
0.98361 50.984 90.432 67.983 76.018 -0.98246 0.058505
0.98344 50.958 91.82 67.662 76.037 -1.0435 0.06607
0.98317 50.95 93.216 67.335 76.059 -1.0954 0.071605
0.98282 50.96 94.559 67.007 76.085 -1.1352 0.074978
0.98238 50.989 95.787 66.687 76.114 -1.1606 0.076244
0.98187 51.034 96.845 66.383 76.147 -1.1703 0.075632
0.9813 51.092 97.686 66.103 76.184 -1.1643 0.073528
0.9807 51.159 98.275 65.857 76.222 -1.1433 0.070442
0.98007 51.231 98.595 65.652 76.263 -1.1091 0.066962
0.97944 51.303 98.644 65.496 76.305 -1.064 0.063709
0.97882 51.369 98.437 65.396 76.345 -1.0111 0.061283
0.97825 51.426 98.003 65.354 76.383 -0.95331 0.060221
0.97773 51.469 97.384 65.374 76.416 -0.89399 0.060948
0.9773 51.496 96.627 65.455 76.442 -0.83608 0.06375
0.97697 51.505 95.787 65.595 76.46 -0.78219 0.068752
0.97675 51.496 94.916 65.788 76.468 -0.73437 0.075913
0.97667 51.47 94.065 66.028 76.466 -0.69406 0.085028
0.97672 51.428 93.279 66.306 76.454 -0.66204 0.095752
0.97691 51.374 92.596 66.612 76.433 -0.63842 0.10762
0.97722 51.312 92.044 66.934 76.405 -0.62274 0.12011
0.97763 51.246 91.64 67.26 76.372 -0.61409 0.13263
0.97814 51.181 91.395 67.578 76.337 -0.61122 0.14462
0.9787 51.121 91.305 67.876 76.302 -0.61269 0.15556
0.97929 51.071 91.363 68.143 76.271 -0.61709 0.16502
0.97989 51.032 91.552 68.366 76.245 -0.62311 0.17266
0.98046 51.009 91.85 68.539 76.226 -0.62971 0.1783
0.981 51 92.23 68.651 76.216 -0.63619 0.18186
0.98147 51.007 92.664 68.699 76.214 -0.64223 0.18343
0.98188 51.027 93.121 68.677 76.221 -0.64788 0.18319
0.98222 51.058 93.573 68.584 76.235 -0.65352 0.18145
0.98251 51.096 93.993 68.421 76.257 -0.65977 0.17858
0.98274 51.138 94.357 68.19 76.283 -0.66737 0.175
0.98293 51.178 94.647 67.895 76.314 -0.67701 0.17116
0.98309 51.212 94.853 67.545 76.349 -0.68925 0.16748
0.98324 51.233 94.97 67.146 76.387 -0.70429 0.16433
0.98338 51.238 95.003 66.71 76.426 -0.72197 0.16202
0.98352 51.224 94.961 66.248 76.466 -0.74161 0.16079
0.98366 51.186 94.861 65.772 76.508 -0.76204 0.16078
0.98378 51.126 94.721 65.294 76.55 -0.78161 0.16201
0.98389 51.043 94.562 64.828 76.592 -0.7983 0.16445
0.98397 50.942 94.4 64.385 76.634 -0.80981 0.16796
0.98401 50.829 94.248 63.978 76.675 -0.81382 0.17232
0.984 50.712 94.11 63.616 76.715 -0.80812 0.1773
0.98393 50.602 93.985 63.31 76.753 -0.79087 0.18261
0.98381 50.513 93.864 63.066 76.79 -0.76079 0.18795
0.98362 50.459 93.736 62.889 76.826 -0.71735 0.19303
0.98339 50.455 93.585 62.782 76.86 -0.66085 0.19761
0.98312 50.516 93.398 62.747 76.892 -0.59252 0.20147
0.98284 50.655 93.17 62.781 76.924 -0.51453 0.20443
0.98257 50.881 92.902 62.882 76.955 -0.42984 0.20641
0.98234 51.202 92.605 63.043 76.987 -0.34209 0.20736
0.98215 51.618 92.301 63.259 77.018 -0.2554 0.2073
0.98205 52.126 92.022 63.521 77.05 -0.17405 0.2063
0.98204 52.717 91.804 63.819 77.083 -0.10227 0.20448
0.98212 53.375 91.686 64.145 77.115 -0.043918 0.202
0.9823 54.081 91.701 64.488 77.146 -0.0022258 0.19904
0.98258 54.814 91.877 64.839 77.176 0.02041 0.19578
0.98292 55.549 92.225 65.188 77.202 0.02259 0.19238
0.9833 56.262 92.744 65.525 77.222 0.0039986 0.18899
0.98371 56.93 93.412 65.842 77.237 -0.034585 0.18574
0.9841 57.535 94.191 66.131 77.244 -0.091352 0.18268
0.98444 58.06 95.027 66.384 77.243 -0.16359 0.17983
0.98472 58.495 95.854 66.595 77.233 -0.24787 0.17713
0.98491 58.834 96.601 66.755 77.214 -0.34027 0.1745
0.985 59.075 97.195 66.859 77.188 -0.43662 0.17178
0.98498 59.223 97.568 66.902 77.156 -0.53273 0.16877
0.98487 59.285 97.664 66.877 77.119 -0.62464 0.16524
0.98468 59.271 97.443 66.782 77.08 -0.70879 0.16097
0.98441 59.194 96.882 66.614 77.043 -0.78222 0.15571
0.98411 59.069 95.982 66.373 77.009 -0.84266 0.14926
0.98379 58.911 94.766 66.061 76.981 -0.88857 0.14146
0.98348 58.733 93.274 65.683 76.961 -0.91923 0.1322
0.9832 58.55 91.567 65.248 76.95 -0.93464 0.12146
0.98297 58.373 89.717 64.768 76.951 -0.93553 0.10932
0.98282 58.21 87.808 64.257 76.962 -0.92324 0.095942
0.98273 58.07 85.923 63.733 76.983 -0.89964 0.081596
0.98273 57.954 84.145 63.216 77.013 -0.86701 0.06665
0.98279 57.864 82.547 62.728 77.051 -0.82792 0.051557
0.98291 57.798 81.192 62.289 77.093 -0.78513 0.036837
0.98307 57.752 80.126 61.921 77.136 -0.74145 0.023056
0.98324 57.722 79.379 61.642 77.18 -0.69966 0.010797
0.98341 57.7 78.965 61.465 77.22 -0.66237 0.00063016
0.98356 57.682 78.88 61.401 77.255 -0.63197 -0.0069169
0.98366 57.663 79.106 61.452 77.283 -0.61052 -0.011394
0.98369 57.639 79.614 61.618 77.304 -0.59967 -0.012452
0.98365 57.607 80.366 61.889 77.318 -0.60064 -0.0098734
0.98353 57.567 81.315 62.252 77.324 -0.61412 -0.0035806
0.98333 57.521 82.414 62.686 77.324 -0.64033 0.0063482
0.98304 57.47 83.612 63.168 77.318 -0.67895 0.01968
0.98269 57.418 84.859 63.672 77.31 -0.72915 0.036037
0.98227 57.367 86.111 64.17 77.3 -0.78968 0.05491
0.98182 57.322 87.324 64.635 77.289 -0.8589 0.075682
0.98135 57.285 88.461 65.044 77.28 -0.93484 0.09766
0.98089 57.257 89.492 65.376 77.272 -1.0153 0.12011
0.98046 57.24 90.393 65.616 77.267 -1.0981 0.14228
0.9801 57.234 91.147 65.755 77.263 -1.1809 0.16344
0.97984 57.236 91.741 65.789 77.262 -1.2616 0.18294
0.97968 57.247 92.172 65.723 77.263 -1.338 0.20018
0.97966 57.262 92.442 65.566 77.264 -1.4084 0.21468
0.97977 57.28 92.557 65.334 77.265 -1.4712 0.22606
0.98003 57.298 92.53 65.045 77.267 -1.5254 0.23406
0.98042 57.314 92.377 64.722 77.268 -1.57 0.23855
0.98093 57.327 92.118 64.386 77.269 -1.6043 0.2395
0.98153 57.334 91.775 64.059 77.269 -1.628 0.23698
0.98217 57.336 91.371 63.761 77.27 -1.641 0.23116
0.98283 57.332 90.932 63.509 77.271 -1.6431 0.22227
0.98344 57.322 90.481 63.314 77.273 -1.6346 0.21062
0.98398 57.307 90.04 63.181 77.278 -1.6156 0.19654
0.9844 57.288 89.627 63.111 77.284 -1.5865 0.18043
0.98466 57.263 89.258 63.099 77.294 -1.5475 0.16273
0.98475 57.233 88.944 63.135 77.307 -1.4991 0.14388
0.98465 57.198 88.692 63.203 77.323 -1.4419 0.1244
0.98438 57.157 88.505 63.287 77.342 -1.3767 0.10481
0.98395 57.107 88.382 63.367 77.366 -1.3045 0.085689
0.98339 57.048 88.317 63.424 77.393 -1.2266 0.067632
0.98274 56.979 88.302 63.439 77.423 -1.1447 0.051264
0.98203 56.896 88.327 63.399 77.456 -1.0608 0.037219
0.98131 56.8 88.38 63.291 77.492 -0.97714 0.026123
0.98062 56.691 88.446 63.111 77.529 -0.89637 0.018567
0.97999 56.568 88.511 62.859 77.566 -0.8213 0.015077
0.97946 56.434 88.562 62.541 77.603 -0.7548 0.01608
0.97903 56.29 88.587 62.167 77.637 -0.69968 0.021871
0.97872 56.139 88.575 61.756 77.666 -0.65848 0.032571
0.97853 55.986 88.521 61.328 77.69 -0.63328 0.048107
0.97844 55.833 88.422 60.905 77.706 -0.62551 0.068184
0.97844 55.684 88.28 60.513 77.713 -0.63581 0.092275
0.97851 55.543 88.101 60.175 77.71 -0.66385 0.11963
0.97862 55.411 87.891 59.911 77.697 -0.70826 0.14927
0.97876 55.292 87.659 59.741 77.674 -0.7666 0.18007
0.97891 55.185 87.412 59.674 77.641 -0.83544 0.21074
0.97904 55.092 87.155 59.719 77.6 -0.91042 0.23995
0.97915 55.011 86.89 59.873 77.553 -0.98649 0.26635
0.97922 54.943 86.614 60.129 77.502 -1.0582 0.28868
0.97926 54.885 86.323 60.472 77.45 -1.1199 0.30581
0.97926 54.835 86.01 60.883 77.399 -1.1661 0.31686
0.97924 54.791 85.664 61.335 77.353 -1.1921 0.3212
0.97918 54.752 85.28 61.801 77.313 -1.1937 0.31856
0.9791 54.714 84.851 62.248 77.283 -1.1682 0.30899
0.97901 54.676 84.377 62.647 77.264 -1.1141 0.29292
0.97892 54.636 83.862 62.967 77.255 -1.0314 0.2711
0.97884 54.593 83.313 63.183 77.258 -0.92166 0.24458
0.97876 54.547 82.746 63.273 77.27 -0.78789 0.21466
0.97871 54.498 82.176 63.221 77.292 -0.63441 0.18278
0.97869 54.448 81.625 63.018 77.32 -0.46658 0.15046
0.97871 54.397 81.113 62.663 77.353 -0.29044 0.11919
0.97878 54.349 80.66 62.161 77.389 -0.11238 0.090351
0.9789 54.307 80.285 61.526 77.427 0.061333 0.065132
0.97907 54.274 80.003 60.775 77.464 0.22488 0.04445
0.97931 54.253 79.828 59.935 77.501 0.37328 0.028909
0.97962 54.247 79.764 59.032 77.536 0.5027 0.018771
0.97998 54.261 79.815 58.099 77.57 0.61063 0.013954
0.98041 54.295 79.975 57.166 77.602 0.69601 0.014052
0.98088 54.352 80.236 56.267 77.633 0.75926 0.018381
0.98139 54.432 80.582 55.43 77.663 0.80214 0.026043
0.9819 54.537 80.994 54.68 77.692 0.82761 0.036
0.9824 54.666 81.452 54.04 77.72 0.83951 0.047161
0.98285 54.816 81.931 53.524 77.748 0.8423 0.058465
0.98321 54.985 82.407 53.142 77.775 0.84065 0.068962
0.98345 55.17 82.859 52.898 77.801 0.83914 0.077881
0.98354 55.366 83.265 52.788 77.825 0.84188 0.084681
0.98345 55.567 83.609 52.805 77.846 0.85226 0.089077
0.98318 55.767 83.879 52.936 77.865 0.87272 0.091056
0.98273 55.96 84.067 53.166 77.88 0.90459 0.090856
0.9821 56.139 84.168 53.474 77.891 0.94809 0.088929
0.98133 56.296 84.185 53.842 77.899 1.0023 0.085898
0.98046 56.428 84.125 54.251 77.902 1.0652 0.082481
0.97953 56.528 83.999 54.682 77.902 1.1342 0.07943
0.97862 56.595 83.821 55.119 77.898 1.2057 0.077453
0.97778 56.625 83.607 55.549 77.893 1.276 0.077155
0.97706 56.621 83.376 55.963 77.888 1.3413 0.078983
0.97652 56.584 83.145 56.355 77.884 1.3979 0.08319
0.97618 56.519 82.932 56.721 77.883 1.4425 0.089818
0.97605 56.432 82.752 57.061 77.888 1.4724 0.098699
0.97612 56.329 82.617 57.378 77.899 1.4857 0.10948
0.97637 56.219 82.537 57.675 77.919 1.4814 0.12165
0.97676 56.107 82.522 57.956 77.947 1.4592 0.13461
0.97723 56.002 82.576 58.225 77.984 1.4199 0.1477
0.97772 55.907 82.703 58.486 78.029 1.365 0.16031
0.9782 55.827 82.907 58.741 78.078 1.2965 0.17186
0.97861 55.765 83.186 58.99 78.129 1.2171 0.1819
0.97893 55.719 83.54 59.233 78.178 1.1298 0.19016
0.97914 55.69 83.964 59.468 78.221 1.0377 0.19649
0.97925 55.675 84.448 59.691 78.253 0.94391 0.20093
0.97927 55.67 84.98 59.898 78.271 0.85131 0.20367
0.97923 55.673 85.542 60.086 78.271 0.76249 0.20501
0.97917 55.68 86.111 60.25 78.25 0.67959 0.20535
0.97913 55.686 86.662 60.386 78.209 0.60428 0.20511
0.97914 55.69 87.168 60.492 78.148 0.53771 0.20468
0.97924 55.69 87.603 60.566 78.07 0.48057 0.20444
0.97945 55.683 87.945 60.608 77.977 0.43314 0.20464
0.97976 55.671 88.175 60.617 77.876 0.39536 0.20544
0.98018 55.652 88.285 60.594 77.771 0.36692 0.20686
0.9807 55.627 88.276 60.54 77.67 0.34738 0.20884
0.98127 55.598 88.155 60.454 77.577 0.33628 0.21119
0.98188 55.567 87.94 60.338 77.498 0.3332 0.21367
0.98248 55.534 87.654 60.191 77.438 0.33781 0.216
0.98305 55.501 87.324 60.012 77.398 0.34991 0.21791
0.98354 55.47 86.977 59.799 77.38 0.36946 0.21918
0.98394 55.443 86.637 59.551 77.383 0.3965 0.21967
0.98422 55.422 86.325 59.266 77.405 0.43111 0.21934
0.98438 55.406 86.055 58.944 77.441 0.4734 0.21823
0.9844 55.399 85.834 58.585 77.487 0.52336 0.21651
0.98431 55.4 85.663 58.192 77.537 0.58085 0.21443
0.98411 55.412 85.538 57.768 77.585 0.64552 0.21228
0.98382 55.434 85.449 57.319 77.628 0.71676 0.21039
0.98347 55.466 85.386 56.854 77.66 0.79374 0.20906
0.98307 55.508 85.339 56.382 77.679 0.87534 0.20851
0.98266 55.56 85.297 55.916 77.684 0.96023 0.20888
0.98226 55.618 85.253 55.466 77.674 1.0469 0.21019
0.98189 55.682 85.205 55.046 77.652 1.1339 0.21231
0.98157 55.749 85.15 54.667 77.619 1.2194 0.21498
0.9813 55.814 85.09 54.338 77.58 1.3019 0.21782
0.9811 55.875 85.031 54.067 77.539 1.3799 0.22036
0.98097 55.929 84.979 53.861 77.5 1.452 0.22209
0.9809 55.973 84.94 53.722 77.468 1.517 0.22249
0.98088 56.004 84.921 53.65 77.446 1.574 0.22108
0.98092 56.021 84.927 53.642 77.437 1.622 0.21749
0.98099 56.024 84.963 53.695 77.441 1.6605 0.21146
0.98108 56.014 85.029 53.803 77.461 1.6888 0.2029
0.98119 55.992 85.122 53.96 77.493 1.7066 0.19189
0.9813 55.962 85.237 54.158 77.537 1.7137 0.17867
0.98142 55.926 85.365 54.392 77.589 1.7098 0.16363
0.98155 55.889 85.493 54.657 77.647 1.6951 0.14726
0.98168 55.854 85.608 54.947 77.706 1.6698 0.13016
0.98183 55.825 85.696 55.258 77.765 1.6343 0.11293
0.98201 55.802 85.743 55.589 77.82 1.5896 0.096157
0.98221 55.787 85.737 55.935 77.869 1.5367 0.080384
0.98245 55.779 85.668 56.294 77.91 1.4775 0.066046
0.98273 55.774 85.532 56.661 77.944 1.414 0.053462
0.98303 55.768 85.326 57.032 77.969 1.3489 0.04282
0.98335 55.756 85.053 57.398 77.986 1.2852 0.034179
0.98366 55.731 84.717 57.751 77.994 1.2263 0.027483
0.98395 55.687 84.326 58.08 77.994 1.1759 0.02258
0.98417 55.618 83.886 58.372 77.987 1.1375 0.019256
0.98431 55.521 83.404 58.614 77.972 1.1147 0.01727
0.98432 55.393 82.887 58.795 77.949 1.1105 0.016378
0.98419 55.237 82.338 58.902 77.918 1.1272 0.016373
0.9839 55.057 81.759 58.927 77.878 1.1664 0.017096
0.98343 54.859 81.153 58.864 77.829 1.2284 0.018456
0.9828 54.653 80.52 58.713 77.772 1.3125 0.020429
0.982 54.45 79.863 58.479 77.706 1.4164 0.023053
0.98106 54.263 79.189 58.171 77.633 1.5368 0.026414
0.98004 54.104 78.507 57.804 77.554 1.6693 0.030623
0.97896 53.983 77.832 57.397 77.47 1.8083 0.035791
0.9779 53.909 77.183 56.975 77.385 1.9476 0.042007
0.9769 53.886 76.585 56.561 77.302 2.0809 0.049309
0.97605 53.917 76.064 56.182 77.223 2.2018 0.057671
0.97539 53.998 75.649 55.861 77.152 2.3043 0.066989
0.97497 54.124 75.367 55.619 77.092 2.3835 0.077076
0.97484 54.288 75.244 55.47 77.043 2.4357 0.087669
0.975 54.48 75.299 55.424 77.009 2.4585 0.098436
0.97545 54.689 75.544 55.482 76.988 2.4516 0.109
0.97617 54.905 75.985 55.638 76.98 2.416 0.11897
0.97711 55.117 76.615 55.879 76.984 2.3547 0.12794
0.97819 55.317 77.422 56.185 76.997 2.2724 0.13557
0.97936 55.499 78.381 56.53 77.015 2.1746 0.14154
0.98052 55.657 79.462 56.888 77.037 2.0681 0.14565
0.98161 55.788 80.628 57.229 77.058 1.9599 0.14777
0.98257 55.891 81.833 57.525 77.078 1.857 0.1479
0.98334 55.965 83.032 57.751 77.093 1.766 0.14614
0.98391 56.012 84.176 57.891 77.103 1.6926 0.14269
0.98426 56.033 85.216 57.93 77.108 1.6409 0.13786
0.9844 56.031 86.107 57.866 77.109 1.6138 0.13202
0.98436 56.008 86.809 57.702 77.106 1.6124 0.12556
0.98417 55.968 87.292 57.45 77.102 1.636 0.11894
0.98388 55.913 87.535 57.129 77.099 1.6823 0.11256
0.98351 55.848 87.529 56.762 77.097 1.7478 0.1068
0.98311 55.775 87.281 56.377 77.1 1.8276 0.10198
0.9827 55.697 86.809 55.999 77.109 1.9164 0.09832
0.9823 55.617 86.144 55.656 77.125 2.0084 0.095956
0.98191 55.538 85.327 55.369 77.147 2.098 0.094918
0.98153 55.461 84.408 55.155 77.178 2.1801 0.095141
0.98115 55.389 83.44 55.023 77.215 2.2504 0.096471
0.98077 55.322 82.477 54.976 77.258 2.3057 0.098692
0.98037 55.261 81.571 55.007 77.305 2.3441 0.10154
0.97993 55.208 80.771 55.104 77.355 2.3647 0.10474
0.97946 55.162 80.118 55.249 77.405 2.3683 0.10801
0.97897 55.125 79.641 55.419 77.452 2.3565 0.11114
0.97845 55.097 79.364 55.59 77.495 2.3318 0.11394
0.97793 55.079 79.295 55.738 77.53 2.2975 0.11633
0.97743 55.071 79.433 55.841 77.555 2.2572 0.11828
0.97698 55.075 79.763 55.883 77.57 2.2144 0.11987
0.9766 55.09 80.26 55.853 77.572 2.1726 0.12126
0.97631 55.116 80.889 55.748 77.563 2.1347 0.12264
0.97614 55.153 81.606 55.572 77.543 2.1029 0.12427
0.97609 55.198 82.362 55.337 77.513 2.0785 0.12638
0.97617 55.25 83.108 55.061 77.477 2.0622 0.12921
0.97636 55.304 83.796 54.768 77.438 2.0534 0.13295
0.97666 55.356 84.384 54.486 77.4 2.0509 0.13769
0.97704 55.404 84.841 54.242 77.365 2.0529 0.14344
0.97749 55.442 85.147 54.064 77.337 2.0569 0.1501
0.97798 55.468 85.295 53.973 77.32 2.0599 0.15747
0.97849 55.479 85.292 53.988 77.316 2.0592 0.16525
0.97901 55.474 85.16 54.118 77.327 2.0518 0.17307
0.97952 55.452 84.929 54.364 77.353 2.0352 0.18051
0.98 55.414 84.636 54.718 77.394 2.0076 0.18712
0.98047 55.363 84.326 55.162 77.449 1.9674 0.1925
0.9809 55.301 84.043 55.67 77.517 1.9143 0.19631
0.98129 55.233 83.829 56.21 77.595 1.8486 0.19829
0.98165 55.163 83.723 56.744 77.68 1.7714 0.19833
0.98195 55.097 83.753 57.234 77.769 1.6848 0.19642
0.9822 55.038 83.94 57.64 77.859 1.5914 0.19273
0.98239 54.991 84.291 57.926 77.946 1.4947 0.18755
0.98249 54.959 84.802 58.064 78.026 1.398 0.18129
0.98252 54.944 85.455 58.033 78.098 1.3053 0.17444
0.98246 54.946 86.218 57.822 78.158 1.2202 0.16754
0.98231 54.964 87.047 57.431 78.206 1.1461 0.1611
0.98209 54.998 87.889 56.873 78.239 1.0857 0.15561
0.9818 55.042 88.684 56.173 78.257 1.0412 0.15145
0.98147 55.094 89.369 55.365 78.261 1.0136 0.14888
0.98112 55.148 89.881 54.492 78.252 1.0034 0.14799
0.98078 55.2 90.168 53.601 78.231 1.0097 0.14872
0.98049 55.244 90.186 52.745 78.2 1.0309 0.15083
0.98026 55.276 89.91 51.975 78.161 1.0645 0.15394
0.98013 55.295 89.336 51.337 78.115 1.1071 0.15754
0.98012 55.297 88.481 50.872 78.064 1.1551 0.16105
0.98025 55.284 87.385 50.612 78.011 1.2044 0.16388
0.98051 55.255 86.112 50.575 77.956 1.251 0.16545
0.98089 55.214 84.739 50.768 77.9 1.2909 0.16525
0.9814 55.164 83.359 51.184 77.845 1.3208 0.16294
0.98199 55.109 82.07 51.802 77.791 1.3376 0.1583
0.98264 55.054 80.967 52.591 77.737 1.3393 0.15132
0.98331 55.003 80.137 53.509 77.684 1.3247 0.14219
0.98397 54.958 79.651 54.507 77.633 1.2934 0.13125
0.98456 54.924 79.556 55.53 77.583 1.246 0.11905
0.98506 54.9 79.875 56.524 77.533 1.1838 0.10623
0.98543 54.889 80.599 57.437 77.486 1.1091 0.093489
0.98564 54.888 81.69 58.22 77.44 1.0247 0.081568
0.98568 54.897 83.083 58.834 77.397 0.93374 0.071141
0.98554 54.914 84.687 59.248 77.357 0.83993 0.062784
0.98523 54.936 86.392 59.444 77.32 0.7469 0.056924
0.98478 54.961 88.078 59.414 77.287 0.65824 0.053807
0.9842 54.987 89.619 59.163 77.26 0.5773 0.053478
0.98354 55.012 90.896 58.706 77.237 0.50705 0.055784
0.98282 55.035 91.802 58.069 77.22 0.44989 0.060389
0.9821 55.056 92.255 57.285 77.208 0.4076 0.06681
0.98141 55.074 92.2 56.393 77.202 0.38121 0.074464
0.9808 55.09 91.614 55.435 77.201 0.37101 0.08272
0.98028 55.105 90.511 54.453 77.206 0.37649 0.09096
0.97989 55.119 88.941 53.49 77.217 0.39641 0.098631
0.97964 55.134 86.986 52.585 77.232 0.42884 0.1053
0.97952 55.151 84.753 51.77 77.254 0.47124 0.11068
0.97955 55.17 82.371 51.074 77.28 0.52064 0.11465
0.97969 55.192 79.976 50.517 77.312 0.57375 0.11728
0.97993 55.218 77.708 50.113 77.348 0.62715 0.11878
0.98025 55.246 75.694 49.867 77.388 0.67745 0.11951
0.98061 55.277 74.046 49.78 77.43 0.7215 0.1199
0.98098 55.309 72.851 49.843 77.473 0.75651 0.12045
0.98133 55.342 72.164 50.046 77.515 0.78025 0.12162
0.98165 55.373 72.01 50.37 77.554 0.79108 0.12383
0.98192 55.402 72.38 50.796 77.588 0.78807 0.12738
0.98214 55.427 73.234 51.302 77.614 0.77103 0.13247
0.98229 55.446 74.508 51.866 77.632 0.74043 0.13911
0.98239 55.456 76.116 52.465 77.64 0.69741 0.1472
0.98244 55.458 77.957 53.077 77.637 0.64363 0.15648
0.98247 55.449 79.927 53.684 77.624 0.58117 0.16659
0.98249 55.429 81.919 54.267 77.601 0.51238 0.17708
0.98251 55.399 83.836 54.812 77.57 0.43974 0.18747
0.98255 55.357 85.593 55.309 77.532 0.36573 0.19728
0.98261 55.307 87.123 55.748 77.49 0.29272 0.20609
0.9827 55.25 88.381 56.124 77.446 0.22285 0.21352
0.98282 55.187 89.341 56.435 77.403 0.15798 0.21931
0.98296 55.121 90.003 56.682 77.363 0.099662 0.22329
0.98311 55.056 90.384 56.867 77.328 0.04911 0.2254
0.98326 54.994 90.517 56.993 77.3 0.0072287 0.22568
0.98339 54.937 90.45 57.068 77.282 -0.025363 0.22425
0.98348 54.888 90.234 57.097 77.274 -0.048299 0.22127
0.98353 54.847 89.925 57.088 77.276 -0.061429 0.21697
0.98352 54.816 89.571 57.048 77.29 -0.064788 0.21158
0.98344 54.795 89.215 56.986 77.313 -0.058582 0.20532
0.98329 54.783 88.889 56.907 77.346 -0.043179 0.19842
0.98306 54.781 88.612 56.82 77.386 -0.019119 0.19109
0.98276 54.786 88.392 56.729 77.432 0.012872 0.18351
0.98242 54.797 88.225 56.641 77.481 0.051862 0.17589
0.98203 54.812 88.099 56.559 77.532 0.096699 0.16842
0.98164 54.829 87.998 56.486 77.583 0.146 0.16133
0.98125 54.846 87.902 56.425 77.634 0.19819 0.15486
0.9809 54.863 87.792 56.377 77.682 0.25148 0.14929
0.98061 54.877 87.651 56.342 77.729 0.304 0.14496
0.98039 54.888 87.467 56.321 77.773 0.35382 0.14219
0.98027 54.896 87.234 56.311 77.815 0.3991 0.14135
0.98025 54.901 86.948 56.311 77.854 0.43816 0.14276
0.98034 54.904 86.615 56.32 77.892 0.46966 0.14671
0.98053 54.905 86.241 56.336 77.928 0.49265 0.1534
0.98082 54.906 85.839 56.357 77.961 0.50672 0.16294
0.9812 54.908 85.423 56.383 77.991 0.51206 0.1753
0.98164 54.911 85.011 56.412 78.018 0.50947 0.19027
0.98214 54.916 84.619 56.445 78.041 0.50037 0.20749
0.98268 54.922 84.262 56.481 78.06 0.48678 0.22646
0.98323 54.928 83.954 56.521 78.074 0.47117 0.24651
0.98379 54.933 83.706 56.566 78.082 0.45641 0.26685
0.98433 54.934 83.524 56.617 78.085 0.44553 0.28661
0.98485 54.929 83.412 56.672 78.083 0.44163 0.30491
0.98532 54.914 83.369 56.732 78.075 0.44764 0.32087
0.98572 54.886 83.392 56.795 78.063 0.46616 0.3337
0.98604 54.843 83.476 56.857 78.047 0.49931 0.34271
0.98626 54.783 83.615 56.915 78.028 0.54859 0.3474
0.98635 54.705 83.802 56.963 78.006 0.61479 0.34749
0.98631 54.609 84.033 56.995 77.983 0.69791 0.34289
0.98612 54.5 84.301 57.005 77.96 0.79716 0.33378
0.98576 54.38 84.601 56.984 77.936 0.91097 0.32055
0.98522 54.257 84.926 56.926 77.913 1.0371 0.30381
0.98452 54.14 85.269 56.827 77.892 1.1725 0.28436
0.98366 54.037 85.619 56.682 77.873 1.3139 0.26311
0.98265 53.961 85.964 56.489 77.858 1.4576 0.24109
0.98154 53.923 86.289 56.25 77.845 1.5995 0.21934
0.98036 53.935 86.577 55.969 77.837 1.7358 0.1989
0.97915 54.008 86.811 55.652 77.834 1.8626 0.18072
0.97798 54.149 86.976 55.311 77.836 1.9764 0.16562
0.97688 54.364 87.056 54.957 77.844 2.0742 0.15427
0.97592 54.656 87.044 54.605 77.857 2.1535 0.14714
0.97514 55.021 86.935 54.27 77.874 2.2124 0.14447
0.97458 55.451 86.732 53.966 77.896 2.2499 0.14626
0.97428 55.936 86.444 53.709 77.92 2.2656 0.1523
0.97425 56.459 86.087 53.511 77.944 2.26 0.16213
0.97449 57.001 85.683 53.379 77.968 2.2342 0.17512
0.97497 57.54 85.258 53.321 77.988 2.1901 0.19048
0.97568 58.053 84.839 53.337 78.004 2.13 0.20728
0.97656 58.519 84.456 53.424 78.014 2.0566 0.22455
0.97755 58.916 84.137 53.574 78.015 1.973 0.2413
0.97859 59.23 83.907 53.777 78.008 1.8823 0.25659
0.97961 59.446 83.786 54.017 77.992 1.7874 0.26958
0.98057 59.558 83.789 54.278 77.968 1.6913 0.2796
0.98139 59.564 83.928 54.54 77.938 1.5964 0.28616
0.98205 59.468 84.204 54.788 77.902 1.5047 0.28898
0.98251 59.28 84.614 55.002 77.863 1.4178 0.28805
0.98277 59.014 85.148 55.169 77.823 1.3365 0.28357
0.98285 58.688 85.79 55.278 77.786 1.2613 0.27599
0.98276 58.322 86.517 55.321 77.755 1.1921 0.26593
0.98254 57.937 87.303 55.296 77.73 1.1286 0.25417
0.98224 57.556 88.117 55.203 77.715 1.0701 0.24157
0.98192 57.196 88.924 55.05 77.709 1.0159 0.229
0.98162 56.875 89.691 54.845 77.713 0.96509 0.21732
0.98138 56.604 90.382 54.602 77.726 0.91713 0.20728
0.98125 56.391 90.967 54.334 77.746 0.87157 0.19947
0.98124 56.239 91.416 54.059 77.77 0.82825 0.19428
0.98138 56.146 91.71 53.791 77.795 0.78729 0.19189
0.98164 56.105 91.835 53.545 77.818 0.74905 0.19226
0.98204 56.108 91.787 53.333 77.837 0.71408 0.19513
0.98253 56.142 91.574 53.164 77.847 0.68299 0.20006
0.98311 56.194 91.21 53.043 77.847 0.65638 0.20645
0.98373 56.25 90.722 52.973 77.836 0.6347 0.21363
0.98436 56.298 90.143 52.952 77.814 0.61812 0.22092
0.98497 56.329 89.509 52.975 77.782 0.60653 0.22764
0.98553 56.333 88.859 53.034 77.741 0.59943 0.23322
0.98603 56.307 88.231 53.118 77.694 0.59603 0.23721
0.98642 56.249 87.656 53.216 77.645 0.59522 0.23934
0.98671 56.16 87.161 53.316 77.598 0.59577 0.23951
0.98689 56.045 86.761 53.407 77.556 0.59643 0.2378
0.98694 55.91 86.466 53.477 77.524 0.59609 0.23445
0.98689 55.764 86.275 53.519 77.504 0.59396 0.22983
0.98672 55.615 86.179 53.527 77.5 0.58967 0.22441
0.98647 55.472 86.165 53.496 77.511 0.58343 0.2187
0.98614 55.343 86.216 53.427 77.539 0.57601 0.21321
0.98575 55.236 86.311 53.321 77.583 0.56872 0.20841
0.98533 55.156 86.432 53.184 77.639 0.56333 0.20466
0.9849 55.108 86.56 53.023 77.705 0.5619 0.20226
0.98449 55.095 86.681 52.847 77.776 0.56656 0.20135
0.9841 55.116 86.782 52.666 77.847 0.57925 0.20197
0.98378 55.171 86.853 52.49 77.914 0.60148 0.20404
0.98353 55.256 86.887 52.331 77.972 0.63408 0.20739
0.98336 55.366 86.879 52.199 78.017 0.67702 0.21177
0.98328 55.496 86.825 52.103 78.046 0.72932 0.21693
0.98329 55.637 86.721 52.052 78.057 0.78896 0.22255
0.98339 55.782 86.565 52.052 78.05 0.85303 0.22838
0.98356 55.922 86.352 52.108 78.025 0.91783 0.23417
0.98378 56.05 86.084 52.221 77.987 0.97917 0.23971
0.98402 56.158 85.759 52.393 77.938 1.0327 0.24487
0.98426 56.239 85.381 52.621 77.882 1.0742 0.24953
0.98448 56.289 84.957 52.899 77.825 1.1 0.25361
0.98463 56.305 84.5 53.222 77.771 1.1075 0.25705
0.9847 56.285 84.027 53.579 77.724 1.0949 0.2598
0.98466 56.232 83.561 53.96 77.687 1.062 0.26179
0.98451 56.147 83.13 54.351 77.663 1.01 0.26293
0.98424 56.037 82.766 54.738 77.652 0.94137 0.2631
0.98387 55.908 82.499 55.106 77.654 0.85985 0.26216
0.98342 55.768 82.358 55.438 77.668 0.77008 0.25996
0.98291 55.626 82.365 55.719 77.692 0.67731 0.25634
0.9824 55.489 82.532 55.934 77.722 0.58696 0.25118
0.98191 55.365 82.859 56.069 77.757 0.50427 0.2444
0.98149 55.262 83.329 56.113 77.793 0.43384 0.236
0.98118 55.183 83.91 56.058 77.827 0.37937 0.22606
0.98101 55.131 84.559 55.9 77.859 0.34334 0.21477
0.98099 55.108 85.219 55.637 77.887 0.32695 0.20242
0.98114 55.11 85.828 55.274 77.912 0.33004 0.18943
0.98145 55.135 86.327 54.818 77.934 0.35116 0.17629
0.9819 55.176 86.658 54.282 77.955 0.38783 0.16357
0.98246 55.227 86.777 53.682 77.976 0.43675 0.15185
0.98311 55.279 86.657 53.038 78 0.49415 0.14174
0.98379 55.326 86.29 52.371 78.026 0.55612 0.13377
0.98446 55.361 85.688 51.705 78.057 0.61899 0.12839
0.98509 55.378 84.884 51.064 78.091 0.67958 0.12594
0.98563 55.374 83.929 50.472 78.128 0.73549 0.12659
0.98605 55.348 82.887 49.95 78.166 0.78521 0.13032
0.98632 55.302 81.827 49.516 78.202 0.82823 0.13695
0.98642 55.24 80.822 49.186 78.235 0.86497 0.14613
0.98635 55.17 79.938 48.971 78.26 0.8967 0.15734
0.98611 55.099 79.231 48.875 78.276 0.92532 0.16992
0.98571 55.038 78.74 48.9 78.28 0.95316 0.18316
0.98519 54.997 78.488 49.041 78.272 0.98266 0.19628
0.98458 54.986 78.476 49.289 78.25 1.0161 0.20853
0.98392 55.012 78.692 49.633 78.216 1.0555 0.2192
0.98327 55.079 79.104 50.054 78.17 1.102 0.2277
0.98268 55.188 79.671 50.535 78.117 1.1562 0.23357
0.9822 55.334 80.348 51.055 78.057 1.2179 0.23653
0.98186 55.507 81.082 51.594 77.994 1.2858 0.23649
0.98168 55.692 81.828 52.131 77.932 1.3582 0.23351
0.9817 55.868 82.543 52.646 77.872 1.4323 0.22785
0.98189 56.011 83.195 53.123 77.816 1.5055 0.21994
0.98224 56.095 83.759 53.546 77.766 1.5745 0.21029
0.98271 56.09 84.223 53.902 77.722 1.6363 0.19951
0.98327 55.972 84.582 54.184 77.684 1.6885 0.18824
0.98386 55.716 84.841 54.383 77.651 1.729 0.1771
0.98442 55.307 85.011 54.497 77.623 1.7567 0.16666
0.98491 54.735 85.107 54.524 77.6 1.7712 0.15738
0.98529 54 85.145 54.465 77.58 1.7733 0.14958
0.98552 53.112 85.143 54.323 77.564 1.7647 0.14344
0.98559 52.091 85.119 54.103 77.551 1.7477 0.13895
0.98548 50.964 85.086 53.81 77.541 1.7255 0.13597
0.98519 49.766 85.056 53.45 77.535 1.7014 0.13418
0.98476 48.536 85.039 53.03 77.533 1.6788 0.13315
0.98422 47.314 85.04 52.559 77.535 1.6609 0.13237
0.98359 46.139 85.063 52.042 77.539 1.65 0.13128
0.98294 45.043 85.107 51.49 77.547 1.6479 0.12932
0.9823 44.056 85.17 50.91 77.556 1.655 0.12601
0.98174 43.196 85.246 50.311 77.564 1.6708 0.12095
0.98128 42.474 85.326 49.703 77.571 1.6933 0.11387
0.98098 41.892 85.402 49.095 77.573 1.7196 0.10468
0.98084 41.446 85.459 48.499 77.57 1.746 0.093471
0.98088 41.124 85.487 47.924 77.559 1.768 0.080497
0.9811 40.909 85.473 47.381 77.541 1.7811 0.066191
0.98146 40.782 85.406 46.878 77.513 1.781 0.051119
0.98192 40.722 85.28 46.426 77.478 1.764 0.03595
0.98244 40.709 85.092 46.032 77.436 1.7275 0.021401
0.98295 40.723 84.846 45.7 77.389 1.6701 0.0081897
0.98339 40.748 84.551 45.435 77.339 1.5921 -0.0030216
0.98369 40.771 84.223 45.236 77.287 1.4952 -0.011677
0.98379 40.783 83.881 45.103 77.237 1.3829 -0.017369
0.98363 40.777 83.548 45.03 77.191 1.26 -0.019871
0.9832 40.751 83.25 45.009 77.15 1.1324 -0.019158
0.98246 40.705 83.008 45.031 77.115 1.0063 -0.015405
0.98145 40.642 82.84 45.085 77.088 0.88866 -0.0089812
0.98017 40.566 82.755 45.159 77.068 0.78557 -0.00042062
0.9787 40.483 82.755 45.238 77.057 0.70252 0.0096148
0.97709 40.399 82.827 45.311 77.053 0.64364 0.020382
0.97545 40.319 82.952 45.366 77.055 0.61143 0.031109
0.97385 40.247 83.096 45.395 77.063 0.60655 0.041047
0.97241 40.188 83.222 45.389 77.074 0.6277 0.049523
0.97121 40.143 83.287 45.345 77.088 0.67173 0.05598
0.97034 40.112 83.249 45.262 77.103 0.73384 0.06001
0.96986 40.095 83.072 45.141 77.117 0.80792 0.061381
0.96983 40.087 82.73 44.986 77.128 0.88702 0.060042
0.97024 40.087 82.213 44.806 77.135 0.96384 0.056119
0.97109 40.089 81.525 44.607 77.136 1.0313 0.049901
0.97234 40.089 80.691 44.4 77.13 1.0829 0.041817
0.97391 40.085 79.75 44.194 77.117 1.1135 0.032399
0.97572 40.071 78.759 43.999 77.096 1.1193 0.022248
0.97768 40.049 77.783 43.822 77.068 1.0984 0.011997
0.97967 40.015 76.892 43.67 77.034 1.0506 0.0022662
0.98159 39.973 76.156 43.547 76.994 0.97786 -0.0063627
0.98335 39.923 75.635 43.455 76.95 0.88352 -0.013381
0.98487 39.87 75.381 43.394 76.903 0.77246 -0.018372
0.98611 39.817 75.427 43.361 76.855 0.65056 -0.021027
0.98701 39.768 75.785 43.351 76.807 0.52427 -0.021154
0.98759 39.729 76.448 43.359 76.762 0.40014 -0.018675
0.98784 39.703 77.39 43.379 76.721 0.28437 -0.01362
0.9878 39.696 78.566 43.403 76.685 0.18235 -0.006121
0.9875 39.71 79.915 43.427 76.656 0.098308 0.0036081
0.98701 39.747 81.367 43.444 76.636 0.03507 0.015284
0.98636 39.81 82.845 43.451 76.625 -0.0061322 0.028573
0.98562 39.898 84.273 43.446 76.625 -0.02569 0.043108
0.98482 40.012 85.577 43.43 76.636 -0.025554 0.058499
0.98401 40.149 86.693 43.403 76.658 -0.0090592 0.074355
0.9832 40.306 87.568 43.369 76.689 0.019337 0.090285
0.98242 40.478 88.164 43.331 76.729 0.05439 0.10591
0.98168 40.662 88.462 43.296 76.774 0.090441 0.12088
0.98098 40.849 88.46 43.268 76.822 0.12181 0.13486
0.98033 41.034 88.172 43.252 76.869 0.14317 0.14753
0.97972 41.209 87.631 43.252 76.91 0.14993 0.15861
0.97914 41.367 86.882 43.271 76.942 0.13847 0.16786
0.97862 41.503 85.981 43.311 76.961 0.10641 0.17506
0.97814 41.61 84.99 43.372 76.964 0.052705 0.18003
0.97772 41.685 83.974 43.454 76.948 -0.022271 0.18263
0.97737 41.726 82.994 43.556 76.911 -0.11682 0.1828
0.97712 41.732 82.109 43.675 76.854 -0.22803 0.1805
0.97697 41.707 81.367 43.809 76.777 -0.35199 0.17578
0.97696 41.652 80.806 43.956 76.684 -0.48407 0.16874
0.97709 41.572 80.453 44.114 76.576 -0.6192 0.15958
0.97738 41.475 80.323 44.283 76.46 -0.7522 0.14857
0.97783 41.366 80.42 44.461 76.339 -0.87811 0.13603
0.97842 41.252 80.736 44.65 76.219 -0.99245 0.12237
0.97915 41.141 81.252 44.849 76.104 -1.0915 0.10803
0.97997 41.039 81.943 45.059 76 -1.1723 0.093527
0.98085 40.951 82.774 45.279 75.909 -1.233 0.079355
0.98176 40.881 83.703 45.508 75.835 -1.2728 0.066024
0.98263 40.832 84.684 45.742 75.78 -1.2917 0.054012
0.98343 40.805 85.669 45.977 75.745 -1.2906 0.043743
0.98411 40.799 86.606 46.205 75.732 -1.271 0.035568
0.98464 40.809 87.443 46.419 75.739 -1.235 0.02974
0.98497 40.832 88.132 46.607 75.766 -1.1848 0.026404
0.9851 40.861 88.629 46.757 75.812 -1.1224 0.025582
0.98501 40.888 88.899 46.857 75.875 -1.0501 0.027174
0.9847 40.905 88.913 46.896 75.952 -0.96942 0.030959
0.98419 40.904 88.656 46.862 76.04 -0.88184 0.036609
0.98351 40.877 88.126 46.749 76.137 -0.78832 0.043702
0.98268 40.818 87.335 46.55 76.238 -0.68953 0.051749
0.98174 40.723 86.307 46.264 76.339 -0.58594 0.060221
0.98074 40.59 85.082 45.896 76.437 -0.478 0.068577
0.97973 40.419 83.711 45.452 76.528 -0.36627 0.076301
0.97874 40.215 82.254 44.946 76.609 -0.25163 0.082929
0.97783 39.983 80.779 44.393 76.677 -0.13539 0.088075
0.97704 39.734 79.353 43.812 76.73 -0.019434 0.091459
0.9764 39.478 78.046 43.227 76.767 0.093797 0.092918
0.97594 39.227 76.918 42.66 76.788 0.20132 0.092417
0.97569 38.993 76.019 42.135 76.794 0.29975 0.090045
0.97565 38.787 75.387 41.672 76.789 0.38546 0.086011
0.97584 38.619 75.042 41.293 76.773 0.45487 0.080623
0.97622 38.494 74.987 41.012 76.752 0.5047 0.074263
0.97679 38.417 75.208 40.842 76.729 0.53228 0.067361
0.97749 38.39 75.676 40.79 76.706 0.5358 0.060358
0.9783 38.41 76.353 40.859 76.688 0.51458 0.053676
0.97916 38.472 77.191 41.044 76.677 0.4692 0.047686
0.98002 38.572 78.14 41.338 76.673 0.40156 0.042682
0.98084 38.7 79.15 41.73 76.677 0.31486 0.03886
0.98157 38.848 80.178 42.203 76.688 0.21351 0.036306
0.98218 39.009 81.185 42.737 76.706 0.1028 0.034998
0.98265 39.173 82.143 43.314 76.727 -0.011311 0.034808
0.98298 39.335 83.031 43.91 76.749 -0.12262 0.03552
0.98317 39.489 83.837 44.504 76.768 -0.22505 0.036855
0.98323 39.629 84.555 45.074 76.783 -0.31308 0.038495
0.98319 39.754 85.185 45.603 76.79 -0.38207 0.04012
0.98308 39.861 85.727 46.073 76.787 -0.42858 0.041433
0.98292 39.951 86.183 46.471 76.773 -0.45062 0.042191
0.98275 40.023 86.554 46.787 76.748 -0.44774 0.042225
0.98257 40.08 86.838 47.015 76.711 -0.42106 0.041458
0.98242 40.124 87.03 47.155 76.666 -0.37317 0.039908
0.98229 40.157 87.124 47.208 76.613 -0.30795 0.037686
0.98217 40.183 87.112 47.18 76.554 -0.2303 0.034982
0.98207 40.204 86.989 47.083 76.494 -0.14581 0.032049
0.98195 40.223 86.748 46.927 76.436 -0.060333 0.029176
0.98182 40.243 86.391 46.728 76.381 0.02031 0.02666
0.98165 40.266 85.924 46.501 76.333 0.09077 0.024776
0.98144 40.293 85.36 46.262 76.294 0.14646 0.023753
0.98118 40.327 84.722 46.028 76.266 0.18382 0.023752
0.98087 40.367 84.041 45.812 76.249 0.20052 0.024854
0.98053 40.413 83.353 45.627 76.243 0.19554 0.027049
0.98018 40.467 82.698 45.484 76.247 0.16916 0.030244
0.97983 40.526 82.117 45.389 76.26 0.12294 0.034269
0.97952 40.589 81.649 45.346 76.281 0.059498 0.038898
0.97928 40.655 81.325 45.357 76.307 -0.017698 0.04387
0.97912 40.722 81.167 45.419 76.335 -0.10458 0.048915
0.97908 40.787 81.185 45.529 76.365 -0.1968 0.053777
0.97915 40.849 81.379 45.68 76.394 -0.29 0.05824
0.97934 40.905 81.733 45.865 76.422 -0.38016 0.062139
0.97965 40.954 82.223 46.075 76.445 -0.46379 0.065381
0.98006 40.994 82.814 46.303 76.464 -0.53814 0.067938
0.98053 41.025 83.467 46.54 76.478 -0.60139 0.069847
0.98105 41.046 84.139 46.78 76.485 -0.65265 0.071202
0.98159 41.056 84.788 47.017 76.485 -0.69199 0.072131
0.9821 41.056 85.377 47.247 76.478 -0.7204 0.072778
0.98256 41.047 85.876 47.467 76.464 -0.7396 0.073285
0.98296 41.029 86.263 47.674 76.441 -0.75186 0.07377
0.98327 41.002 86.529 47.869 76.412 -0.75982 0.074311
0.98348 40.969 86.673 48.052 76.376 -0.76623 0.074936
0.9836 40.929 86.708 48.223 76.334 -0.77371 0.075624
0.98362 40.884 86.654 48.382 76.29 -0.78451 0.076304
0.98356 40.836 86.539 48.53 76.243 -0.80036 0.076869
0.98344 40.787 86.395 48.666 76.199 -0.82231 0.077192
0.98327 40.739 86.253 48.788 76.158 -0.85065 0.077147
0.98308 40.692 86.141 48.895 76.123 -0.88487 0.076628
0.98288 40.651 86.082 48.982 76.096 -0.92374 0.07557
0.98269 40.616 86.089 49.047 76.08 -0.96538 0.073964
0.98253 40.589 86.166 49.083 76.074 -1.0074 0.071868
0.9824 40.57 86.306 49.087 76.08 -1.0471 0.069409
0.98232 40.559 86.497 49.055 76.097 -1.0818 0.066779
0.98227 40.554 86.72 48.981 76.123 -1.1086 0.064223
0.98227 40.553 86.957 48.865 76.157 -1.1252 0.062021
0.98231 40.552 87.188 48.705 76.197 -1.1297 0.060461
0.98237 40.549 87.4 48.501 76.241 -1.1207 0.059815
0.98246 40.539 87.582 48.257 76.285 -1.0976 0.060317
0.98255 40.52 87.732 47.979 76.328 -1.0604 0.062132
0.98264 40.489 87.851 47.673 76.368 -1.0099 0.065342
0.98272 40.444 87.94 47.349 76.402 -0.94761 0.069931
0.98278 40.386 88.003 47.018 76.43 -0.87553 0.075783
0.98282 40.317 88.04 46.694 76.45 -0.7961 0.082684
0.98283 40.239 88.047 46.388 76.461 -0.71211 0.090334
0.98282 40.156 88.016 46.115 76.465 -0.62648 0.098369
0.98277 40.073 87.932 45.885 76.462 -0.54218 0.10638
0.98268 39.995 87.783 45.709 76.452 -0.46209 0.11395
0.98256 39.927 87.555 45.594 76.436 -0.38893 0.12068
0.9824 39.872 87.238 45.545 76.417 -0.32512 0.12622
0.9822 39.833 86.829 45.564 76.396 -0.27281 0.13028
0.98195 39.811 86.336 45.647 76.373 -0.23379 0.1327
0.98165 39.806 85.775 45.789 76.352 -0.2095 0.1334
0.9813 39.815 85.172 45.981 76.332 -0.20102 0.13243
0.98088 39.837 84.56 46.211 76.315 -0.20904 0.12997
0.98041 39.866 83.975 46.466 76.301 -0.23387 0.1263
0.97989 39.898 83.455 46.731 76.291 -0.27543 0.12177
0.97933 39.929 83.033 46.991 76.285 -0.33318 0.11683
0.97876 39.954 82.736 47.232 76.281 -0.40613 0.11194
0.97819 39.969 82.581 47.442 76.279 -0.49277 0.10756
0.97767 39.971 82.575 47.612 76.277 -0.59109 0.10413
0.97722 39.959 82.716 47.733 76.274 -0.6985 0.10201
0.97687 39.93 82.993 47.8 76.268 -0.81189 0.10146
0.97665 39.886 83.388 47.811 76.259 -0.92766 0.10262
0.97658 39.828 83.883 47.767 76.245 -1.0418 0.10548
0.97665 39.757 84.457 47.669 76.227 -1.1501 0.10989
0.97687 39.677 85.094 47.523 76.205 -1.2482 0.11557
0.9772 39.592 85.78 47.332 76.181 -1.3317 0.12207
0.97761 39.506 86.506 47.104 76.155 -1.397 0.12886
0.97806 39.423 87.267 46.845 76.13 -1.4406 0.13534
0.97849 39.348 88.061 46.563 76.107 -1.4602 0.14083
0.97887 39.284 88.884 46.263 76.088 -1.4545 0.1447
0.97915 39.236 89.732 45.956 76.074 -1.4231 0.14634
0.97931 39.205 90.595 45.649 76.065 -1.3672 0.14525
0.97934 39.194 91.459 45.352 76.062 -1.2893 0.14104
0.97926 39.204 92.305 45.076 76.064 -1.1928 0.1335
0.97907 39.234 93.11 44.833 76.069 -1.0822 0.12259
0.97883 39.283 93.85 44.635 76.078 -0.96276 0.10848
0.97856 39.349 94.499 44.494 76.088 -0.84015 0.091512
0.9783 39.428 95.036 44.423 76.1 -0.71995 0.072221
0.9781 39.518 95.443 44.432 76.111 -0.60744 0.05129
0.97797 39.615 95.709 44.528 76.124 -0.50721 0.029518
0.97794 39.715 95.831 44.716 76.137 -0.42287 0.0077798
0.97799 39.814 95.811 44.995 76.152 -0.35689 -0.013021
0.97811 39.907 95.66 45.359 76.169 -0.31048 -0.032003
0.97827 39.993 95.392 45.794 76.19 -0.28368 -0.048349
0.97841 40.067 95.028 46.283 76.216 -0.27545 -0.061354
0.9785 40.127 94.589 46.803 76.247 -0.28397 -0.07045
0.97848 40.171 94.102 47.325 76.283 -0.30689 -0.075242
0.97832 40.199 93.591 47.821 76.324 -0.34176 -0.075512
0.97799 40.209 93.081 48.261 76.369 -0.38629 -0.071232
0.97749 40.202 92.594 48.62 76.416 -0.43871 -0.062549
0.97684 40.178 92.15 48.876 76.464 -0.49797 -0.049778
0.97606 40.14 91.761 49.017 76.511 -0.56384 -0.033376
0.97523 40.09 91.435 49.041 76.555 -0.63693 -0.01391
0.97442 40.029 91.171 48.956 76.594 -0.71847 0.0079654
0.97368 39.962 90.959 48.783 76.628 -0.81012 0.031548
0.9731 39.892 90.784 48.552 76.656 -0.9136 0.056117
0.97273 39.821 90.624 48.303 76.677 -1.0303 0.08096
0.97259 39.755 90.45 48.081 76.693 -1.1607 0.1054
0.97269 39.695 90.238 47.93 76.705 -1.3044 0.12882
0.97301 39.645 89.96 47.892 76.714 -1.4593 0.15066
0.97349 39.607 89.597 48.001 76.721 -1.622 0.17048
0.97408 39.582 89.139 48.275 76.728 -1.7873 0.18789
0.97469 39.571 88.586 48.716 76.737 -1.9488 0.20263
0.97525 39.576 87.949 49.303 76.748 -2.0989 0.21452
0.9757 39.595 87.254 49.995 76.762 -2.2294 0.22349
0.97601 39.63 86.538 50.73 76.779 -2.332 0.22954
0.97618 39.679 85.848 51.425 76.799 -2.3991 0.23278
0.97625 39.74 85.236 51.985 76.819 -2.4243 0.23339
0.97628 39.814 84.755 52.308 76.84 -2.4028 0.23164
0.97639 39.897 84.457 52.293 76.859 -2.3324 0.22784
0.97669 39.987 84.382 51.847 76.876 -2.213 0.22238
0.97731 40.083 84.56 50.899 76.888 -2.0475 0.21568
0.97836 40.182 85.002 49.404 76.896 -1.8413 0.20817
0.9799 40.279 85.698 47.349 76.898 -1.6022 0.20034
0.98195 40.372 86.615 44.761 76.894 -1.3398 0.19264
0.98445 40.456 87.7 41.707 76.884 -1.0652 0.18551
0.98725 40.53 88.88 38.291 76.869 -0.78999 0.17937
0.99013 40.589 90.063 34.65 76.848 -0.52586 0.17455
0.99279 40.63 91.149 30.947 76.824 -0.28369 0.17135
0.99485 40.653 92.035 27.361 76.798 -0.073007 0.16999
0.99589 40.656 92.622 24.07 76.77 0.098579 0.17059
0.9955 40.639 92.82 21.245 76.742 0.22573 0.17319
0.99327 40.602 92.562 19.032 76.715 0.30563 0.17774
0.98889 40.548 91.804 17.543 76.691 0.33799 0.18411
0.98212 40.478 90.533 16.847 76.67 0.32497 0.19208
0.97287 40.395 88.765 16.965 76.653 0.27089 0.2014
0.96123 40.302 86.549 17.866 76.64 0.18182 0.21174
0.94742 40.203 83.96 19.473 76.632 0.065139 0.22274
0.93185 40.101 81.097 21.669 76.628 -0.07106 0.23405
0.91506 40 78.071 24.306 76.627 -0.21848 0.24531
0.89768 39.903 75.002 27.216 76.629 -0.36914 0.25619
0.8804 39.812 72.005 30.228 76.634 -0.51588 0.26637
