//co2 data for Study 26 _2
steady: none
chosen_param: SaO2sup, Pa_CO2, P_a, Vmca_d, TOI_d, HbT_d, CCO_d
time_step: 1.0
******
0.97328 41.287 73.007 58.151 75.881 0.89502 -0.033945
0.97436 41.725 73.403 57.941 75.837 0.81159 -0.028478
0.97521 42.202 73.715 57.6 75.778 0.73226 -0.025806
0.97581 42.694 73.913 57.142 75.712 0.66322 -0.026002
0.97615 43.176 73.972 56.584 75.643 0.60998 -0.029005
0.97624 43.626 73.872 55.951 75.577 0.57697 -0.034616
0.97612 44.028 73.605 55.27 75.521 0.56721 -0.042505
0.97583 44.368 73.177 54.569 75.479 0.58208 -0.052233
0.97543 44.639 72.604 53.877 75.453 0.62122 -0.063269
0.97496 44.84 71.917 53.223 75.445 0.68255 -0.075023
0.97447 44.971 71.155 52.633 75.455 0.7624 -0.086874
0.974 45.04 70.363 52.128 75.48 0.85577 -0.098206
0.97357 45.056 69.59 51.728 75.516 0.95672 -0.10844
0.97319 45.028 68.878 51.442 75.559 1.0587 -0.11706
0.97286 44.968 68.264 51.278 75.602 1.1552 -0.12364
0.97256 44.886 67.775 51.235 75.639 1.24 -0.12787
0.97227 44.791 67.423 51.309 75.666 1.3075 -0.12954
0.97194 44.691 67.21 51.489 75.677 1.3534 -0.12858
0.97156 44.592 67.128 51.761 75.669 1.3748 -0.12504
0.97111 44.499 67.159 52.105 75.641 1.3702 -0.11906
0.97056 44.415 67.28 52.503 75.592 1.3397 -0.1109
0.96992 44.342 67.467 52.934 75.524 1.285 -0.10089
0.9692 44.282 67.697 53.375 75.439 1.2089 -0.089414
0.96841 44.236 67.95 53.807 75.343 1.1156 -0.07688
0.96761 44.206 68.211 54.211 75.239 1.0098 -0.063721
0.96681 44.193 68.47 54.571 75.134 0.89695 -0.05036
0.96607 44.198 68.722 54.873 75.033 0.78232 -0.037197
0.96544 44.222 68.964 55.109 74.941 0.67105 -0.024597
0.96494 44.268 69.199 55.271 74.863 0.56767 -0.012882
0.96461 44.335 69.428 55.356 74.801 0.47592 -0.0023297
0.96447 44.424 69.653 55.366 74.759 0.39847 0.0068326
0.96453 44.533 69.876 55.303 74.737 0.33686 0.014422
0.96479 44.662 70.097 55.173 74.735 0.29142 0.0203
0.96524 44.807 70.312 54.987 74.752 0.26131 0.024363
0.96587 44.963 70.519 54.753 74.785 0.24464 0.026546
0.96665 45.125 70.714 54.484 74.832 0.23863 0.026814
0.96754 45.288 70.891 54.193 74.889 0.23987 0.025164
0.96853 45.445 71.048 53.89 74.952 0.24455 0.021629
0.96957 45.591 71.183 53.588 75.015 0.24881 0.016275
0.97064 45.718 71.298 53.298 75.076 0.24905 0.0092105
0.97171 45.822 71.398 53.027 75.13 0.24221 0.00059005
0.97274 45.899 71.489 52.782 75.174 0.22604 -0.0093812
0.9737 45.947 71.578 52.568 75.204 0.19935 -0.020444
0.97456 45.964 71.674 52.386 75.22 0.16213 -0.032287
0.97529 45.952 71.781 52.237 75.219 0.11562 -0.044545
0.97587 45.912 71.902 52.119 75.202 0.062296 -0.056815
0.97627 45.849 72.033 52.027 75.17 0.0057437 -0.06866
0.97647 45.769 72.165 51.957 75.124 -0.049553 -0.079632
0.97647 45.677 72.282 51.905 75.068 -0.098502 -0.089291
0.97626 45.581 72.366 51.865 75.005 -0.13575 -0.097227
0.97585 45.488 72.394 51.833 74.938 -0.15609 -0.10309
0.97525 45.404 72.345 51.806 74.872 -0.15482 -0.1066
0.9745 45.334 72.202 51.783 74.809 -0.12815 -0.10759
0.97364 45.282 71.952 51.762 74.754 -0.073511 -0.106
0.97272 45.252 71.591 51.747 74.709 0.010202 -0.1019
0.97178 45.244 71.125 51.738 74.676 0.1225 -0.095497
0.97087 45.258 70.571 51.741 74.655 0.26129 -0.087118
0.97006 45.292 69.955 51.758 74.646 0.42293 -0.077197
0.96937 45.345 69.307 51.795 74.648 0.6025 -0.06626
0.96884 45.412 68.666 51.855 74.659 0.79408 -0.054889
0.96848 45.492 68.068 51.94 74.677 0.99113 -0.043691
0.9683 45.582 67.547 52.051 74.697 1.1869 -0.033256
0.96828 45.679 67.13 52.188 74.717 1.3751 -0.024123
0.96839 45.783 66.836 52.348 74.733 1.5497 -0.016746
0.9686 45.891 66.671 52.527 74.743 1.706 -0.011455
0.96887 46.003 66.634 52.719 74.745 1.8406 -0.0084433
0.96917 46.117 66.712 52.917 74.738 1.9513 -0.0077477
0.96944 46.233 66.882 53.111 74.722 2.0376 -0.009248
0.96967 46.349 67.12 53.295 74.699 2.1002 -0.012675
0.96983 46.463 67.398 53.458 74.67 2.141 -0.017628
0.96991 46.571 67.686 53.593 74.637 2.163 -0.023606
0.96992 46.67 67.96 53.692 74.604 2.1696 -0.030041
0.96988 46.756 68.201 53.752 74.572 2.1646 -0.036338
0.9698 46.824 68.393 53.766 74.546 2.1517 -0.041919
0.96972 46.872 68.529 53.735 74.526 2.1339 -0.046263
0.96966 46.897 68.608 53.656 74.515 2.114 -0.048942
0.96968 46.896 68.631 53.533 74.513 2.0936 -0.049654
0.96979 46.869 68.607 53.368 74.52 2.0736 -0.048239
0.97004 46.818 68.545 53.166 74.537 2.0542 -0.044695
0.97042 46.748 68.458 52.933 74.561 2.0346 -0.039173
0.97095 46.664 68.357 52.675 74.59 2.0137 -0.031971
0.97163 46.573 68.254 52.4 74.623 1.9902 -0.023509
0.97242 46.487 68.16 52.115 74.658 1.9628 -0.014301
0.97329 46.415 68.082 51.827 74.692 1.9305 -0.0049227
0.9742 46.368 68.023 51.542 74.723 1.8928 0.0040276
0.97511 46.359 67.986 51.267 74.75 1.8501 0.01197
0.97595 46.398 67.966 51.007 74.773 1.8034 0.018376
0.9767 46.491 67.958 50.766 74.791 1.7548 0.022807
0.97732 46.646 67.954 50.549 74.806 1.707 0.024935
0.97778 46.864 67.943 50.357 74.818 1.6631 0.024564
0.97807 47.145 67.917 50.195 74.83 1.6267 0.02164
0.9782 47.483 67.867 50.062 74.845 1.6012 0.016253
0.97818 47.87 67.786 49.961 74.864 1.5897 0.0086268
0.97804 48.295 67.672 49.892 74.89 1.5945 -0.00089354
0.9778 48.744 67.525 49.856 74.925 1.617 -0.011866
0.97751 49.204 67.348 49.853 74.97 1.6574 -0.023778
0.97719 49.66 67.145 49.883 75.027 1.7143 -0.036077
0.9769 50.098 66.925 49.946 75.094 1.7852 -0.048202
0.97666 50.509 66.7 50.04 75.17 1.8662 -0.059612
0.97652 50.882 66.481 50.163 75.251 1.9524 -0.06982
0.97651 51.212 66.286 50.314 75.336 2.0383 -0.078411
0.97665 51.497 66.131 50.488 75.419 2.1179 -0.085065
0.97695 51.736 66.034 50.681 75.496 2.1853 -0.089567
0.97741 51.932 66.016 50.887 75.564 2.2353 -0.091813
0.97802 52.087 66.09 51.1 75.618 2.2636 -0.09181
0.97876 52.206 66.27 51.311 75.656 2.2672 -0.089668
0.97957 52.294 66.559 51.512 75.678 2.2448 -0.085587
0.98043 52.356 66.95 51.695 75.683 2.1968 -0.079836
0.98128 52.396 67.427 51.852 75.674 2.1252 -0.072738
0.98206 52.419 67.961 51.975 75.653 2.0336 -0.064642
0.98273 52.426 68.513 52.059 75.625 1.9271 -0.055901
0.98325 52.422 69.04 52.101 75.593 1.8115 -0.046856
0.9836 52.409 69.493 52.097 75.564 1.6933 -0.037812
0.98375 52.387 69.83 52.05 75.54 1.5789 -0.029028
0.98372 52.361 70.014 51.963 75.526 1.4743 -0.020706
0.98351 52.331 70.023 51.841 75.522 1.3846 -0.01299
0.98315 52.299 69.847 51.693 75.531 1.3139 -0.0059662
0.98269 52.267 69.499 51.526 75.55 1.2645 0.0003288
0.98216 52.236 69.003 51.352 75.578 1.2376 0.0059002
0.98162 52.208 68.4 51.178 75.612 1.2324 0.010781
0.98111 52.183 67.741 51.015 75.649 1.247 0.015019
0.98068 52.161 67.08 50.87 75.684 1.2784 0.018662
0.98035 52.142 66.47 50.748 75.714 1.3227 0.02175
0.98015 52.126 65.959 50.651 75.736 1.3754 0.024306
0.98009 52.113 65.583 50.582 75.748 1.4324 0.026328
0.98017 52.101 65.364 50.537 75.749 1.4897 0.027797
0.9804 52.09 65.307 50.513 75.737 1.5442 0.028673
0.98074 52.079 65.404 50.505 75.715 1.5935 0.02891
0.98118 52.068 65.631 50.507 75.684 1.6367 0.028464
0.98169 52.056 65.957 50.51 75.645 1.6738 0.027302
0.98222 52.045 66.342 50.509 75.601 1.7062 0.025423
0.98276 52.034 66.745 50.497 75.556 1.7362 0.022861
0.98326 52.024 67.127 50.471 75.511 1.7667 0.019698
0.9837 52.015 67.454 50.428 75.469 1.8014 0.016063
0.98405 52.008 67.699 50.366 75.432 1.8439 0.012139
0.98429 52.003 67.844 50.286 75.403 1.8977 0.0081467
0.98441 52 67.88 50.191 75.382 1.9659 0.0043418
0.9844 51.998 67.808 50.084 75.371 2.0506 0.00099319
0.98426 51.997 67.637 49.969 75.368 2.1533 -0.001634
0.98402 51.997 67.384 49.851 75.374 2.274 -0.0033002
0.98368 51.996 67.071 49.734 75.388 2.4119 -0.003812
0.98327 51.994 66.726 49.623 75.409 2.565 -0.0030417
0.98282 51.991 66.378 49.52 75.435 2.7302 -0.00094101
0.98236 51.986 66.054 49.428 75.465 2.9038 0.0024492
0.98192 51.98 65.78 49.347 75.497 3.0813 0.0069975
0.98153 51.973 65.574 49.278 75.53 3.258 0.012487
0.9812 51.966 65.449 49.219 75.563 3.4289 0.018631
0.98097 51.959 65.41 49.17 75.595 3.5895 0.025088
0.98085 51.954 65.451 49.129 75.626 3.7352 0.031494
0.98083 51.953 65.56 49.095 75.656 3.8622 0.037487
0.98092 51.956 65.721 49.065 75.684 3.9673 0.042739
0.98112 51.965 65.911 49.039 75.711 4.048 0.046983
0.98141 51.981 66.112 49.018 75.738 4.1027 0.050038
0.98178 52.004 66.304 49.001 75.764 4.1305 0.051825
0.98222 52.036 66.474 48.989 75.789 4.1315 0.052381
0.98269 52.077 66.616 48.985 75.813 4.1064 0.051848
0.98317 52.127 66.73 48.989 75.836 4.0567 0.050476
0.98364 52.187 66.821 49.003 75.858 3.9844 0.048593
0.98409 52.256 66.897 49.029 75.878 3.892 0.046584
0.98449 52.336 66.969 49.068 75.896 3.7826 0.044857
0.98482 52.428 67.045 49.122 75.912 3.6594 0.04381
0.98509 52.531 67.132 49.189 75.925 3.5258 0.043793
0.98528 52.649 67.23 49.27 75.935 3.3853 0.045083
0.98541 52.782 67.337 49.364 75.943 3.2415 0.047854
0.98546 52.931 67.445 49.469 75.949 3.0975 0.052165
0.98547 53.099 67.547 49.583 75.953 2.9565 0.057949
0.98543 53.284 67.637 49.705 75.955 2.8212 0.065021
0.98536 53.489 67.708 49.832 75.957 2.6939 0.073088
0.98529 53.71 67.76 49.961 75.959 2.5766 0.081773
0.98521 53.945 67.796 50.089 75.963 2.4705 0.090647
0.98515 54.19 67.824 50.214 75.969 2.3765 0.099257
0.98511 54.442 67.853 50.332 75.978 2.2949 0.10716
0.9851 54.692 67.894 50.441 75.991 2.2257 0.11398
0.98513 54.936 67.955 50.538 76.009 2.168 0.11939
0.98518 55.167 68.039 50.622 76.032 2.1211 0.12318
0.98528 55.378 68.147 50.692 76.06 2.0835 0.12526
0.9854 55.563 68.272 50.747 76.092 2.0536 0.12565
0.98556 55.718 68.404 50.786 76.13 2.0298 0.12451
0.98574 55.839 68.528 50.812 76.17 2.0103 0.12207
0.98593 55.926 68.629 50.826 76.213 1.9932 0.11868
0.98612 55.977 68.693 50.832 76.258 1.977 0.11475
0.98631 55.995 68.709 50.834 76.302 1.9601 0.1107
0.98649 55.982 68.67 50.835 76.346 1.9412 0.10697
0.98664 55.944 68.577 50.841 76.387 1.9191 0.10398
0.98677 55.886 68.433 50.857 76.424 1.8933 0.10206
0.98686 55.814 68.25 50.887 76.458 1.8631 0.10149
0.98693 55.733 68.039 50.936 76.486 1.8284 0.10244
0.98695 55.651 67.817 51.005 76.509 1.7894 0.10498
0.98695 55.572 67.601 51.096 76.527 1.7466 0.10908
0.98692 55.501 67.407 51.208 76.54 1.7006 0.11459
0.98688 55.439 67.251 51.34 76.548 1.6526 0.12128
0.98683 55.389 67.144 51.488 76.552 1.6037 0.12886
0.98677 55.351 67.098 51.647 76.553 1.5554 0.13696
0.98671 55.323 67.118 51.812 76.553 1.5092 0.14521
0.98665 55.301 67.209 51.975 76.552 1.4669 0.15323
0.98661 55.283 67.367 52.131 76.553 1.4301 0.16064
0.98657 55.265 67.586 52.273 76.555 1.4003 0.16713
0.98654 55.242 67.854 52.396 76.561 1.3789 0.17245
0.98652 55.212 68.157 52.497 76.57 1.367 0.1764
0.98651 55.171 68.476 52.575 76.583 1.3654 0.17887
0.98651 55.118 68.794 52.63 76.599 1.3744 0.17985
0.98651 55.053 69.093 52.665 76.619 1.3939 0.17939
0.98652 54.976 69.358 52.685 76.641 1.4233 0.1776
0.98652 54.89 69.577 52.696 76.666 1.4614 0.17468
0.98654 54.798 69.744 52.707 76.694 1.5066 0.17083
0.98655 54.702 69.857 52.725 76.724 1.5569 0.16632
0.98656 54.608 69.92 52.76 76.756 1.6099 0.16141
0.98656 54.518 69.938 52.819 76.79 1.663 0.15637
0.98657 54.436 69.924 52.908 76.826 1.7138 0.15144
0.98658 54.364 69.889 53.032 76.865 1.7596 0.14686
0.98659 54.306 69.849 53.193 76.905 1.7984 0.14281
0.98661 54.263 69.818 53.391 76.947 1.8282 0.13946
0.98665 54.234 69.811 53.622 76.99 1.8478 0.13692
0.9867 54.22 69.839 53.882 77.033 1.8565 0.13527
0.98677 54.22 69.91 54.161 77.075 1.8545 0.13455
0.98685 54.232 70.03 54.452 77.115 1.8423 0.13477
0.98696 54.252 70.196 54.745 77.152 1.8214 0.13589
0.98707 54.28 70.401 55.027 77.185 1.7938 0.13786
0.9872 54.311 70.634 55.29 77.213 1.7619 0.14057
0.98732 54.344 70.877 55.525 77.236 1.7285 0.14393
0.98743 54.375 71.111 55.723 77.253 1.6963 0.14779
0.98752 54.402 71.314 55.881 77.264 1.6681 0.15201
0.98759 54.423 71.467 55.996 77.27 1.6465 0.15644
0.98762 54.437 71.554 56.068 77.27 1.6334 0.16092
0.98762 54.444 71.564 56.099 77.266 1.6303 0.16529
0.98757 54.444 71.493 56.097 77.26 1.6379 0.16942
0.98749 54.438 71.343 56.067 77.251 1.6561 0.17318
0.98737 54.427 71.121 56.019 77.242 1.6841 0.17649
0.98722 54.412 70.841 55.964 77.234 1.7201 0.17927
0.98704 54.395 70.518 55.911 77.227 1.7619 0.18151
0.98686 54.379 70.172 55.871 77.224 1.8068 0.18321
0.98667 54.365 69.822 55.854 77.224 1.8516 0.18442
0.98649 54.355 69.489 55.867 77.228 1.8931 0.18523
0.98632 54.349 69.187 55.917 77.236 1.9284 0.18574
0.98617 54.348 68.933 56.006 77.248 1.9545 0.1861
0.98605 54.354 68.738 56.137 77.264 1.9693 0.18646
0.98596 54.364 68.606 56.309 77.283 1.9712 0.18698
0.98591 54.379 68.543 56.519 77.304 1.9595 0.18783
0.98589 54.397 68.544 56.763 77.327 1.9342 0.18914
0.98591 54.416 68.605 57.033 77.351 1.8964 0.19106
0.98596 54.436 68.717 57.322 77.375 1.8479 0.1937
0.98603 54.454 68.872 57.624 77.397 1.7911 0.19713
0.98614 54.469 69.057 57.929 77.418 1.7292 0.2014
0.98627 54.479 69.265 58.23 77.438 1.6657 0.20651
0.98641 54.484 69.486 58.522 77.455 1.604 0.21244
0.98657 54.484 69.712 58.799 77.471 1.5479 0.21912
0.98672 54.477 69.937 59.058 77.486 1.5007 0.22642
0.98687 54.466 70.155 59.297 77.501 1.4652 0.23422
0.98699 54.45 70.358 59.515 77.516 1.4437 0.24233
0.9871 54.431 70.538 59.716 77.532 1.4377 0.25056
0.98717 54.41 70.686 59.9 77.549 1.4479 0.25868
0.9872 54.39 70.791 60.074 77.566 1.4742 0.26649
0.98719 54.37 70.844 60.24 77.584 1.5157 0.27377
0.98714 54.354 70.836 60.405 77.602 1.5706 0.28033
0.98705 54.343 70.764 60.572 77.618 1.6368 0.28602
0.98693 54.337 70.628 60.745 77.632 1.7112 0.29073
0.98678 54.337 70.435 60.928 77.643 1.791 0.2944
0.98661 54.343 70.197 61.121 77.649 1.8726 0.29704
0.98643 54.357 69.932 61.326 77.651 1.953 0.29874
0.98627 54.377 69.657 61.541 77.647 2.0289 0.29961
0.98612 54.403 69.394 61.763 77.64 2.0978 0.29985
0.986 54.434 69.16 61.989 77.629 2.1572 0.2997
0.98593 54.468 68.968 62.214 77.615 2.2057 0.2994
0.9859 54.506 68.828 62.435 77.599 2.2421 0.2992
0.98592 54.545 68.742 62.645 77.584 2.266 0.29935
0.98599 54.583 68.709 62.842 77.57 2.2779 0.30003
0.9861 54.62 68.722 63.021 77.559 2.2787 0.30137
0.98625 54.654 68.772 63.181 77.552 2.27 0.30343
0.98642 54.684 68.846 63.321 77.548 2.2538 0.30617
0.9866 54.709 68.933 63.441 77.548 2.2325 0.30948
0.98678 54.729 69.021 63.543 77.551 2.2089 0.31315
0.98694 54.744 69.099 63.63 77.557 2.1857 0.31692
0.98709 54.755 69.158 63.703 77.564 2.1658 0.32048
0.9872 54.761 69.195 63.768 77.57 2.1519 0.32348
0.98729 54.764 69.207 63.827 77.576 2.1462 0.3256
0.98735 54.765 69.197 63.884 77.578 2.1507 0.32654
0.98738 54.765 69.171 63.939 77.578 2.1668 0.32605
0.98739 54.765 69.135 63.994 77.575 2.1954 0.32398
0.98738 54.765 69.099 64.05 77.568 2.2365 0.32025
0.98736 54.766 69.07 64.105 77.559 2.2898 0.31491
0.98734 54.768 69.053 64.158 77.548 2.3542 0.30809
0.98731 54.772 69.049 64.207 77.535 2.4278 0.30003
0.98728 54.777 69.057 64.25 77.523 2.5085 0.29103
0.98726 54.783 69.07 64.287 77.511 2.5937 0.28148
0.98724 54.789 69.079 64.316 77.503 2.6802 0.27179
0.98722 54.795 69.075 64.34 77.498 2.7648 0.26237
0.98719 54.801 69.049 64.359 77.499 2.8444 0.25365
0.98716 54.807 68.996 64.378 77.505 2.9158 0.24598
0.98712 54.811 68.914 64.401 77.518 2.9759 0.23969
0.98708 54.814 68.806 64.435 77.538 3.0221 0.23503
0.98702 54.815 68.68 64.484 77.564 3.0522 0.23216
0.98695 54.816 68.548 64.556 77.597 3.0645 0.23116
0.98688 54.817 68.424 64.656 77.633 3.058 0.23202
0.9868 54.817 68.321 64.786 77.672 3.0323 0.23466
0.98673 54.818 68.254 64.949 77.712 2.9876 0.23891
0.98666 54.821 68.233 65.145 77.749 2.9251 0.24455
0.9866 54.826 68.269 65.369 77.782 2.8464 0.25131
0.98656 54.834 68.366 65.617 77.808 2.7537 0.25887
0.98655 54.846 68.529 65.88 77.827 2.6501 0.26691
0.98656 54.863 68.756 66.146 77.838 2.5387 0.27509
0.9866 54.884 69.042 66.405 77.841 2.4234 0.28308
0.98665 54.911 69.381 66.645 77.838 2.3078 0.29057
0.98673 54.943 69.76 66.852 77.829 2.196 0.29731
0.98681 54.979 70.163 67.015 77.817 2.0917 0.30307
0.9869 55.019 70.569 67.126 77.806 1.9982 0.3077
0.98698 55.062 70.957 67.178 77.796 1.9188 0.31113
0.98704 55.108 71.302 67.167 77.79 1.8557 0.31336
0.98708 55.155 71.583 67.094 77.789 1.8107 0.31446
0.9871 55.201 71.782 66.962 77.795 1.7849 0.31458
0.9871 55.247 71.886 66.778 77.806 1.7783 0.31394
0.98708 55.291 71.892 66.551 77.823 1.7904 0.31281
0.98705 55.332 71.804 66.293 77.842 1.8199 0.31148
0.98702 55.369 71.636 66.016 77.862 1.8645 0.31027
0.98701 55.403 71.41 65.735 77.88 1.9218 0.30945
0.98701 55.432 71.151 65.461 77.894 1.9887 0.30928
0.98704 55.457 70.89 65.208 77.902 2.0617 0.3099
0.9871 55.475 70.651 64.984 77.9 2.1375 0.31141
0.98719 55.487 70.458 64.797 77.889 2.2126 0.31377
0.98731 55.493 70.325 64.652 77.867 2.2838 0.31685
0.98744 55.491 70.26 64.552 77.835 2.3482 0.32038
0.98759 55.48 70.263 64.497 77.793 2.4033 0.32403
0.98774 55.461 70.325 64.483 77.744 2.4472 0.32737
0.98786 55.433 70.435 64.507 77.691 2.4787 0.32995
0.98796 55.397 70.577 64.563 77.636 2.497 0.33128
0.98802 55.352 70.737 64.645 77.582 2.5021 0.33095
0.98804 55.3 70.9 64.745 77.534 2.4944 0.3286
0.988 55.242 71.057 64.859 77.493 2.4751 0.32398
0.98792 55.18 71.199 64.978 77.463 2.4456 0.317
0.98779 55.117 71.32 65.099 77.444 2.4078 0.3077
0.98761 55.055 71.419 65.216 77.438 2.3636 0.29631
0.98741 54.997 71.492 65.327 77.443 2.3152 0.28321
0.9872 54.946 71.539 65.429 77.458 2.2649 0.26894
0.98698 54.903 71.562 65.521 77.481 2.2147 0.25413
0.98677 54.871 71.562 65.6 77.509 2.1665 0.23947
0.98658 54.852 71.542 65.667 77.538 2.1217 0.2257
0.98642 54.845 71.506 65.722 77.565 2.0817 0.2135
0.98631 54.851 71.459 65.765 77.586 2.0471 0.20349
0.98624 54.869 71.405 65.796 77.601 2.0183 0.19616
0.98622 54.898 71.35 65.814 77.605 1.9952 0.19184
0.98625 54.937 71.294 65.822 77.598 1.9774 0.19067
0.98631 54.983 71.238 65.819 77.58 1.9641 0.19261
0.98641 55.036 71.178 65.806 77.551 1.9541 0.19742
0.98654 55.091 71.108 65.785 77.513 1.9462 0.20471
0.9867 55.149 71.022 65.759 77.466 1.9392 0.21395
0.98686 55.206 70.912 65.728 77.415 1.9318 0.2245
0.98702 55.26 70.774 65.695 77.362 1.9229 0.23568
0.98718 55.311 70.606 65.665 77.312 1.9117 0.24682
0.98733 55.357 70.413 65.639 77.268 1.8978 0.25729
0.98746 55.395 70.203 65.621 77.234 1.881 0.26657
0.98756 55.425 69.992 65.613 77.212 1.8616 0.27425
0.98764 55.445 69.795 65.619 77.206 1.8402 0.28007
0.98768 55.455 69.631 65.639 77.215 1.8178 0.28395
0.98769 55.452 69.516 65.676 77.241 1.7955 0.28593
0.98766 55.437 69.462 65.728 77.283 1.7747 0.28623
0.98759 55.411 69.478 65.796 77.337 1.7567 0.28516
0.9875 55.373 69.563 65.877 77.402 1.743 0.2831
0.98737 55.324 69.712 65.968 77.473 1.7345 0.28049
0.98723 55.268 69.913 66.067 77.546 1.7322 0.27776
0.98708 55.205 70.147 66.17 77.617 1.7368 0.2753
0.98692 55.139 70.392 66.272 77.681 1.7484 0.27341
0.98677 55.073 70.623 66.369 77.734 1.767 0.27231
0.98663 55.01 70.816 66.458 77.772 1.7922 0.27208
0.98652 54.953 70.947 66.532 77.795 1.8234 0.27269
0.98644 54.904 71 66.591 77.801 1.8598 0.274
0.98639 54.866 70.962 66.629 77.79 1.9004 0.27576
0.98638 54.84 70.831 66.644 77.763 1.9442 0.27763
0.98642 54.826 70.614 66.635 77.724 1.9902 0.27927
0.98649 54.825 70.328 66.601 77.674 2.0376 0.28031
0.98659 54.836 69.994 66.541 77.619 2.0855 0.28042
0.98672 54.857 69.642 66.457 77.563 2.1332 0.27932
0.98687 54.887 69.3 66.35 77.51 2.1799 0.27686
0.98703 54.922 68.998 66.225 77.465 2.2251 0.27299
0.98719 54.961 68.758 66.086 77.432 2.2681 0.26779
0.98734 54.999 68.596 65.939 77.413 2.3083 0.26147
0.98747 55.035 68.52 65.792 77.412 2.3447 0.25437
0.98757 55.065 68.527 65.654 77.429 2.3765 0.24689
0.98763 55.088 68.609 65.535 77.464 2.4026 0.23953
0.98766 55.1 68.751 65.445 77.517 2.4218 0.2328
0.98763 55.101 68.932 65.396 77.584 2.4332 0.22718
0.98756 55.09 69.134 65.396 77.662 2.4355 0.2231
0.98745 55.068 69.339 65.455 77.745 2.428 0.2209
0.9873 55.035 69.535 65.578 77.829 2.4099 0.2208
0.98712 54.992 69.715 65.768 77.906 2.3812 0.22284
0.98693 54.941 69.88 66.025 77.971 2.3423 0.22692
0.98674 54.886 70.038 66.344 78.02 2.294 0.23281
0.98656 54.827 70.201 66.714 78.047 2.2379 0.24009
0.98641 54.768 70.387 67.122 78.049 2.1762 0.24828
0.9863 54.71 70.616 67.549 78.027 2.1116 0.25678
0.98624 54.656 70.902 67.972 77.98 2.0471 0.26498
0.98623 54.609 71.258 68.368 77.911 1.9859 0.27226
0.98627 54.568 71.685 68.712 77.823 1.9314 0.27809
0.98635 54.537 72.178 68.978 77.724 1.8866 0.28199
0.98648 54.515 72.718 69.144 77.618 1.8539 0.28361
0.98663 54.504 73.28 69.192 77.512 1.8354 0.28277
0.9868 54.505 73.828 69.109 77.413 1.8321 0.27942
0.98698 54.517 74.323 68.89 77.326 1.8442 0.27366
0.98715 54.541 74.726 68.537 77.257 1.8706 0.26575
0.9873 54.578 75.001 68.061 77.208 1.9097 0.25604
0.98744 54.626 75.122 67.478 77.182 1.9587 0.24499
0.98756 54.685 75.071 66.816 77.179 2.0142 0.23312
0.98764 54.753 74.844 66.105 77.196 2.0722 0.22096
0.98771 54.829 74.451 65.38 77.231 2.1286 0.20902
0.98775 54.91 73.914 64.679 77.281 2.1792 0.1978
0.98778 54.994 73.266 64.038 77.339 2.2204 0.1877
0.98778 55.077 72.548 63.49 77.402 2.2487 0.17907
0.98778 55.155 71.803 63.063 77.463 2.2619 0.17214
0.98777 55.225 71.076 62.779 77.519 2.2585 0.16708
0.98776 55.284 70.407 62.65 77.566 2.2379 0.16393
0.98775 55.329 69.834 62.678 77.601 2.2008 0.16268
0.98774 55.358 69.383 62.856 77.622 2.1487 0.16322
0.98773 55.37 69.073 63.169 77.631 2.0841 0.16542
0.98773 55.365 68.913 63.591 77.628 2.0101 0.16907
0.98774 55.344 68.901 64.092 77.614 1.9302 0.17395
0.98775 55.308 69.026 64.637 77.593 1.8481 0.17979
0.98776 55.259 69.265 65.189 77.568 1.7674 0.18636
0.98778 55.199 69.592 65.712 77.542 1.6914 0.19337
0.98779 55.132 69.975 66.172 77.518 1.6227 0.20056
0.98779 55.059 70.377 66.543 77.498 1.5634 0.20769
0.98777 54.983 70.763 66.805 77.485 1.5146 0.21449
0.98773 54.906 71.102 66.944 77.479 1.4765 0.22075
0.98767 54.831 71.367 66.959 77.481 1.4485 0.22625
0.98758 54.759 71.536 66.855 77.49 1.4294 0.23081
0.98746 54.691 71.601 66.646 77.504 1.417 0.23429
0.98732 54.631 71.56 66.353 77.522 1.4091 0.23657
0.98715 54.58 71.422 66.001 77.542 1.403 0.23762
0.98696 54.54 71.203 65.619 77.56 1.3963 0.23744
0.98677 54.512 70.927 65.234 77.575 1.3866 0.2361
0.98658 54.499 70.624 64.875 77.584 1.3723 0.23373
0.9864 54.501 70.322 64.565 77.586 1.3521 0.23053
0.98624 54.52 70.053 64.32 77.581 1.3255 0.22676
0.98611 54.555 69.841 64.153 77.569 1.2929 0.2227
0.98601 54.606 69.708 64.068 77.55 1.2553 0.2187
0.98595 54.671 69.665 64.062 77.526 1.2142 0.21508
0.98593 54.748 69.718 64.126 77.5 1.1717 0.21217
0.98593 54.834 69.86 64.245 77.474 1.1301 0.21028
0.98596 54.925 70.08 64.402 77.452 1.0918 0.20965
0.98601 55.017 70.356 64.576 77.436 1.0592 0.21045
0.98606 55.104 70.662 64.749 77.43 1.034 0.21278
0.98612 55.183 70.968 64.901 77.436 1.0177 0.21664
0.98616 55.249 71.243 65.019 77.457 1.0112 0.22192
0.9862 55.298 71.458 65.094 77.492 1.0144 0.22844
0.98623 55.328 71.587 65.122 77.544 1.0268 0.23594
0.98624 55.335 71.611 65.106 77.609 1.0471 0.24406
0.98625 55.319 71.519 65.052 77.687 1.0738 0.25242
0.98626 55.281 71.307 64.974 77.774 1.1046 0.26062
0.98628 55.222 70.983 64.888 77.867 1.1374 0.26824
0.98632 55.144 70.565 64.811 77.96 1.1701 0.27489
0.98638 55.053 70.079 64.761 78.049 1.2005 0.28024
0.98648 54.952 69.557 64.755 78.13 1.2272 0.284
0.98661 54.848 69.037 64.805 78.198 1.2491 0.28598
0.98677 54.745 68.558 64.919 78.25 1.2655 0.28604
0.98697 54.648 68.16 65.101 78.284 1.2764 0.28416
0.98719 54.564 67.874 65.345 78.298 1.2826 0.2804
0.98742 54.495 67.728 65.643 78.293 1.2848 0.27489
0.98765 54.443 67.737 65.98 78.268 1.2846 0.26783
0.98787 54.411 67.906 66.338 78.228 1.2833 0.25948
0.98807 54.397 68.226 66.693 78.174 1.2824 0.25015
0.98822 54.402 68.679 67.024 78.11 1.2835 0.24017
0.98832 54.422 69.235 67.308 78.039 1.2878 0.22989
0.98836 54.455 69.855 67.526 77.967 1.296 0.21965
0.98833 54.498 70.498 67.662 77.894 1.3087 0.20978
0.98824 54.547 71.119 67.705 77.824 1.3263 0.20062
0.98808 54.599 71.679 67.648 77.759 1.3485 0.19243
0.98787 54.651 72.142 67.494 77.697 1.3752 0.18545
0.98762 54.699 72.485 67.248 77.64 1.4058 0.1799
0.98733 54.741 72.693 66.922 77.586 1.4402 0.17591
0.98703 54.776 72.765 66.53 77.534 1.4779 0.17357
0.98673 54.803 72.712 66.09 77.483 1.519 0.17291
0.98645 54.82 72.556 65.623 77.432 1.5635 0.17393
0.98621 54.829 72.325 65.146 77.381 1.6119 0.17653
0.98601 54.829 72.054 64.679 77.331 1.6647 0.1806
0.98587 54.822 71.775 64.237 77.283 1.7228 0.18595
0.9858 54.81 71.521 63.833 77.24 1.7868 0.19238
0.98578 54.794 71.316 63.478 77.205 1.8574 0.19965
0.98583 54.777 71.174 63.178 77.181 1.9349 0.20752
0.98593 54.761 71.102 62.938 77.171 2.0193 0.21572
0.98607 54.748 71.097 62.758 77.178 2.1102 0.22403
0.98624 54.742 71.147 62.639 77.203 2.2064 0.23221
0.98642 54.743 71.235 62.578 77.247 2.3062 0.24009
0.98661 54.753 71.341 62.574 77.31 2.4074 0.24752
0.98679 54.774 71.446 62.624 77.391 2.5075 0.2544
0.98694 54.805 71.532 62.725 77.484 2.6033 0.26066
0.98708 54.846 71.587 62.874 77.587 2.6917 0.26628
0.98718 54.897 71.606 63.068 77.695 2.7697 0.27126
0.98726 54.955 71.59 63.302 77.801 2.8346 0.27563
0.9873 55.019 71.546 63.57 77.901 2.8842 0.27941
0.98732 55.086 71.487 63.867 77.988 2.9167 0.28264
0.98733 55.153 71.429 64.181 78.059 2.9316 0.28533
0.98731 55.219 71.39 64.503 78.111 2.929 0.28747
0.98729 55.28 71.385 64.818 78.14 2.9098 0.28903
0.98727 55.334 71.427 65.111 78.148 2.8761 0.28994
0.98725 55.379 71.522 65.368 78.135 2.8303 0.29012
0.98723 55.415 71.669 65.571 78.104 2.7757 0.28948
0.98722 55.44 71.861 65.708 78.058 2.7156 0.28793
0.98723 55.454 72.084 65.768 78.004 2.6537 0.28538
0.98725 55.457 72.317 65.742 77.945 2.5933 0.28178
0.98729 55.449 72.537 65.629 77.887 2.5375 0.27712
0.98734 55.431 72.717 65.434 77.835 2.4887 0.27144
0.9874 55.403 72.833 65.168 77.792 2.4488 0.26482
0.98748 55.368 72.862 64.847 77.763 2.4187 0.25743
0.98756 55.326 72.785 64.495 77.749 2.3987 0.24946
0.98764 55.279 72.592 64.139 77.749 2.3882 0.24115
0.98772 55.228 72.283 63.811 77.765 2.386 0.23279
0.98779 55.177 71.865 63.541 77.794 2.3905 0.22463
0.98785 55.125 71.358 63.361 77.833 2.3995 0.21697
0.98788 55.076 70.79 63.296 77.879 2.4108 0.21001
0.9879 55.03 70.199 63.369 77.928 2.4222 0.20397
0.98789 54.989 69.626 63.59 77.976 2.4315 0.19896
0.98786 54.954 69.116 63.966 78.019 2.4369 0.19504
0.98781 54.926 68.709 64.49 78.053 2.437 0.19221
0.98774 54.904 68.442 65.146 78.075 2.4306 0.19042
0.98765 54.888 68.341 65.911 78.082 2.4172 0.18953
0.98755 54.878 68.418 66.751 78.074 2.3962 0.1894
0.98744 54.872 68.676 67.63 78.049 2.368 0.18987
0.98732 54.869 69.103 68.505 78.008 2.3326 0.19079
0.9872 54.868 69.673 69.336 77.953 2.2905 0.192
0.98708 54.867 70.351 70.082 77.884 2.2423 0.19341
0.98697 54.866 71.097 70.708 77.805 2.1884 0.19496
0.98688 54.863 71.866 71.186 77.718 2.1292 0.19663
0.9868 54.858 72.612 71.497 77.627 2.0652 0.19843
0.98674 54.85 73.297 71.629 77.536 1.9965 0.20043
0.9867 54.839 73.888 71.584 77.447 1.9233 0.2027
0.98668 54.826 74.361 71.371 77.364 1.8456 0.20529
0.98669 54.811 74.706 71.007 77.289 1.7635 0.20825
0.98673 54.796 74.921 70.519 77.224 1.6771 0.2116
0.98678 54.78 75.016 69.937 77.17 1.5866 0.2153
0.98685 54.766 75.007 69.294 77.13 1.4923 0.21926
0.98693 54.755 74.916 68.626 77.101 1.395 0.22336
0.98701 54.747 74.767 67.966 77.085 1.2954 0.2274
0.9871 54.743 74.583 67.346 77.079 1.1948 0.23117
0.98717 54.744 74.383 66.79 77.082 1.0945 0.23448
0.98723 54.748 74.182 66.319 77.09 0.99623 0.23709
0.98728 54.757 73.989 65.947 77.102 0.90194 0.23886
0.9873 54.769 73.805 65.683 77.113 0.81367 0.23967
0.98731 54.783 73.629 65.526 77.122 0.73356 0.23948
0.9873 54.798 73.453 65.474 77.126 0.66369 0.23834
0.98729 54.813 73.271 65.516 77.123 0.60603 0.23638
0.98726 54.827 73.077 65.641 77.111 0.56231 0.23381
0.98723 54.837 72.867 65.833 77.091 0.53389 0.2309
0.9872 54.843 72.646 66.075 77.062 0.52166 0.22796
0.98717 54.845 72.42 66.351 77.025 0.52599 0.22532
0.98716 54.842 72.203 66.645 76.984 0.54662 0.22329
0.98715 54.834 72.012 66.94 76.938 0.58265 0.22214
0.98715 54.822 71.865 67.225 76.892 0.63252 0.22207
0.98716 54.806 71.779 67.489 76.848 0.69406 0.22319
0.98718 54.788 71.766 67.725 76.808 0.76458 0.22553
0.98722 54.769 71.834 67.926 76.774 0.84091 0.22899
0.98727 54.75 71.984 68.091 76.749 0.91964 0.23338
0.98732 54.734 72.208 68.219 76.734 0.99721 0.23846
0.98739 54.72 72.492 68.314 76.73 1.0702 0.24388
0.98746 54.71 72.818 68.377 76.736 1.1352 0.2493
0.98754 54.704 73.162 68.415 76.753 1.1897 0.25434
0.98763 54.703 73.503 68.433 76.78 1.2315 0.25868
0.98773 54.706 73.815 68.437 76.814 1.259 0.26201
0.98782 54.713 74.08 68.432 76.853 1.2718 0.2641
0.98792 54.722 74.282 68.423 76.895 1.2701 0.26482
0.988 54.734 74.413 68.413 76.937 1.2552 0.2641
0.98808 54.748 74.469 68.405 76.976 1.2288 0.26196
0.98813 54.762 74.455 68.397 77.007 1.1936 0.25848
0.98815 54.775 74.38 68.389 77.029 1.1525 0.25383
0.98814 54.788 74.257 68.377 77.04 1.109 0.24819
0.9881 54.801 74.103 68.357 77.037 1.0663 0.24175
0.98801 54.812 73.932 68.324 77.021 1.0277 0.2347
0.98788 54.823 73.759 68.272 76.992 0.99592 0.22723
0.98771 54.833 73.595 68.195 76.951 0.97336 0.21947
0.98751 54.842 73.445 68.09 76.901 0.96158 0.2115
0.98728 54.85 73.313 67.954 76.845 0.96144 0.20339
0.98703 54.856 73.196 67.785 76.788 0.973 0.19516
0.98678 54.862 73.091 67.587 76.734 0.9956 0.1868
0.98653 54.865 72.991 67.363 76.687 1.0279 0.1783
0.98631 54.867 72.887 67.121 76.651 1.068 0.16969
0.98612 54.866 72.772 66.871 76.629 1.1136 0.16099
0.98598 54.863 72.638 66.623 76.625 1.1625 0.1523
0.98589 54.858 72.478 66.391 76.639 1.2121 0.14379
0.98586 54.851 72.29 66.188 76.671 1.2603 0.13566
0.98589 54.843 72.073 66.027 76.722 1.3052 0.12822
0.98598 54.833 71.831 65.918 76.788 1.3453 0.12179
0.98611 54.823 71.57 65.872 76.866 1.38 0.11675
0.98629 54.812 71.302 65.894 76.952 1.4088 0.11347
0.98649 54.801 71.039 65.987 77.043 1.4319 0.11232
0.98671 54.791 70.793 66.147 77.132 1.4501 0.1136
0.98692 54.781 70.578 66.371 77.217 1.4644 0.11754
0.98711 54.771 70.405 66.647 77.293 1.476 0.12425
0.98726 54.762 70.281 66.964 77.358 1.4862 0.13373
0.98738 54.754 70.21 67.306 77.411 1.4961 0.14583
0.98744 54.746 70.192 67.656 77.45 1.5067 0.16026
0.98746 54.74 70.223 67.996 77.476 1.5188 0.17662
0.98742 54.736 70.296 68.311 77.489 1.5325 0.19436
0.98733 54.735 70.402 68.586 77.492 1.5477 0.21288
0.98721 54.737 70.529 68.809 77.486 1.564 0.2315
0.98705 54.743 70.668 68.973 77.473 1.5806 0.24954
0.98689 54.753 70.807 69.072 77.456 1.5966 0.26633
0.98673 54.768 70.94 69.108 77.436 1.611 0.28124
0.98658 54.787 71.059 69.085 77.415 1.6229 0.29375
0.98646 54.809 71.163 69.01 77.394 1.6317 0.30343
0.98638 54.834 71.251 68.894 77.374 1.6371 0.30997
0.98635 54.86 71.327 68.75 77.356 1.6393 0.31321
0.98637 54.886 71.395 68.592 77.34 1.6391 0.31314
0.98643 54.911 71.46 68.433 77.327 1.6376 0.30985
0.98653 54.934 71.528 68.284 77.316 1.6366 0.30359
0.98666 54.953 71.602 68.155 77.308 1.638 0.29471
0.9868 54.968 71.685 68.053 77.303 1.6442 0.28363
0.98694 54.98 71.777 67.98 77.301 1.6574 0.27086
0.98707 54.986 71.874 67.936 77.302 1.6797 0.25697
0.98718 54.988 71.974 67.918 77.306 1.713 0.24253
0.98725 54.986 72.068 67.917 77.312 1.7587 0.22814
0.9873 54.981 72.149 67.925 77.32 1.8173 0.21436
0.98731 54.972 72.207 67.931 77.328 1.8888 0.20174
0.9873 54.961 72.233 67.925 77.337 1.9724 0.19076
0.98727 54.948 72.219 67.895 77.344 2.0664 0.18183
0.98722 54.932 72.156 67.834 77.348 2.1686 0.17529
0.98718 54.915 72.042 67.736 77.348 2.276 0.17135
0.98716 54.897 71.872 67.598 77.343 2.3852 0.17013
0.98715 54.877 71.649 67.421 77.333 2.4928 0.17165
0.98718 54.855 71.377 67.209 77.317 2.5951 0.17579
0.98724 54.832 71.061 66.969 77.296 2.6886 0.18232
0.98733 54.808 70.711 66.712 77.27 2.7703 0.19094
0.98745 54.782 70.337 66.449 77.239 2.8376 0.20121
0.98759 54.756 69.953 66.193 77.206 2.8884 0.21267
0.98774 54.73 69.572 65.956 77.172 2.9216 0.22478
0.98789 54.706 69.208 65.749 77.139 2.9367 0.23699
0.98802 54.685 68.877 65.582 77.108 2.9338 0.24876
0.98812 54.669 68.593 65.46 77.08 2.9138 0.25957
0.98818 54.659 68.37 65.386 77.057 2.8782 0.26897
0.9882 54.656 68.22 65.36 77.04 2.8289 0.27656
0.98816 54.662 68.151 65.378 77.029 2.7683 0.28206
0.98807 54.676 68.167 65.431 77.025 2.6989 0.28528
0.98793 54.699 68.269 65.511 77.026 2.6234 0.28614
0.98775 54.73 68.452 65.607 77.032 2.5442 0.28468
0.98754 54.767 68.706 65.707 77.041 2.464 0.28102
0.98732 54.808 69.019 65.799 77.052 2.385 0.27542
0.98709 54.851 69.374 65.874 77.063 2.309 0.26818
0.98689 54.892 69.753 65.922 77.072 2.2377 0.25972
0.98671 54.93 70.138 65.939 77.078 2.1724 0.25047
0.98657 54.962 70.509 65.922 77.079 2.1136 0.24093
0.98648 54.985 70.85 65.871 77.076 2.0619 0.23159
0.98644 54.999 71.146 65.789 77.068 2.0172 0.22296
0.98646 55.001 71.388 65.681 77.055 1.9792 0.21551
0.98652 54.994 71.569 65.556 77.041 1.9472 0.20968
0.98663 54.976 71.688 65.422 77.026 1.9206 0.20583
0.98676 54.95 71.745 65.289 77.013 1.8985 0.20424
0.98691 54.918 71.747 65.167 77.004 1.8801 0.20509
0.98706 54.882 71.7 65.065 77 1.8648 0.20846
0.98721 54.843 71.612 64.991 77.005 1.852 0.21426
0.98734 54.804 71.492 64.952 77.017 1.8419 0.22231
0.98744 54.766 71.347 64.953 77.038 1.8346 0.23227
0.98751 54.73 71.182 64.995 77.068 1.8308 0.24369
0.98755 54.695 71.003 65.08 77.105 1.8318 0.256
0.98756 54.663 70.812 65.207 77.147 1.8388 0.26857
0.98754 54.633 70.615 65.372 77.193 1.8535 0.28071
0.9875 54.605 70.417 65.57 77.24 1.8775 0.29171
0.98743 54.577 70.224 65.795 77.286 1.9125 0.3009
0.98736 54.549 70.043 66.04 77.329 1.9597 0.30772
0.98728 54.522 69.884 66.297 77.367 2.0198 0.31168
0.9872 54.495 69.754 66.558 77.4 2.0929 0.31249
0.98713 54.469 69.662 66.813 77.426 2.1782 0.31004
0.98709 54.444 69.614 67.054 77.445 2.2741 0.30443
0.98706 54.42 69.611 67.272 77.46 2.3778 0.29598
0.98705 54.399 69.653 67.46 77.469 2.4859 0.28519
0.98708 54.382 69.735 67.609 77.476 2.594 0.27276
0.98713 54.367 69.853 67.715 77.481 2.6971 0.2595
0.9872 54.355 69.996 67.772 77.485 2.79 0.24634
0.9873 54.347 70.158 67.776 77.49 2.8673 0.23417
0.98741 54.341 70.328 67.726 77.494 2.9238 0.22389
0.98753 54.337 70.501 67.621 77.499 2.9552 0.21625
0.98764 54.333 70.669 67.462 77.504 2.9576 0.21183
0.98774 54.328 70.828 67.254 77.506 2.9286 0.21099
0.98781 54.321 70.972 67 77.506 2.867 0.21384
0.98784 54.312 71.098 66.707 77.501 2.7729 0.2202
0.98782 54.299 71.202 66.383 77.491 2.6482 0.22965
0.98774 54.283 71.281 66.036 77.475 2.4958 0.24149
0.98761 54.264 71.335 65.677 77.452 2.3199 0.25486
0.98743 54.244 71.364 65.317 77.423 2.1259 0.26875
0.98719 54.226 71.371 64.965 77.39 1.9197 0.28207
0.98693 54.212 71.363 64.633 77.354 1.7075 0.29375
0.98664 54.205 71.347 64.331 77.318 1.4959 0.30283
0.98636 54.211 71.334 64.068 77.285 1.2909 0.30848
0.9861 54.231 71.336 63.852 77.256 1.0984 0.3101
0.98587 54.271 71.361 63.691 77.235 0.92317 0.30736
0.98571 54.33 71.417 63.59 77.223 0.76937 0.30021
0.98561 54.41 71.509 63.551 77.221 0.64015 0.2889
0.98558 54.507 71.635 63.574 77.228 0.53767 0.27393
0.98563 54.618 71.786 63.659 77.241 0.46317 0.25606
0.98575 54.733 71.949 63.799 77.257 0.41706 0.2362
0.98592 54.842 72.105 63.988 77.273 0.399 0.21539
0.98614 54.93 72.23 64.214 77.284 0.40807 0.19469
0.98638 54.984 72.3 64.464 77.283 0.4429 0.17512
0.98663 54.985 72.289 64.723 77.267 0.50178 0.15761
0.98688 54.916 72.172 64.972 77.232 0.58273 0.14291
0.9871 54.764 71.932 65.191 77.174 0.68364 0.13155
0.9873 54.515 71.556 65.36 77.094 0.80224 0.12383
0.98747 54.162 71.038 65.458 76.992 0.93618 0.11978
0.9876 53.701 70.382 65.465 76.87 1.083 0.11921
0.98771 53.135 69.603 65.362 76.732 1.24 0.1217
0.98779 52.474 68.722 65.135 76.584 1.4047 0.12664
0.98785 51.731 67.768 64.771 76.432 1.574 0.13331
0.98789 50.928 66.777 64.265 76.282 1.745 0.14092
0.98792 50.086 65.784 63.616 76.14 1.9146 0.14864
0.98794 49.23 64.825 62.828 76.011 2.0799 0.15573
0.98796 48.385 63.933 61.913 75.899 2.2378 0.1615
0.98796 47.573 63.134 60.888 75.808 2.3853 0.16541
0.98795 46.814 62.449 59.774 75.74 2.52 0.1671
0.98793 46.123 61.893 58.599 75.693 2.6396 0.16637
0.9879 45.509 61.471 57.391 75.668 2.7423 0.1632
0.98785 44.98 61.187 56.182 75.661 2.8269 0.15776
0.98778 44.535 61.036 55.003 75.669 2.8928 0.15035
0.98769 44.174 61.013 53.882 75.689 2.9399 0.14142
0.98759 43.891 61.109 52.844 75.715 2.969 0.13148
0.98747 43.678 61.312 51.911 75.744 2.9811 0.12112
0.98735 43.529 61.608 51.096 75.771 2.978 0.11095
0.98722 43.434 61.985 50.409 75.794 2.9618 0.10151
0.98708 43.383 62.425 49.85 75.808 2.9346 0.093347
0.98696 43.368 62.913 49.413 75.813 2.899 0.086877
0.98684 43.38 63.431 49.089 75.808 2.8574 0.082432
0.98673 43.41 63.965 48.861 75.792 2.812 0.080216
0.98664 43.45 64.498 48.71 75.766 2.7649 0.080307
0.98658 43.493 65.017 48.615 75.732 2.7176 0.082655
0.98654 43.53 65.509 48.554 75.693 2.6714 0.087091
0.98653 43.558 65.965 48.508 75.651 2.6271 0.093338
0.98656 43.57 66.376 48.458 75.611 2.5849 0.10104
0.98662 43.564 66.736 48.392 75.575 2.5449 0.10976
0.98671 43.538 67.041 48.3 75.547 2.5067 0.11906
0.98683 43.49 67.287 48.179 75.53 2.4695 0.12847
0.98697 43.423 67.471 48.029 75.526 2.4326 0.13754
0.98714 43.338 67.593 47.858 75.537 2.395 0.14588
0.98731 43.238 67.652 47.674 75.562 2.356 0.15314
0.98749 43.13 67.647 47.491 75.602 2.3148 0.15908
0.98766 43.017 67.579 47.324 75.654 2.271 0.16352
0.98782 42.905 67.448 47.189 75.716 2.2243 0.16639
0.98795 42.8 67.258 47.1 75.784 2.1748 0.16767
0.98805 42.706 67.013 47.07 75.857 2.1228 0.16747
0.98812 42.627 66.723 47.109 75.929 2.069 0.16591
0.98815 42.568 66.399 47.225 75.997 2.0143 0.16318
0.98814 42.529 66.058 47.42 76.06 1.9597 0.1595
0.98808 42.514 65.72 47.692 76.114 1.9064 0.15508
0.98799 42.521 65.408 48.037 76.158 1.8555 0.15016
0.98787 42.551 65.144 48.445 76.191 1.8084 0.14494
0.98772 42.602 64.95 48.904 76.213 1.766 0.13963
0.98756 42.672 64.846 49.4 76.224 1.7292 0.13439
0.98739 42.759 64.844 49.918 76.226 1.6986 0.1294
0.98722 42.861 64.951 50.444 76.218 1.6748 0.1248
0.98707 42.973 65.167 50.962 76.202 1.6579 0.12072
0.98695 43.094 65.484 51.458 76.179 1.6476 0.11729
0.98686 43.22 65.889 51.922 76.149 1.6436 0.11464
0.98681 43.349 66.361 52.344 76.115 1.6453 0.11286
0.9868 43.477 66.878 52.717 76.076 1.6516 0.11206
0.98684 43.602 67.416 53.037 76.034 1.6616 0.11231
0.98693 43.723 67.952 53.302 75.992 1.674 0.11364
0.98706 43.838 68.463 53.511 75.95 1.6874 0.11605
0.98723 43.945 68.932 53.665 75.911 1.7005 0.11946
0.98741 44.045 69.346 53.767 75.878 1.712 0.12375
0.98761 44.136 69.697 53.82 75.852 1.7203 0.12874
0.9878 44.221 69.981 53.828 75.836 1.7244 0.13417
0.98797 44.298 70.196 53.795 75.83 1.7231 0.13975
0.98812 44.37 70.34 53.726 75.835 1.7155 0.14516
0.98823 44.436 70.415 53.625 75.852 1.701 0.15007
0.98828 44.498 70.418 53.497 75.88 1.6793 0.15418
0.98829 44.554 70.348 53.349 75.916 1.6503 0.15723
0.98824 44.604 70.202 53.185 75.959 1.6143 0.15904
0.98814 44.647 69.977 53.013 76.005 1.5721 0.15952
0.988 44.681 69.672 52.84 76.052 1.5247 0.15868
0.98783 44.702 69.293 52.671 76.098 1.4734 0.15665
0.98763 44.708 68.846 52.513 76.138 1.4201 0.15366
0.98743 44.695 68.348 52.373 76.172 1.3665 0.15002
0.98724 44.661 67.819 52.256 76.199 1.3148 0.14608
0.98706 44.604 67.284 52.164 76.217 1.2668 0.14226
0.98691 44.522 66.773 52.1 76.227 1.2247 0.13892
0.98681 44.415 66.315 52.064 76.231 1.1899 0.1364
0.98674 44.283 65.938 52.054 76.229 1.1637 0.13496
0.98671 44.13 65.666 52.065 76.223 1.147 0.13473
0.98673 43.958 65.516 52.094 76.217 1.1399 0.13574
0.98677 43.772 65.495 52.133 76.211 1.142 0.13788
0.98685 43.577 65.602 52.175 76.209 1.1521 0.14091
0.98693 43.378 65.826 52.213 76.212 1.1685 0.1445
0.98702 43.182 66.149 52.242 76.22 1.1891 0.14822
0.98709 42.993 66.543 52.256 76.235 1.2114 0.15161
0.98715 42.816 66.979 52.255 76.257 1.2327 0.1542
0.98719 42.656 67.423 52.238 76.283 1.2504 0.15557
0.98719 42.515 67.843 52.208 76.312 1.2622 0.15535
0.98716 42.396 68.21 52.17 76.341 1.2663 0.15327
0.9871 42.301 68.499 52.134 76.368 1.2616 0.14921
0.98701 42.233 68.694 52.108 76.39 1.248 0.14314
0.9869 42.192 68.784 52.103 76.404 1.2261 0.1352
0.98678 42.18 68.769 52.129 76.408 1.1975 0.12563
0.98666 42.199 68.655 52.197 76.402 1.1647 0.11479
0.98655 42.248 68.458 52.312 76.384 1.1307 0.1031
0.98646 42.328 68.2 52.48 76.357 1.0993 0.091059
0.98639 42.438 67.912 52.699 76.322 1.074 0.079151
0.98634 42.577 67.624 52.968 76.281 1.0586 0.067867
0.98633 42.741 67.372 53.277 76.237 1.0561 0.057656
0.98635 42.927 67.187 53.613 76.194 1.069 0.048907
0.9864 43.13 67.097 53.962 76.153 1.0986 0.041931
0.98647 43.342 67.121 54.303 76.117 1.1452 0.036956
0.98657 43.557 67.268 54.617 76.086 1.2077 0.034116
0.98668 43.766 67.536 54.883 76.061 1.2839 0.033459
0.9868 43.961 67.909 55.083 76.042 1.3701 0.034947
0.98693 44.136 68.364 55.199 76.025 1.4621 0.038464
0.98707 44.283 68.864 55.22 76.01 1.5547 0.043827
0.98721 44.397 69.371 55.137 75.994 1.6427 0.050795
0.98736 44.477 69.841 54.949 75.975 1.7208 0.059079
0.9875 44.52 70.235 54.66 75.951 1.7842 0.06835
0.98764 44.529 70.52 54.278 75.921 1.8291 0.07825
0.98778 44.505 70.67 53.82 75.885 1.8528 0.088405
0.9879 44.455 70.674 53.302 75.843 1.8542 0.098427
0.98802 44.381 70.535 52.747 75.797 1.8336 0.10794
0.98811 44.291 70.268 52.176 75.749 1.793 0.11656
0.98819 44.191 69.9 51.612 75.701 1.7359 0.12395
0.98825 44.084 69.471 51.074 75.655 1.6672 0.12982
0.98827 43.976 69.023 50.579 75.613 1.5928 0.13392
0.98827 43.87 68.603 50.138 75.575 1.519 0.13606
0.98825 43.766 68.255 49.756 75.543 1.4526 0.13615
0.98819 43.664 68.015 49.434 75.514 1.3998 0.13418
0.9881 43.565 67.908 49.168 75.49 1.3661 0.13024
0.98799 43.465 67.947 48.945 75.468 1.3558 0.12452
0.98785 43.363 68.131 48.753 75.447 1.3716 0.11728
0.9877 43.257 68.444 48.575 75.429 1.4145 0.1089
0.98754 43.143 68.856 48.393 75.412 1.4834 0.09979
0.98737 43.022 69.333 48.192 75.398 1.5755 0.090443
0.9872 42.892 69.831 47.957 75.39 1.6863 0.081361
0.98704 42.756 70.309 47.68 75.391 1.8096 0.073053
0.98689 42.615 70.729 47.355 75.403 1.9385 0.066001
0.98677 42.474 71.06 46.986 75.43 2.0656 0.060635
0.98668 42.337 71.28 46.581 75.473 2.1833 0.057308
0.98662 42.209 71.378 46.154 75.534 2.2847 0.056277
0.98659 42.095 71.35 45.727 75.612 2.3638 0.057684
0.9866 42.001 71.203 45.322 75.706 2.416 0.061549
0.98664 41.929 70.947 44.969 75.812 2.4385 0.067764
0.98672 41.881 70.597 44.693 75.926 2.4303 0.076098
0.98682 41.858 70.17 44.522 76.042 2.3921 0.086208
0.98694 41.859 69.686 44.478 76.155 2.3264 0.097657
0.98707 41.881 69.164 44.578 76.26 2.2369 0.10993
0.98721 41.921 68.623 44.834 76.352 2.1287 0.12248
0.98734 41.974 68.085 45.248 76.428 2.0072 0.13473
0.98747 42.036 67.571 45.814 76.486 1.8781 0.14612
0.98759 42.103 67.102 46.518 76.526 1.7468 0.15612
0.98769 42.173 66.696 47.338 76.55 1.618 0.1643
0.98776 42.243 66.37 48.247 76.558 1.4956 0.17027
0.98781 42.312 66.135 49.21 76.555 1.3822 0.1738
0.98784 42.381 65.993 50.195 76.543 1.2795 0.17473
0.98782 42.45 65.942 51.164 76.527 1.1878 0.17304
0.98778 42.519 65.968 52.086 76.508 1.1067 0.16883
0.9877 42.589 66.053 52.933 76.49 1.0351 0.16229
0.98759 42.659 66.172 53.683 76.475 0.97141 0.15371
0.98745 42.73 66.298 54.322 76.462 0.91392 0.14344
0.98728 42.8 66.405 54.844 76.453 0.86122 0.1319
0.98708 42.869 66.474 55.253 76.446 0.8123 0.11951
0.98686 42.935 66.49 55.559 76.44 0.76675 0.10672
0.98663 42.999 66.453 55.78 76.434 0.72484 0.093946
0.9864 43.061 66.371 55.938 76.424 0.6875 0.08158
0.98619 43.124 66.264 56.057 76.409 0.65621 0.069967
0.986 43.192 66.16 56.164 76.388 0.63284 0.059397
0.98584 43.269 66.093 56.281 76.358 0.61941 0.050098
0.98573 43.36 66.095 56.426 76.319 0.61783 0.042243
0.98567 43.471 66.197 56.615 76.272 0.62967 0.035945
0.98566 43.603 66.419 56.851 76.216 0.65595 0.031267
0.98571 43.759 66.77 57.134 76.153 0.69696 0.02823
0.98581 43.938 67.246 57.454 76.086 0.75219 0.026819
0.98596 44.134 67.829 57.794 76.015 0.82033 0.026991
0.98613 44.34 68.489 58.13 75.944 0.89931 0.028682
0.98632 44.543 69.185 58.436 75.874 0.98643 0.031811
0.98652 44.73 69.872 58.682 75.808 1.0786 0.036281
0.98672 44.885 70.5 58.838 75.746 1.1725 0.041977
0.9869 44.99 71.024 58.875 75.689 1.2647 0.04877
0.98707 45.032 71.403 58.771 75.638 1.3522 0.056505
0.9872 44.996 71.608 58.507 75.592 1.4321 0.065004
0.98731 44.874 71.618 58.074 75.551 1.5023 0.074057
0.98739 44.662 71.431 57.468 75.516 1.5611 0.083427
0.98745 44.36 71.056 56.695 75.487 1.6073 0.092845
0.98748 43.978 70.516 55.771 75.464 1.6404 0.10202
0.9875 43.529 69.85 54.716 75.449 1.6604 0.11066
0.9875 43.033 69.102 53.561 75.443 1.6676 0.11844
0.9875 42.511 68.327 52.337 75.449 1.6626 0.12509
0.9875 41.99 67.58 51.083 75.469 1.6462 0.13035
0.98751 41.496 66.914 49.838 75.503 1.6193 0.13404
0.98752 41.053 66.373 48.641 75.552 1.583 0.13603
0.98754 40.683 65.992 47.529 75.617 1.5383 0.13632
0.98757 40.4 65.789 46.536 75.695 1.4862 0.13499
0.9876 40.215 65.768 45.693 75.783 1.428 0.13222
0.98764 40.131 65.913 45.024 75.876 1.3649 0.12834
0.98768 40.144 66.192 44.547 75.971 1.2981 0.12372
0.98771 40.243 66.561 44.274 76.061 1.2291 0.11884
0.98773 40.413 66.968 44.208 76.14 1.1595 0.11419
0.98774 40.635 67.356 44.347 76.205 1.0906 0.1103
0.98773 40.886 67.67 44.683 76.249 1.0242 0.10761
0.98769 41.144 67.865 45.199 76.273 0.96142 0.10653
0.98763 41.389 67.909 45.876 76.273 0.90347 0.10731
0.98755 41.604 67.786 46.689 76.253 0.8511 0.11008
0.98744 41.775 67.499 47.608 76.215 0.80466 0.1148
0.98733 41.896 67.068 48.603 76.163 0.764 0.12123
0.9872 41.963 66.529 49.641 76.104 0.72851 0.12897
0.98707 41.981 65.928 50.693 76.043 0.69716 0.13749
0.98695 41.958 65.32 51.727 75.987 0.6686 0.14611
0.98684 41.908 64.757 52.717 75.941 0.64133 0.1541
0.98675 41.847 64.291 53.641 75.91 0.61391 0.16071
0.98669 41.791 63.961 54.48 75.896 0.58516 0.16524
0.98665 41.757 63.797 55.223 75.9 0.55445 0.16707
0.98666 41.761 63.813 55.864 75.92 0.52185 0.16576
0.9867 41.813 64.008 56.401 75.955 0.48829 0.16105
0.98677 41.921 64.367 56.84 75.999 0.45568 0.1529
0.98688 42.088 64.864 57.19 76.048 0.4269 0.14153
0.98701 42.312 65.464 57.463 76.095 0.40567 0.12736
0.98717 42.586 66.127 57.673 76.137 0.39638 0.11106
0.98735 42.898 66.814 57.834 76.168 0.40379 0.093434
0.98753 43.234 67.489 57.958 76.185 0.43267 0.075439
0.98771 43.579 68.121 58.055 76.186 0.48739 0.058079
0.98789 43.917 68.689 58.129 76.172 0.57148 0.042359
0.98805 44.232 69.183 58.183 76.145 0.68727 0.02922
0.9882 44.509 69.6 58.211 76.108 0.83549 0.019473
0.98831 44.74 69.948 58.204 76.066 1.0151 0.013752
0.98839 44.916 70.239 58.149 76.023 1.223 0.012476
0.98844 45.035 70.486 58.031 75.985 1.4545 0.015819
0.98844 45.095 70.702 57.834 75.957 1.7026 0.023708
0.9884 45.103 70.896 57.543 75.945 1.9594 0.035824
0.98831 45.062 71.069 57.147 75.95 2.2157 0.051628
0.98818 44.983 71.215 56.64 75.975 2.4619 0.070391
0.98802 44.874 71.32 56.024 76.021 2.6886 0.091243
0.98782 44.746 71.365 55.307 76.085 2.8869 0.11322
0.9876 44.607 71.328 54.509 76.165 3.0497 0.13533
0.98737 44.465 71.186 53.657 76.257 3.1712 0.1566
0.98715 44.328 70.922 52.784 76.354 3.2484 0.1761
0.98695 44.198 70.525 51.93 76.451 3.2805 0.19306
0.98679 44.079 69.993 51.139 76.542 3.2692 0.20684
0.98668 43.97 69.338 50.455 76.622 3.219 0.21697
0.98663 43.868 68.581 49.917 76.683 3.1363 0.2232
0.98664 43.772 67.753 49.562 76.723 3.0294 0.22547
0.98671 43.678 66.894 49.414 76.739 2.9077 0.2239
0.98684 43.582 66.05 49.488 76.728 2.7811 0.21879
0.98702 43.481 65.27 49.786 76.692 2.6596 0.21057
0.98723 43.373 64.6 50.295 76.632 2.552 0.19981
0.98745 43.259 64.082 50.99 76.551 2.4657 0.18711
0.98766 43.14 63.75 51.832 76.453 2.4064 0.1731
0.98784 43.02 63.627 52.771 76.342 2.3771 0.15843
0.98798 42.905 63.72 53.751 76.226 2.3785 0.14366
0.98806 42.799 64.026 54.71 76.109 2.4089 0.12928
0.98808 42.711 64.522 55.59 75.998 2.4638 0.11568
0.98804 42.646 65.176 56.332 75.898 2.5373 0.10314
0.98794 42.609 65.94 56.888 75.815 2.6215 0.091804
0.98779 42.603 66.762 57.22 75.751 2.7079 0.081737
0.98759 42.63 67.584 57.304 75.71 2.7878 0.0729
0.98737 42.69 68.35 57.133 75.693 2.8528 0.065198
0.98714 42.779 69.009 56.714 75.702 2.8958 0.058511
0.98691 42.891 69.519 56.07 75.735 2.9113 0.052724
0.9867 43.022 69.855 55.24 75.789 2.8957 0.047759
0.98652 43.164 70.002 54.272 75.861 2.8479 0.043607
0.98637 43.309 69.966 53.226 75.947 2.7692 0.040344
0.98625 43.449 69.763 52.164 76.041 2.6632 0.038139
0.98618 43.579 69.422 51.151 76.139 2.5356 0.037256
0.98614 43.692 68.983 50.246 76.234 2.3934 0.038031
0.98614 43.784 68.489 49.505 76.321 2.2449 0.040852
0.98618 43.854 67.983 48.971 76.394 2.0987 0.046119
0.98626 43.898 67.51 48.675 76.45 1.9632 0.0542
0.98636 43.918 67.107 48.636 76.485 1.8458 0.06539
0.98649 43.915 66.803 48.857 76.497 1.7526 0.079861
0.98666 43.892 66.621 49.326 76.485 1.6879 0.097634
0.98685 43.852 66.573 50.02 76.45 1.6538 0.11855
0.98706 43.799 66.66 50.903 76.393 1.6504 0.14225
0.98729 43.736 66.872 51.934 76.318 1.6755 0.16822
0.98753 43.669 67.194 53.062 76.229 1.7253 0.19574
0.98778 43.6 67.601 54.239 76.129 1.7947 0.22402
0.98803 43.532 68.064 55.414 76.025 1.8776 0.25218
0.98828 43.469 68.553 56.544 75.921 1.9675 0.27933
