//co2 data for Study 22 _2
steady: none
chosen_param: SaO2sup, Pa_CO2, P_a, Vmca_d, TOI_d, HbT_d, CCO_d
time_step: 1.0
******
0.98572 28.725 106.75 48.032 62.055 -6.1157 -0.071286
0.98602 28.735 108.07 48.771 62.096 -6.1914 -0.074608
0.98633 28.745 109.41 49.525 62.165 -6.2657 -0.080881
0.98663 28.756 110.7 50.26 62.259 -6.3363 -0.089731
0.98691 28.77 111.88 50.95 62.374 -6.4015 -0.10059
0.98716 28.789 112.91 51.572 62.505 -6.4596 -0.11275
0.98736 28.815 113.76 52.109 62.647 -6.5093 -0.12538
0.98752 28.849 114.38 52.55 62.794 -6.5501 -0.13764
0.98762 28.891 114.77 52.89 62.939 -6.5816 -0.14867
0.98766 28.94 114.92 53.128 63.077 -6.6043 -0.15774
0.98765 28.996 114.83 53.271 63.201 -6.619 -0.16421
0.98759 29.058 114.54 53.325 63.307 -6.6271 -0.16767
0.9875 29.123 114.06 53.301 63.389 -6.6303 -0.16787
0.98737 29.188 113.43 53.213 63.444 -6.6306 -0.16484
0.98722 29.253 112.7 53.074 63.47 -6.6303 -0.15881
0.98707 29.313 111.92 52.897 63.467 -6.6313 -0.15022
0.98692 29.367 111.13 52.694 63.435 -6.6358 -0.13969
0.98679 29.414 110.39 52.478 63.377 -6.6455 -0.12797
0.98667 29.454 109.74 52.256 63.297 -6.6619 -0.11589
0.98658 29.486 109.22 52.036 63.201 -6.6859 -0.10427
0.98652 29.512 108.86 51.823 63.094 -6.7179 -0.093899
0.98648 29.533 108.68 51.621 62.983 -6.7578 -0.085478
0.98647 29.551 108.68 51.431 62.875 -6.805 -0.079544
0.98648 29.567 108.87 51.254 62.776 -6.8581 -0.076464
0.98652 29.585 109.21 51.087 62.691 -6.9154 -0.076402
0.98657 29.606 109.67 50.931 62.624 -6.9748 -0.079322
0.98664 29.63 110.21 50.784 62.578 -7.0339 -0.084991
0.98672 29.658 110.78 50.645 62.555 -7.09 -0.093009
0.98682 29.69 111.34 50.512 62.555 -7.1407 -0.10284
0.98693 29.726 111.82 50.386 62.58 -7.1834 -0.11385
0.98706 29.764 112.19 50.266 62.627 -7.2163 -0.12536
0.9872 29.803 112.41 50.152 62.695 -7.2375 -0.1367
0.98735 29.841 112.45 50.045 62.783 -7.246 -0.14724
0.9875 29.877 112.31 49.947 62.888 -7.2414 -0.15644
0.98765 29.909 111.97 49.857 63.006 -7.2238 -0.16387
0.98779 29.936 111.46 49.777 63.135 -7.194 -0.16923
0.9879 29.959 110.79 49.708 63.271 -7.1536 -0.1724
0.98797 29.977 110 49.651 63.409 -7.1044 -0.17338
0.988 29.99 109.14 49.606 63.544 -7.0489 -0.17233
0.98796 30 108.25 49.576 63.672 -6.9894 -0.16951
0.98785 30.007 107.39 49.564 63.789 -6.9286 -0.1653
0.98767 30.012 106.59 49.57 63.888 -6.869 -0.16013
0.9874 30.017 105.91 49.601 63.967 -6.8127 -0.15447
0.98706 30.023 105.36 49.658 64.022 -6.7616 -0.14879
0.98665 30.029 104.96 49.748 64.05 -6.717 -0.14356
0.98619 30.036 104.7 49.874 64.048 -6.6797 -0.13916
0.9857 30.044 104.58 50.041 64.015 -6.6501 -0.13594
0.9852 30.053 104.56 50.252 63.952 -6.6279 -0.13413
0.98471 30.063 104.6 50.507 63.858 -6.6125 -0.13389
0.98427 30.074 104.68 50.807 63.737 -6.6031 -0.13527
0.98389 30.087 104.76 51.147 63.591 -6.5984 -0.13823
0.98361 30.102 104.81 51.52 63.425 -6.5974 -0.14264
0.98342 30.121 104.81 51.917 63.244 -6.5989 -0.1483
0.98336 30.145 104.77 52.326 63.057 -6.6019 -0.15496
0.98341 30.177 104.68 52.73 62.87 -6.6056 -0.16227
0.98358 30.219 104.57 53.114 62.692 -6.6095 -0.16991
0.98384 30.273 104.46 53.462 62.531 -6.6132 -0.17749
0.98418 30.342 104.39 53.757 62.397 -6.6167 -0.18464
0.98457 30.428 104.39 53.988 62.297 -6.6199 -0.19099
0.98498 30.531 104.52 54.143 62.236 -6.6229 -0.19617
0.98538 30.651 104.81 54.22 62.22 -6.626 -0.19987
0.98574 30.789 105.31 54.219 62.251 -6.6291 -0.20181
0.98604 30.94 106.03 54.146 62.329 -6.6321 -0.20174
0.98625 31.103 107.02 54.015 62.452 -6.635 -0.19952
0.98637 31.271 108.26 53.842 62.616 -6.6373 -0.19504
0.9864 31.438 109.77 53.651 62.815 -6.6385 -0.18829
0.98633 31.597 111.51 53.466 63.042 -6.6381 -0.17938
0.98618 31.74 113.45 53.312 63.288 -6.6354 -0.16849
0.98599 31.857 115.53 53.214 63.543 -6.63 -0.15591
0.98576 31.941 117.66 53.195 63.799 -6.6214 -0.14203
0.98553 31.985 119.78 53.27 64.045 -6.6096 -0.12735
0.98532 31.983 121.77 53.451 64.274 -6.5947 -0.11242
0.98515 31.934 123.54 53.741 64.477 -6.5774 -0.09788
0.98505 31.839 124.99 54.134 64.648 -6.5586 -0.084383
0.98502 31.706 126.03 54.618 64.783 -6.5397 -0.072596
0.98507 31.547 126.6 55.174 64.877 -6.5222 -0.063149
0.9852 31.38 126.64 55.775 64.93 -6.5082 -0.056609
0.98538 31.228 126.14 56.391 64.941 -6.4997 -0.053438
0.98561 31.12 125.11 56.989 64.911 -6.4987 -0.053968
0.98586 31.086 123.58 57.537 64.845 -6.5072 -0.058373
0.98611 31.158 121.65 58.005 64.746 -6.5267 -0.066651
0.98634 31.367 119.4 58.367 64.621 -6.5586 -0.078622
0.98652 31.74 116.96 58.602 64.475 -6.6036 -0.093923
0.98665 32.296 114.45 58.7 64.316 -6.662 -0.11203
0.98672 33.047 111.99 58.656 64.151 -6.7332 -0.13228
0.98671 33.993 109.71 58.476 63.989 -6.8164 -0.1539
0.98663 35.123 107.7 58.172 63.836 -6.9098 -0.17604
0.98649 36.414 106.04 57.765 63.7 -7.0113 -0.19785
0.98631 37.834 104.76 57.282 63.585 -7.1185 -0.21845
0.98611 39.342 103.88 56.754 63.496 -7.2287 -0.23707
0.9859 40.89 103.38 56.212 63.436 -7.3388 -0.253
0.98571 42.43 103.24 55.692 63.406 -7.446 -0.26568
0.98555 43.915 103.39 55.224 63.407 -7.5476 -0.27466
0.98545 45.301 103.77 54.836 63.436 -7.6412 -0.27969
0.98542 46.552 104.3 54.552 63.491 -7.7247 -0.28068
0.98545 47.642 104.91 54.389 63.569 -7.7968 -0.27768
0.98557 48.552 105.53 54.357 63.666 -7.8563 -0.2709
0.98574 49.276 106.09 54.461 63.777 -7.9028 -0.26069
0.98598 49.816 106.55 54.698 63.897 -7.9366 -0.2475
0.98625 50.184 106.86 55.06 64.023 -7.9584 -0.23185
0.98655 50.397 107.02 55.534 64.15 -7.9692 -0.21433
0.98684 50.48 107 56.102 64.272 -7.9708 -0.19556
0.98712 50.458 106.82 56.743 64.387 -7.9648 -0.17615
0.98736 50.359 106.48 57.436 64.489 -7.9536 -0.1567
0.98755 50.21 106.04 58.159 64.576 -7.9391 -0.13777
0.98767 50.037 105.51 58.888 64.646 -7.9235 -0.11987
0.98773 49.86 104.96 59.604 64.694 -7.909 -0.10344
0.98771 49.696 104.43 60.289 64.722 -7.8974 -0.088821
0.98763 49.557 103.97 60.925 64.727 -7.8902 -0.076303
0.98748 49.45 103.63 61.502 64.711 -7.8888 -0.066064
0.98729 49.378 103.46 62.008 64.674 -7.894 -0.058194
0.98707 49.338 103.48 62.439 64.621 -7.9063 -0.05269
0.98683 49.324 103.72 62.792 64.554 -7.9256 -0.049457
0.98659 49.327 104.17 63.067 64.477 -7.9516 -0.048315
0.98637 49.334 104.84 63.269 64.397 -7.9834 -0.049005
0.98617 49.334 105.68 63.404 64.318 -8.0199 -0.051197
0.986 49.312 106.65 63.48 64.246 -8.0596 -0.054508
0.98588 49.257 107.71 63.507 64.187 -8.1008 -0.058517
0.98579 49.158 108.77 63.498 64.145 -8.1415 -0.06278
0.98575 49.006 109.77 63.462 64.125 -8.18 -0.066859
0.98575 48.797 110.64 63.411 64.128 -8.2144 -0.070341
0.98579 48.531 111.33 63.355 64.157 -8.2429 -0.072864
0.98585 48.209 111.79 63.302 64.209 -8.2639 -0.074139
0.98595 47.84 112 63.257 64.283 -8.2762 -0.073972
0.98607 47.434 111.94 63.225 64.374 -8.2789 -0.07228
0.98621 47.005 111.64 63.206 64.476 -8.2714 -0.069106
0.98638 46.567 111.14 63.197 64.583 -8.2533 -0.064619
0.98656 46.137 110.48 63.196 64.687 -8.2248 -0.059115
0.98675 45.73 109.72 63.194 64.782 -8.186 -0.053004
0.98695 45.36 108.92 63.185 64.864 -8.1377 -0.04679
0.98715 45.038 108.15 63.16 64.928 -8.0804 -0.041041
0.98735 44.772 107.43 63.112 64.973 -8.0148 -0.036361
0.98754 44.566 106.79 63.033 64.998 -7.9419 -0.03334
0.98771 44.422 106.26 62.919 65.007 -7.8622 -0.032524
0.98786 44.336 105.8 62.767 65.004 -7.7765 -0.034364
0.98799 44.306 105.41 62.577 64.993 -7.6855 -0.039184
0.98808 44.323 105.05 62.353 64.981 -7.5895 -0.047147
0.98813 44.38 104.68 62.1 64.973 -7.4891 -0.058233
0.98815 44.469 104.26 61.827 64.975 -7.3846 -0.072224
0.98812 44.582 103.77 61.543 64.99 -7.2765 -0.088709
0.98806 44.71 103.18 61.26 65.02 -7.1652 -0.1071
0.98795 44.847 102.48 60.99 65.067 -7.0513 -0.12664
0.98782 44.985 101.67 60.744 65.129 -6.9354 -0.14646
0.98766 45.12 100.77 60.531 65.202 -6.8183 -0.16564
0.98747 45.248 99.798 60.36 65.282 -6.7009 -0.1832
0.98728 45.364 98.775 60.235 65.363 -6.5841 -0.19823
0.98708 45.466 97.74 60.161 65.44 -6.469 -0.2099
0.98688 45.554 96.726 60.136 65.506 -6.3566 -0.21751
0.98669 45.627 95.768 60.158 65.556 -6.2477 -0.22058
0.98653 45.685 94.9 60.224 65.587 -6.1432 -0.2188
0.98638 45.73 94.149 60.326 65.597 -6.0435 -0.21213
0.98626 45.764 93.537 60.458 65.586 -5.9489 -0.20077
0.98617 45.79 93.076 60.613 65.557 -5.8594 -0.18513
0.98611 45.81 92.772 60.783 65.512 -5.7745 -0.16585
0.98607 45.827 92.623 60.961 65.459 -5.6937 -0.14374
0.98607 45.845 92.62 61.144 65.403 -5.6161 -0.11973
0.98609 45.865 92.75 61.327 65.352 -5.5406 -0.094848
0.98614 45.888 92.993 61.508 65.311 -5.4662 -0.070133
0.98622 45.917 93.329 61.686 65.286 -5.3919 -0.046599
0.98633 45.95 93.738 61.863 65.282 -5.3169 -0.025179
0.98646 45.988 94.197 62.038 65.299 -5.2406 -0.0066761
0.98662 46.029 94.687 62.214 65.336 -5.1629 0.0082697
0.98681 46.072 95.189 62.393 65.392 -5.0842 0.019212
0.987 46.115 95.684 62.574 65.459 -5.0052 0.025911
0.98721 46.154 96.157 62.758 65.532 -4.9271 0.028343
0.98742 46.19 96.595 62.943 65.601 -4.8515 0.02669
0.98761 46.219 96.984 63.127 65.658 -4.7804 0.021321
0.98779 46.241 97.314 63.305 65.695 -4.716 0.012772
0.98795 46.255 97.576 63.472 65.704 -4.6603 0.0017094
0.98808 46.262 97.763 63.621 65.679 -4.6154 -0.011111
0.98817 46.264 97.869 63.747 65.619 -4.583 -0.02488
0.98822 46.261 97.893 63.843 65.521 -4.5645 -0.038782
0.98823 46.255 97.836 63.903 65.389 -4.5605 -0.052034
0.98821 46.249 97.701 63.923 65.225 -4.5712 -0.063922
0.98815 46.245 97.498 63.899 65.038 -4.5961 -0.073838
0.98806 46.245 97.237 63.83 64.835 -4.6338 -0.081304
0.98795 46.25 96.934 63.717 64.626 -4.6827 -0.085993
0.98783 46.259 96.605 63.563 64.422 -4.7402 -0.087739
0.9877 46.275 96.271 63.374 64.233 -4.8038 -0.086541
0.98758 46.295 95.949 63.158 64.068 -4.8705 -0.08256
0.98747 46.32 95.658 62.924 63.935 -4.9374 -0.076103
0.98737 46.346 95.412 62.683 63.84 -5.0017 -0.067606
0.9873 46.373 95.221 62.445 63.788 -5.061 -0.057606
0.98725 46.398 95.092 62.222 63.781 -5.1134 -0.046713
0.98723 46.419 95.028 62.025 63.816 -5.1573 -0.035577
0.98724 46.435 95.025 61.865 63.892 -5.1921 -0.02485
0.98727 46.443 95.078 61.748 64.002 -5.2175 -0.015154
0.98732 46.443 95.181 61.681 64.139 -5.2341 -0.0070479
0.98738 46.434 95.325 61.668 64.294 -5.2429 -0.00099834
0.98744 46.415 95.501 61.711 64.457 -5.2453 0.0026465
0.98749 46.388 95.699 61.806 64.619 -5.2429 0.0036748
0.98753 46.352 95.913 61.95 64.769 -5.2377 0.0020231
0.98756 46.31 96.134 62.137 64.9 -5.2314 -0.0022196
0.98756 46.264 96.356 62.358 65.002 -5.2257 -0.0088146
0.98755 46.214 96.574 62.603 65.072 -5.2219 -0.017386
0.98752 46.165 96.782 62.861 65.105 -5.221 -0.027438
0.98748 46.117 96.976 63.123 65.101 -5.2235 -0.038383
0.98743 46.073 97.153 63.377 65.062 -5.2293 -0.049571
0.9874 46.035 97.309 63.614 64.993 -5.2379 -0.060323
0.98738 46.005 97.439 63.827 64.899 -5.2481 -0.069972
0.98738 45.983 97.538 64.008 64.789 -5.2587 -0.077897
0.98742 45.972 97.602 64.156 64.671 -5.2679 -0.083559
0.98748 45.971 97.623 64.268 64.554 -5.2736 -0.086529
0.98758 45.981 97.596 64.344 64.446 -5.2739 -0.086517
0.98769 46 97.518 64.389 64.353 -5.2667 -0.083382
0.98782 46.029 97.385 64.407 64.28 -5.2502 -0.077143
0.98795 46.064 97.199 64.404 64.229 -5.2229 -0.067974
0.98806 46.104 96.962 64.386 64.201 -5.1834 -0.056195
0.98814 46.147 96.682 64.363 64.193 -5.1312 -0.042248
0.98819 46.188 96.369 64.34 64.201 -5.0659 -0.026669
0.98819 46.225 96.034 64.326 64.22 -4.988 -0.010058
0.98813 46.254 95.69 64.326 64.243 -4.8985 0.0069625
0.98802 46.274 95.352 64.346 64.264 -4.7987 0.023779
0.98785 46.283 95.031 64.389 64.278 -4.691 0.039826
0.98765 46.278 94.741 64.455 64.28 -4.5777 0.054613
0.9874 46.26 94.494 64.546 64.268 -4.4619 0.067751
0.98714 46.229 94.302 64.66 64.241 -4.3469 0.078967
0.98688 46.187 94.176 64.792 64.2 -4.2359 0.088111
0.98662 46.136 94.126 64.939 64.148 -4.1324 0.095158
0.9864 46.079 94.159 65.094 64.088 -4.0397 0.10019
0.98622 46.021 94.279 65.249 64.026 -3.9607 0.1034
0.98609 45.963 94.489 65.399 63.968 -3.8978 0.10504
0.98602 45.911 94.783 65.535 63.92 -3.8531 0.10542
0.98602 45.867 95.151 65.65 63.885 -3.8279 0.10487
0.98609 45.833 95.581 65.738 63.868 -3.8224 0.10374
0.98621 45.812 96.052 65.793 63.873 -3.8367 0.10232
0.98639 45.805 96.543 65.812 63.9 -3.8694 0.10091
0.9866 45.811 97.032 65.792 63.95 -3.9189 0.099712
0.98683 45.83 97.496 65.734 64.02 -3.9827 0.098901
0.98706 45.861 97.915 65.637 64.11 -4.0579 0.098579
0.98727 45.902 98.273 65.507 64.216 -4.1411 0.098801
0.98745 45.95 98.557 65.347 64.334 -4.2287 0.099571
0.98759 46.002 98.761 65.164 64.46 -4.3173 0.10086
0.98766 46.055 98.883 64.966 64.589 -4.4032 0.10261
0.98768 46.108 98.928 64.761 64.717 -4.4834 0.10476
0.98764 46.157 98.907 64.557 64.84 -4.555 0.10723
0.98754 46.2 98.835 64.363 64.954 -4.6158 0.10994
0.98741 46.237 98.731 64.186 65.054 -4.6638 0.11284
0.98725 46.267 98.615 64.034 65.138 -4.6979 0.11585
0.98707 46.288 98.508 63.912 65.203 -4.7173 0.11891
0.98691 46.302 98.427 63.824 65.248 -4.7218 0.12195
0.98677 46.308 98.384 63.774 65.27 -4.7116 0.12489
0.98668 46.308 98.386 63.764 65.271 -4.6872 0.12764
0.98663 46.302 98.43 63.792 65.25 -4.6494 0.13009
0.98664 46.293 98.507 63.86 65.21 -4.5992 0.13212
0.9867 46.281 98.605 63.965 65.152 -4.5378 0.13359
0.98681 46.268 98.703 64.104 65.08 -4.4664 0.13438
0.98695 46.255 98.781 64.275 64.997 -4.3863 0.13437
0.98712 46.243 98.822 64.473 64.908 -4.2989 0.13345
0.9873 46.233 98.808 64.696 64.816 -4.2058 0.13159
0.98746 46.225 98.73 64.939 64.726 -4.1084 0.12878
0.9876 46.22 98.583 65.198 64.641 -4.0084 0.12509
0.98771 46.217 98.37 65.469 64.565 -3.9076 0.12068
0.98777 46.217 98.098 65.745 64.501 -3.808 0.11577
0.98778 46.218 97.784 66.024 64.449 -3.7114 0.11067
0.98774 46.22 97.45 66.299 64.41 -3.6201 0.10573
0.98765 46.223 97.12 66.564 64.385 -3.5359 0.10135
0.98754 46.225 96.824 66.814 64.372 -3.4611 0.09794
0.98739 46.226 96.593 67.043 64.369 -3.3973 0.095894
0.98724 46.227 96.456 67.246 64.376 -3.3464 0.095557
0.98709 46.226 96.441 67.416 64.39 -3.3096 0.097194
0.98695 46.224 96.569 67.549 64.409 -3.2879 0.10097
0.98684 46.221 96.854 67.641 64.431 -3.2817 0.1069
0.98676 46.217 97.299 67.689 64.456 -3.2911 0.1149
0.98672 46.213 97.9 67.69 64.483 -3.3153 0.12472
0.98672 46.21 98.638 67.645 64.51 -3.3534 0.13596
0.98675 46.207 99.487 67.555 64.537 -3.4038 0.14815
0.98683 46.206 100.41 67.423 64.564 -3.4644 0.16067
0.98692 46.205 101.36 67.251 64.591 -3.5331 0.1729
0.98704 46.206 102.3 67.046 64.616 -3.6072 0.18415
0.98717 46.207 103.18 66.815 64.64 -3.6842 0.19379
0.98731 46.208 103.94 66.564 64.661 -3.7615 0.2012
0.98743 46.208 104.57 66.303 64.679 -3.8366 0.20591
0.98754 46.207 105.01 66.038 64.693 -3.9074 0.20751
0.98763 46.204 105.24 65.779 64.705 -3.9722 0.20579
0.98769 46.197 105.26 65.534 64.713 -4.0293 0.20067
0.98773 46.188 105.07 65.312 64.719 -4.0781 0.19222
0.98773 46.176 104.66 65.118 64.724 -4.1178 0.18071
0.9877 46.161 104.07 64.961 64.73 -4.1484 0.16651
0.98765 46.145 103.32 64.846 64.739 -4.1701 0.15015
0.98758 46.127 102.45 64.778 64.753 -4.1836 0.13224
0.9875 46.111 101.52 64.763 64.774 -4.1896 0.11344
0.98741 46.097 100.57 64.804 64.803 -4.1888 0.094483
0.98732 46.086 99.642 64.903 64.841 -4.1823 0.076054
0.98723 46.079 98.794 65.062 64.886 -4.1706 0.058821
0.98717 46.077 98.062 65.283 64.939 -4.1544 0.04338
0.98711 46.079 97.484 65.563 64.996 -4.1342 0.030227
0.98708 46.086 97.084 65.902 65.055 -4.11 0.019743
0.98708 46.097 96.882 66.294 65.112 -4.0818 0.012181
0.98709 46.11 96.886 66.734 65.163 -4.0493 0.0076548
0.98712 46.123 97.094 67.213 65.206 -4.0122 0.0061465
0.98716 46.137 97.497 67.719 65.238 -3.9698 0.0075113
0.98722 46.149 98.074 68.241 65.256 -3.9218 0.011494
0.98728 46.158 98.799 68.761 65.262 -3.8677 0.017751
0.98734 46.164 99.638 69.264 65.254 -3.807 0.025868
0.9874 46.168 100.55 69.73 65.236 -3.7397 0.035393
0.98746 46.17 101.51 70.141 65.211 -3.6657 0.045856
0.98752 46.171 102.46 70.479 65.182 -3.5854 0.056792
0.98757 46.171 103.37 70.726 65.155 -3.4989 0.067766
0.98762 46.174 104.22 70.869 65.133 -3.407 0.078382
0.98767 46.179 104.98 70.899 65.122 -3.3102 0.088297
0.98771 46.188 105.63 70.811 65.125 -3.2094 0.097227
0.98775 46.201 106.16 70.608 65.143 -3.1053 0.10495
0.98777 46.218 106.54 70.296 65.178 -2.9988 0.11129
0.98777 46.238 106.79 69.891 65.229 -2.8908 0.11613
0.98775 46.259 106.89 69.416 65.294 -2.7821 0.1194
0.9877 46.281 106.84 68.895 65.37 -2.6738 0.12107
0.98762 46.301 106.65 68.362 65.452 -2.567 0.12114
0.9875 46.318 106.31 67.85 65.536 -2.4629 0.11965
0.98735 46.331 105.85 67.393 65.616 -2.3631 0.11669
0.98717 46.338 105.28 67.024 65.687 -2.2692 0.11237
0.98696 46.339 104.64 66.773 65.743 -2.1832 0.10686
0.98675 46.336 103.95 66.661 65.78 -2.1073 0.10036
0.98654 46.328 103.26 66.702 65.795 -2.0438 0.093155
0.98635 46.317 102.62 66.903 65.784 -1.9949 0.085555
0.9862 46.304 102.09 67.259 65.746 -1.9629 0.077926
0.9861 46.293 101.7 67.753 65.681 -1.9496 0.070663
0.98608 46.282 101.51 68.361 65.591 -1.9564 0.06418
0.98613 46.275 101.54 69.051 65.479 -1.9843 0.058878
0.98625 46.272 101.79 69.784 65.348 -2.0331 0.055119
0.98645 46.272 102.26 70.519 65.205 -2.1021 0.053197
0.9867 46.275 102.92 71.214 65.056 -2.1894 0.053305
0.987 46.279 103.71 71.828 64.908 -2.2924 0.055511
0.98732 46.283 104.56 72.33 64.769 -2.4077 0.059739
0.98763 46.282 105.39 72.691 64.647 -2.5311 0.06576
0.98791 46.276 106.09 72.896 64.547 -2.658 0.073196
0.98814 46.261 106.58 72.938 64.476 -2.7837 0.081537
0.9883 46.237 106.79 72.823 64.437 -2.9036 0.090173
0.98838 46.2 106.65 72.567 64.433 -3.0134 0.098437
0.98838 46.152 106.13 72.194 64.463 -3.1094 0.10565
0.9883 46.094 105.22 71.736 64.527 -3.1889 0.11119
0.98815 46.027 103.95 71.228 64.621 -3.2501 0.11451
0.98794 45.955 102.38 70.709 64.74 -3.2923 0.11526
0.9877 45.882 100.59 70.215 64.879 -3.3157 0.11325
0.98746 45.813 98.679 69.78 65.032 -3.3216 0.10851
0.98722 45.751 96.758 69.431 65.193 -3.3123 0.10131
0.98702 45.702 94.929 69.187 65.355 -3.2902 0.092131
0.98687 45.67 93.287 69.062 65.514 -3.2586 0.081655
0.98678 45.657 91.906 69.056 65.664 -3.2207 0.070703
0.98677 45.664 90.836 69.166 65.803 -3.1793 0.060186
0.98682 45.691 90.1 69.379 65.927 -3.1373 0.051041
0.98695 45.738 89.696 69.677 66.035 -3.0969 0.044155
0.98713 45.799 89.595 70.039 66.126 -3.0596 0.040307
0.98735 45.872 89.752 70.441 66.198 -3.0262 0.040101
0.9876 45.951 90.106 70.861 66.253 -2.997 0.043921
0.98786 46.031 90.589 71.277 66.292 -2.9715 0.051904
0.9881 46.106 91.135 71.672 66.316 -2.9489 0.063927
0.98831 46.173 91.683 72.033 66.328 -2.9279 0.079611
0.98848 46.228 92.181 72.35 66.329 -2.907 0.09835
0.98858 46.268 92.593 72.62 66.322 -2.8845 0.11935
0.98861 46.292 92.899 72.843 66.309 -2.8588 0.1417
0.98856 46.303 93.094 73.025 66.291 -2.8285 0.16438
0.98843 46.3 93.189 73.173 66.272 -2.7924 0.18639
0.98822 46.287 93.207 73.294 66.251 -2.7494 0.20676
0.98795 46.268 93.179 73.4 66.229 -2.6987 0.22465
0.98763 46.245 93.143 73.498 66.206 -2.6398 0.23932
0.98727 46.223 93.134 73.597 66.182 -2.5726 0.25026
0.9869 46.204 93.184 73.703 66.155 -2.4971 0.25711
0.98654 46.191 93.319 73.819 66.123 -2.4133 0.25973
0.9862 46.185 93.554 73.948 66.086 -2.3217 0.25815
0.98591 46.186 93.895 74.088 66.039 -2.223 0.25259
0.98567 46.193 94.337 74.237 65.982 -2.1181 0.2434
0.98551 46.206 94.866 74.39 65.912 -2.0081 0.23105
0.98541 46.221 95.465 74.544 65.828 -1.8945 0.21608
0.98539 46.236 96.111 74.691 65.73 -1.7791 0.19909
0.98543 46.248 96.78 74.827 65.619 -1.664 0.18069
0.98553 46.256 97.446 74.947 65.496 -1.5517 0.16149
0.98566 46.257 98.089 75.045 65.364 -1.4449 0.14209
0.98583 46.249 98.685 75.118 65.227 -1.3465 0.12303
0.98602 46.232 99.217 75.163 65.088 -1.2595 0.10481
0.98621 46.207 99.667 75.179 64.953 -1.1868 0.087868
0.9864 46.174 100.02 75.163 64.825 -1.1311 0.072595
0.98657 46.135 100.27 75.117 64.707 -1.0947 0.059303
0.98673 46.09 100.41 75.04 64.603 -1.0796 0.048235
0.98687 46.043 100.42 74.934 64.515 -1.0867 0.039561
0.98699 45.994 100.33 74.799 64.444 -1.1166 0.033374
0.98708 45.945 100.12 74.637 64.389 -1.1687 0.029683
0.98715 45.898 99.819 74.45 64.351 -1.2417 0.028413
0.98719 45.853 99.432 74.241 64.329 -1.3334 0.029398
0.9872 45.81 98.981 74.011 64.321 -1.4411 0.032389
0.98718 45.771 98.487 73.762 64.327 -1.5613 0.037052
0.98713 45.734 97.973 73.498 64.344 -1.6902 0.042976
0.98706 45.699 97.465 73.222 64.371 -1.8237 0.049686
0.98696 45.667 96.988 72.936 64.408 -1.9576 0.056661
0.98684 45.638 96.565 72.645 64.452 -2.0882 0.063348
0.98671 45.612 96.217 72.351 64.504 -2.2117 0.069195
0.98658 45.591 95.964 72.06 64.561 -2.3251 0.073667
0.98647 45.575 95.817 71.776 64.623 -2.4258 0.076283
0.98637 45.565 95.783 71.503 64.687 -2.5122 0.076636
0.98631 45.563 95.863 71.245 64.752 -2.5829 0.074422
0.98629 45.57 96.05 71.009 64.815 -2.6375 0.069462
0.98632 45.588 96.334 70.797 64.876 -2.6763 0.061718
0.98639 45.615 96.698 70.615 64.932 -2.6998 0.051302
0.9865 45.652 97.121 70.466 64.981 -2.7093 0.038479
0.98665 45.697 97.582 70.352 65.022 -2.7063 0.023662
0.98683 45.747 98.055 70.278 65.054 -2.6925 0.0073928
0.98702 45.799 98.519 70.244 65.078 -2.6699 -0.0096779
0.9872 45.848 98.951 70.251 65.094 -2.6406 -0.026825
0.98737 45.89 99.331 70.299 65.105 -2.6064 -0.043285
0.98752 45.92 99.642 70.388 65.111 -2.5693 -0.0583
0.98762 45.934 99.872 70.515 65.116 -2.5311 -0.071161
0.98768 45.931 100.01 70.678 65.123 -2.4933 -0.081249
0.98769 45.907 100.06 70.874 65.134 -2.4574 -0.088075
0.98766 45.866 100.01 71.099 65.151 -2.4245 -0.091314
0.98759 45.81 99.871 71.35 65.176 -2.3955 -0.090825
0.9875 45.747 99.653 71.62 65.21 -2.3712 -0.086663
0.9874 45.684 99.364 71.907 65.252 -2.352 -0.079079
0.98731 45.634 99.016 72.205 65.302 -2.3381 -0.068505
0.98723 45.607 98.618 72.51 65.356 -2.3296 -0.055528
0.98718 45.617 98.181 72.816 65.413 -2.3262 -0.040855
0.98718 45.675 97.715 73.119 65.469 -2.3277 -0.025263
0.98721 45.789 97.226 73.413 65.521 -2.3336 -0.009553
0.98729 45.967 96.725 73.695 65.566 -2.3432 0.0055061
0.98741 46.21 96.22 73.958 65.6 -2.356 0.019225
0.98755 46.516 95.727 74.198 65.621 -2.3714 0.031038
0.98771 46.875 95.262 74.408 65.628 -2.3887 0.04054
0.98787 47.275 94.848 74.583 65.621 -2.4074 0.047508
0.98801 47.697 94.51 74.718 65.598 -2.4271 0.051911
0.98814 48.121 94.277 74.808 65.562 -2.4474 0.053903
0.98823 48.524 94.176 74.849 65.514 -2.4682 0.053805
0.98828 48.883 94.231 74.839 65.457 -2.4893 0.052074
0.9883 49.175 94.46 74.775 65.393 -2.5107 0.04926
0.98828 49.384 94.871 74.659 65.325 -2.5324 0.04596
0.98824 49.496 95.459 74.493 65.256 -2.5546 0.042761
0.98817 49.505 96.206 74.284 65.19 -2.5772 0.0402
0.9881 49.409 97.083 74.04 65.127 -2.6002 0.038712
0.98802 49.216 98.046 73.771 65.072 -2.6236 0.038595
0.98795 48.936 99.045 73.489 65.024 -2.647 0.039993
0.9879 48.588 100.02 73.207 64.984 -2.6699 0.042878
0.98787 48.19 100.92 72.941 64.953 -2.6919 0.047061
0.98786 47.766 101.69 72.702 64.93 -2.712 0.052207
0.98787 47.338 102.29 72.504 64.915 -2.7294 0.057871
0.9879 46.925 102.68 72.355 64.907 -2.743 0.063536
0.98795 46.547 102.84 72.262 64.905 -2.7518 0.068664
0.988 46.218 102.78 72.226 64.91 -2.7548 0.072747
0.98805 45.946 102.51 72.245 64.92 -2.7509 0.075356
0.98809 45.736 102.05 72.313 64.936 -2.7396 0.076187
0.98811 45.589 101.44 72.418 64.959 -2.7202 0.075089
0.9881 45.501 100.72 72.547 64.987 -2.6928 0.072089
0.98806 45.466 99.933 72.683 65.023 -2.6575 0.067395
0.98799 45.473 99.125 72.807 65.064 -2.615 0.061387
0.98788 45.512 98.332 72.903 65.112 -2.5665 0.05459
0.98775 45.572 97.583 72.954 65.165 -2.5134 0.047637
0.98759 45.642 96.902 72.948 65.222 -2.4575 0.041217
0.98742 45.713 96.302 72.875 65.281 -2.4009 0.036022
0.98725 45.777 95.789 72.733 65.34 -2.3458 0.032692
0.9871 45.829 95.359 72.524 65.397 -2.2944 0.031759
0.98698 45.864 95.007 72.253 65.449 -2.249 0.033604
0.98689 45.882 94.72 71.936 65.494 -2.2115 0.038425
0.98686 45.883 94.489 71.587 65.528 -2.1837 0.046214
0.98688 45.868 94.301 71.228 65.551 -2.1669 0.056758
0.98695 45.842 94.151 70.879 65.562 -2.1621 0.069649
0.98708 45.808 94.037 70.562 65.559 -2.1697 0.084317
0.98726 45.771 93.961 70.297 65.544 -2.1897 0.10007
0.98747 45.734 93.931 70.1 65.518 -2.2217 0.11613
0.9877 45.702 93.957 69.982 65.485 -2.2649 0.1317
0.98794 45.677 94.049 69.951 65.447 -2.318 0.14604
0.98818 45.661 94.216 70.007 65.409 -2.3796 0.15847
0.98839 45.654 94.461 70.142 65.374 -2.4482 0.16843
0.98858 45.655 94.782 70.347 65.346 -2.5218 0.17554
0.98872 45.664 95.171 70.603 65.329 -2.5989 0.17957
0.98882 45.678 95.613 70.891 65.323 -2.6775 0.1805
0.98887 45.693 96.088 71.187 65.331 -2.756 0.17846
0.98888 45.706 96.577 71.468 65.351 -2.8329 0.17376
0.98885 45.716 97.058 71.71 65.383 -2.9068 0.16681
0.98878 45.718 97.512 71.894 65.423 -2.9765 0.15815
0.98869 45.712 97.926 72.001 65.468 -3.0409 0.14836
0.98858 45.696 98.29 72.021 65.515 -3.0992 0.13805
0.98846 45.672 98.597 71.947 65.559 -3.151 0.12783
0.98835 45.64 98.845 71.779 65.597 -3.1958 0.11828
0.98823 45.603 99.033 71.524 65.624 -3.2336 0.10989
0.98813 45.563 99.161 71.194 65.639 -3.2645 0.10311
0.98804 45.524 99.228 70.805 65.64 -3.2891 0.098265
0.98795 45.489 99.231 70.38 65.625 -3.3079 0.0956
0.98787 45.46 99.168 69.941 65.595 -3.3219 0.095243
0.98779 45.441 99.033 69.515 65.551 -3.3322 0.097218
0.98771 45.432 98.822 69.126 65.495 -3.3399 0.10144
0.98762 45.436 98.527 68.798 65.43 -3.3464 0.10771
0.98752 45.452 98.145 68.551 65.358 -3.353 0.11575
0.98741 45.479 97.672 68.4 65.282 -3.3608 0.12516
0.98728 45.516 97.107 68.356 65.207 -3.371 0.13547
0.98715 45.562 96.455 68.423 65.134 -3.3844 0.14615
0.98701 45.613 95.724 68.601 65.067 -3.4013 0.1566
0.98688 45.667 94.931 68.879 65.007 -3.422 0.16618
0.98677 45.722 94.098 69.244 64.958 -3.4462 0.17428
0.98668 45.775 93.258 69.677 64.92 -3.4731 0.18028
0.98663 45.824 92.448 70.153 64.895 -3.5016 0.18363
0.98663 45.867 91.711 70.647 64.883 -3.5303 0.18387
0.98667 45.904 91.094 71.131 64.883 -3.5576 0.18066
0.98676 45.933 90.642 71.577 64.895 -3.5816 0.17377
0.98691 45.955 90.395 71.96 64.918 -3.6005 0.16319
0.9871 45.969 90.381 72.258 64.951 -3.6126 0.14902
0.98732 45.977 90.62 72.454 64.993 -3.6164 0.13159
0.98757 45.979 91.113 72.536 65.042 -3.6107 0.11135
0.98783 45.976 91.842 72.5 65.096 -3.5948 0.088935
0.98809 45.969 92.775 72.347 65.156 -3.5685 0.065071
0.98832 45.958 93.863 72.086 65.221 -3.532 0.04058
0.98852 45.945 95.041 71.733 65.291 -3.4861 0.016325
0.98867 45.929 96.237 71.307 65.366 -3.4318 -0.0068352
0.98875 45.911 97.376 70.832 65.445 -3.3708 -0.028085
0.98877 45.889 98.383 70.333 65.528 -3.3048 -0.046693
0.98871 45.865 99.194 69.839 65.616 -3.2357 -0.062051
0.98858 45.837 99.756 69.373 65.707 -3.1654 -0.073694
0.98838 45.805 100.04 68.959 65.8 -3.0957 -0.081324
0.98813 45.769 100.03 68.616 65.895 -3.028 -0.084814
0.98782 45.73 99.746 68.356 65.988 -2.9637 -0.08421
0.98748 45.689 99.216 68.188 66.078 -2.9034 -0.079714
0.98714 45.648 98.492 68.113 66.162 -2.8478 -0.07167
0.9868 45.61 97.636 68.127 66.239 -2.7968 -0.060538
0.9865 45.578 96.711 68.222 66.306 -2.7502 -0.04686
0.98624 45.556 95.781 68.386 66.361 -2.7075 -0.031231
0.98606 45.548 94.899 68.602 66.405 -2.6679 -0.014266
0.98596 45.557 94.105 68.855 66.435 -2.6308 0.003435
0.98596 45.588 93.422 69.128 66.454 -2.5954 0.02131
0.98605 45.642 92.859 69.407 66.461 -2.5613 0.038864
0.98623 45.721 92.412 69.68 66.46 -2.5281 0.055684
0.9865 45.826 92.064 69.938 66.452 -2.4957 0.071453
0.98685 45.954 91.798 70.175 66.441 -2.4644 0.085956
0.98725 46.103 91.591 70.39 66.429 -2.4348 0.099079
0.98767 46.269 91.427 70.585 66.419 -2.4076 0.1108
0.98811 46.444 91.295 70.764 66.413 -2.3837 0.1212
0.98852 46.625 91.193 70.934 66.413 -2.3643 0.13039
0.98888 46.802 91.124 71.102 66.419 -2.3505 0.13856
0.98917 46.971 91.099 71.274 66.431 -2.3432 0.14592
0.98936 47.125 91.131 71.457 66.446 -2.3434 0.15268
0.98943 47.258 91.233 71.655 66.462 -2.3516 0.15904
0.98937 47.368 91.416 71.87 66.477 -2.3681 0.16515
0.98918 47.45 91.681 72.1 66.486 -2.3927 0.17113
0.98885 47.504 92.023 72.344 66.485 -2.425 0.17702
0.98839 47.53 92.428 72.593 66.471 -2.4642 0.18281
0.98783 47.53 92.871 72.841 66.441 -2.5089 0.18841
0.98719 47.507 93.319 73.078 66.392 -2.5578 0.19369
0.9865 47.464 93.735 73.293 66.322 -2.6088 0.19844
0.98581 47.406 94.083 73.475 66.233 -2.6602 0.20245
0.98514 47.337 94.331 73.614 66.126 -2.7098 0.20548
0.98454 47.265 94.456 73.702 66.004 -2.7556 0.20729
0.98404 47.193 94.45 73.731 65.871 -2.7956 0.20768
0.98367 47.128 94.318 73.695 65.733 -2.8281 0.20649
0.98346 47.075 94.082 73.594 65.597 -2.8516 0.20359
0.98341 47.036 93.775 73.426 65.467 -2.8651 0.19897
0.98351 47.016 93.441 73.195 65.349 -2.8679 0.19265
0.98377 47.015 93.126 72.906 65.25 -2.8598 0.18475
0.98416 47.036 92.875 72.568 65.171 -2.8412 0.17546
0.98466 47.076 92.724 72.191 65.116 -2.8131 0.16501
0.98522 47.134 92.698 71.786 65.086 -2.7768 0.15372
0.98582 47.206 92.808 71.367 65.079 -2.7342 0.14192
0.98643 47.288 93.047 70.948 65.094 -2.6875 0.12995
0.987 47.374 93.397 70.543 65.128 -2.6391 0.11818
0.98751 47.458 93.826 70.164 65.175 -2.5915 0.10692
0.98794 47.535 94.296 69.823 65.232 -2.5472 0.096492
0.98828 47.6 94.765 69.53 65.295 -2.5084 0.087137
0.9885 47.648 95.194 69.293 65.358 -2.4767 0.079058
0.98861 47.675 95.547 69.117 65.418 -2.4533 0.072394
0.98861 47.681 95.801 69.003 65.472 -2.4386 0.06722
0.9885 47.664 95.941 68.951 65.519 -2.4321 0.063548
0.98831 47.627 95.963 68.957 65.558 -2.4323 0.061333
0.98803 47.572 95.875 69.014 65.59 -2.4371 0.060477
0.9877 47.504 95.696 69.116 65.616 -2.4433 0.060836
0.98732 47.429 95.449 69.253 65.639 -2.4474 0.062229
0.98692 47.352 95.165 69.414 65.662 -2.445 0.064449
0.98652 47.279 94.879 69.59 65.689 -2.432 0.067261
0.98613 47.216 94.623 69.773 65.72 -2.4041 0.070418
0.98578 47.167 94.432 69.954 65.76 -2.3575 0.073656
0.98547 47.135 94.334 70.127 65.809 -2.289 0.076706
0.98522 47.12 94.353 70.29 65.866 -2.1966 0.079288
0.98503 47.121 94.508 70.439 65.931 -2.0793 0.081117
0.98492 47.134 94.805 70.576 66.001 -1.9375 0.081905
0.98489 47.153 95.246 70.702 66.072 -1.773 0.081365
0.98492 47.17 95.817 70.82 66.14 -1.5888 0.079213
0.98502 47.176 96.496 70.932 66.2 -1.3895 0.07518
0.98518 47.162 97.249 71.042 66.247 -1.1804 0.069025
0.98538 47.117 98.03 71.152 66.277 -0.9677 0.060545
0.98562 47.035 98.785 71.263 66.286 -0.75817 0.049593
0.98589 46.908 99.453 71.373 66.271 -0.5586 0.036103
0.98617 46.735 99.968 71.48 66.231 -0.37557 0.020102
0.98646 46.516 100.27 71.578 66.167 -0.21512 0.0017328
0.98674 46.257 100.29 71.659 66.081 -0.082408 -0.018735
0.98701 45.965 99.994 71.717 65.978 0.018475 -0.040893
0.98726 45.655 99.338 71.741 65.864 0.084712 -0.064196
0.98748 45.342 98.311 71.722 65.747 0.11484 -0.08797
0.98768 45.043 96.919 71.652 65.636 0.10878 -0.11143
0.98783 44.775 95.188 71.526 65.538 0.06778 -0.13371
0.98796 44.556 93.167 71.338 65.463 -0.0057044 -0.1539
0.98805 44.398 90.918 71.088 65.42 -0.10815 -0.1711
0.98811 44.31 88.517 70.779 65.414 -0.23518 -0.18446
0.98814 44.296 86.042 70.418 65.45 -0.38178 -0.19324
0.98816 44.355 83.575 70.016 65.533 -0.54251 -0.19687
0.98816 44.477 81.189 69.587 65.661 -0.71174 -0.19496
0.98815 44.651 78.948 69.149 65.834 -0.88389 -0.1874
0.98813 44.857 76.902 68.72 66.048 -1.0535 -0.1743
0.9881 45.077 75.088 68.321 66.295 -1.2157 -0.15608
0.98807 45.29 73.527 67.973 66.568 -1.3658 -0.13339
0.98804 45.477 72.225 67.694 66.857 -1.5001 -0.10711
0.988 45.62 71.177 67.502 67.152 -1.6152 -0.078302
0.98795 45.709 70.369 67.408 67.443 -1.7088 -0.048169
0.9879 45.737 69.779 67.422 67.719 -1.7791 -0.017961
0.98784 45.703 69.383 67.546 67.971 -1.8252 0.011076
0.98778 45.612 69.156 67.779 68.189 -1.8468 0.037779
0.98771 45.475 69.073 68.112 68.366 -1.8446 0.061128
0.98765 45.304 69.117 68.532 68.497 -1.8194 0.080307
0.9876 45.117 69.272 69.02 68.577 -1.773 0.094738
0.98756 44.929 69.53 69.555 68.605 -1.7074 0.10411
0.98754 44.757 69.89 70.111 68.581 -1.625 0.10841
0.98754 44.614 70.354 70.66 68.508 -1.5285 0.10786
0.98755 44.509 70.929 71.177 68.388 -1.4205 0.10295
0.98759 44.449 71.622 71.633 68.229 -1.304 0.094364
0.98763 44.435 72.44 72.005 68.037 -1.1817 0.082961
0.98768 44.462 73.385 72.272 67.821 -1.0563 0.069686
0.98774 44.524 74.457 72.416 67.59 -0.93031 0.055532
0.98779 44.611 75.646 72.427 67.353 -0.80596 0.041476
0.98783 44.71 76.938 72.299 67.118 -0.6853 0.028425
0.98785 44.81 78.308 72.031 66.892 -0.5701 0.01717
0.98786 44.899 79.73 71.63 66.682 -0.46188 0.0083484
0.98785 44.968 81.173 71.108 66.493 -0.3619 0.0024162
0.98782 45.013 82.603 70.479 66.327 -0.27115 -0.00036419
0.98778 45.029 83.991 69.765 66.184 -0.19042 7.2549e-05
0.98774 45.02 85.308 68.99 66.065 -0.12026 0.0036042
0.98769 44.988 86.533 68.177 65.966 -0.060999 0.0099403
0.98766 44.943 87.651 67.354 65.884 -0.012773 0.01865
0.98764 44.892 88.653 66.546 65.816 0.024506 0.029198
0.98764 44.847 89.538 65.779 65.756 0.051138 0.04098
0.98766 44.816 90.311 65.073 65.701 0.06764 0.053368
0.98771 44.807 90.979 64.449 65.648 0.074749 0.065745
0.98778 44.827 91.553 63.922 65.594 0.073415 0.077547
0.98787 44.879 92.045 63.504 65.538 0.06479 0.08829
0.98797 44.963 92.466 63.202 65.479 0.050195 0.097598
0.98807 45.075 92.823 63.019 65.42 0.031084 0.10522
0.98817 45.212 93.125 62.954 65.362 0.008987 0.11102
0.98826 45.365 93.375 63.001 65.307 -0.014561 0.11502
0.98834 45.528 93.574 63.152 65.259 -0.038095 0.11733
0.98839 45.69 93.723 63.395 65.219 -0.060307 0.11818
0.98842 45.845 93.822 63.715 65.189 -0.080124 0.11785
0.98842 45.986 93.871 64.098 65.171 -0.09679 0.11668
0.9884 46.106 93.87 64.525 65.165 -0.10992 0.11504
0.98836 46.202 93.826 64.978 65.17 -0.11955 0.11327
0.9883 46.273 93.746 65.441 65.185 -0.12612 0.11168
0.98823 46.317 93.644 65.896 65.206 -0.1305 0.11054
0.98816 46.337 93.536 66.328 65.231 -0.13388 0.11002
0.98809 46.336 93.442 66.723 65.257 -0.13774 0.11025
0.98802 46.319 93.382 67.07 65.281 -0.14368 0.11128
0.98796 46.29 93.378 67.361 65.298 -0.15335 0.1131
0.98792 46.254 93.446 67.589 65.308 -0.16822 0.11562
0.98789 46.216 93.598 67.753 65.307 -0.18949 0.11875
0.98787 46.182 93.84 67.853 65.295 -0.21793 0.12234
0.98786 46.154 94.169 67.893 65.272 -0.25378 0.12623
0.98786 46.136 94.575 67.878 65.239 -0.29661 0.13028
0.98787 46.13 95.042 67.818 65.198 -0.34536 0.13431
0.98788 46.136 95.545 67.722 65.151 -0.39828 0.13816
0.98789 46.154 96.058 67.603 65.101 -0.45306 0.14166
0.98789 46.184 96.553 67.472 65.053 -0.5069 0.14463
0.98788 46.223 97.001 67.344 65.011 -0.5567 0.14688
0.98786 46.27 97.378 67.229 64.977 -0.59928 0.14819
0.98783 46.324 97.666 67.139 64.954 -0.63161 0.14835
0.98779 46.382 97.852 67.084 64.946 -0.65104 0.14711
0.98773 46.443 97.933 67.074 64.952 -0.65554 0.14425
0.98766 46.506 97.911 67.113 64.974 -0.64394 0.13954
0.98758 46.57 97.798 67.208 65.01 -0.61605 0.13283
0.98748 46.635 97.607 67.359 65.059 -0.5728 0.12401
0.98738 46.698 97.357 67.569 65.119 -0.51626 0.11305
0.98726 46.756 97.068 67.834 65.187 -0.4496 0.10006
0.98715 46.806 96.758 68.152 65.26 -0.37697 0.085242
0.98702 46.843 96.443 68.517 65.332 -0.30327 0.068957
0.98691 46.858 96.136 68.922 65.402 -0.23392 0.051676
0.98679 46.843 95.846 69.358 65.462 -0.17456 0.033979
0.98669 46.789 95.578 69.815 65.51 -0.13067 0.016526
0.98661 46.684 95.331 70.283 65.539 -0.10723 1.8847e-05
0.98654 46.518 95.101 70.748 65.545 -0.10843 -0.014847
0.9865 46.284 94.88 71.197 65.522 -0.13736 -0.02743
0.98649 45.975 94.659 71.615 65.468 -0.19578 -0.037191
0.98652 45.588 94.427 71.986 65.378 -0.28401 -0.043739
0.98657 45.125 94.173 72.297 65.253 -0.40085 -0.04686
0.98665 44.591 93.89 72.53 65.092 -0.54362 -0.046547
0.98675 43.997 93.572 72.672 64.898 -0.7083 -0.043001
0.98686 43.358 93.223 72.708 64.675 -0.88977 -0.036626
0.98699 42.689 92.848 72.627 64.431 -1.082 -0.028002
0.9871 42.01 92.459 72.421 64.172 -1.2786 -0.017853
0.98721 41.34 92.072 72.084 63.908 -1.4729 -0.0069936
0.98729 40.698 91.703 71.615 63.646 -1.6585 0.0037211
0.98735 40.101 91.369 71.017 63.396 -1.8296 0.013455
0.98738 39.561 91.086 70.298 63.164 -1.9811 0.021445
0.98739 39.087 90.865 69.471 62.958 -2.1093 0.02705
0.98737 38.686 90.713 68.553 62.78 -2.2115 0.029788
0.98735 38.359 90.634 67.566 62.634 -2.2865 0.029364
0.98733 38.102 90.629 66.535 62.52 -2.3344 0.025686
0.98731 37.909 90.696 65.485 62.439 -2.3568 0.018858
0.98732 37.773 90.833 64.447 62.389 -2.3561 0.0091704
0.98735 37.681 91.039 63.445 62.366 -2.3357 -0.0029278
0.98742 37.623 91.311 62.507 62.368 -2.2999 -0.01686
0.9875 37.587 91.648 61.655 62.392 -2.2531 -0.031964
0.98761 37.561 92.048 60.905 62.433 -2.1997 -0.04753
0.98774 37.536 92.509 60.272 62.487 -2.1441 -0.062848
0.98786 37.504 93.026 59.761 62.552 -2.0902 -0.077237
0.98797 37.458 93.592 59.375 62.624 -2.041 -0.090084
0.98806 37.394 94.198 59.106 62.7 -1.9989 -0.10087
0.98811 37.309 94.83 58.946 62.777 -1.9652 -0.10917
0.98813 37.204 95.473 58.877 62.852 -1.9404 -0.1147
0.98812 37.08 96.108 58.882 62.923 -1.9239 -0.11728
0.98807 36.941 96.717 58.937 62.989 -1.9144 -0.11686
0.98799 36.79 97.279 59.022 63.049 -1.91 -0.11351
0.9879 36.633 97.772 59.112 63.103 -1.9081 -0.10738
0.98781 36.476 98.179 59.188 63.151 -1.9062 -0.098721
0.98772 36.323 98.48 59.229 63.195 -1.9015 -0.087869
0.98765 36.181 98.664 59.223 63.239 -1.8913 -0.07521
0.98762 36.053 98.721 59.157 63.284 -1.8734 -0.061182
0.98762 35.943 98.648 59.026 63.333 -1.8462 -0.04626
0.98767 35.852 98.448 58.828 63.391 -1.8085 -0.030936
0.98776 35.783 98.132 58.567 63.46 -1.7599 -0.015716
0.98788 35.733 97.717 58.25 63.542 -1.7008 -0.0010975
0.98804 35.702 97.224 57.887 63.638 -1.6322 0.012441
0.98822 35.687 96.679 57.494 63.747 -1.5557 0.024454
0.9884 35.684 96.109 57.085 63.869 -1.4736 0.034545
0.98857 35.691 95.539 56.678 64 -1.3883 0.042384
0.9887 35.702 94.988 56.288 64.137 -1.3027 0.047717
0.98879 35.716 94.473 55.933 64.273 -1.2198 0.050381
0.98881 35.727 94.001 55.624 64.404 -1.1423 0.050311
0.98876 35.735 93.574 55.375 64.52 -1.073 0.04755
0.98862 35.737 93.187 55.194 64.616 -1.0142 0.04224
0.98838 35.731 92.834 55.084 64.683 -0.968 0.034623
0.98806 35.717 92.504 55.047 64.715 -0.9358 0.025028
0.98766 35.695 92.188 55.079 64.706 -0.91863 0.01385
0.98719 35.666 91.877 55.175 64.65 -0.91701 0.0015357
0.98668 35.631 91.568 55.324 64.546 -0.93091 -0.011446
0.98615 35.591 91.26 55.515 64.394 -0.95986 -0.024626
0.98563 35.548 90.956 55.733 64.197 -1.0029 -0.03756
0.98514 35.504 90.663 55.963 63.96 -1.0588 -0.049847
0.98472 35.461 90.391 56.192 63.693 -1.1259 -0.06115
0.98438 35.42 90.151 56.403 63.407 -1.2024 -0.071202
0.98415 35.383 89.951 56.587 63.116 -1.2863 -0.079814
0.98405 35.351 89.801 56.732 62.835 -1.3756 -0.086869
0.98406 35.325 89.709 56.831 62.579 -1.468 -0.092316
0.9842 35.304 89.678 56.882 62.364 -1.5617 -0.096161
0.98446 35.29 89.713 56.884 62.201 -1.6546 -0.098444
0.9848 35.282 89.816 56.84 62.101 -1.7451 -0.099231
0.98521 35.279 89.991 56.756 62.071 -1.8316 -0.098595
0.98567 35.281 90.241 56.641 62.113 -1.9131 -0.096607
0.98615 35.287 90.57 56.505 62.225 -1.9887 -0.093327
0.98661 35.296 90.984 56.361 62.402 -2.0579 -0.088804
0.98705 35.306 91.484 56.221 62.633 -2.1205 -0.08308
0.98743 35.317 92.072 56.098 62.907 -2.177 -0.076197
0.98775 35.329 92.744 56.002 63.209 -2.2279 -0.068211
0.98801 35.341 93.494 55.944 63.524 -2.2741 -0.059202
0.98819 35.353 94.307 55.933 63.836 -2.317 -0.049291
0.9883 35.364 95.163 55.975 64.131 -2.3579 -0.038648
0.98834 35.376 96.035 56.073 64.396 -2.3982 -0.027502
0.98833 35.388 96.894 56.23 64.619 -2.4394 -0.016135
0.98827 35.4 97.704 56.445 64.793 -2.4829 -0.0048821
0.98817 35.414 98.427 56.712 64.913 -2.5298 0.0058848
0.98806 35.427 99.029 57.027 64.977 -2.5809 0.015777
0.98792 35.44 99.477 57.379 64.986 -2.6366 0.024411
0.98779 35.452 99.744 57.759 64.942 -2.6969 0.031441
0.98765 35.461 99.813 58.153 64.85 -2.7613 0.036582
0.98753 35.465 99.678 58.545 64.718 -2.8289 0.039635
0.98742 35.464 99.346 58.921 64.551 -2.8982 0.040512
0.98733 35.454 98.836 59.262 64.359 -2.9677 0.039248
0.98725 35.435 98.179 59.553 64.148 -3.0354 0.036003
0.98719 35.405 97.421 59.775 63.928 -3.0993 0.031059
0.98715 35.365 96.612 59.915 63.705 -3.1576 0.024803
0.98712 35.315 95.812 59.959 63.487 -3.2086 0.017705
0.9871 35.256 95.078 59.896 63.282 -3.2509 0.010286
0.98709 35.191 94.47 59.722 63.096 -3.284 0.003078
0.9871 35.121 94.037 59.433 62.936 -3.3075 -0.0034096
0.98712 35.051 93.82 59.034 62.807 -3.3221 -0.0087293
0.98716 34.984 93.846 58.532 62.715 -3.3292 -0.012527
0.98721 34.923 94.126 57.941 62.665 -3.3306 -0.014565
0.98728 34.871 94.656 57.279 62.659 -3.3291 -0.01474
0.98736 34.831 95.41 56.57 62.702 -3.3278 -0.013085
0.98746 34.803 96.35 55.839 62.794 -3.33 -0.0097611
0.98755 34.787 97.421 55.114 62.936 -3.3394 -0.005041
0.98764 34.784 98.558 54.423 63.126 -3.3595 0.00071774
0.98771 34.79 99.69 53.796 63.36 -3.3933 0.0071063
0.98775 34.803 100.74 53.257 63.635 -3.4436 0.013701
0.98774 34.818 101.64 52.828 63.942 -3.5121 0.020099
0.98767 34.833 102.33 52.526 64.273 -3.5998 0.025952
0.98752 34.842 102.76 52.36 64.616 -3.7066 0.030994
0.98729 34.842 102.89 52.335 64.961 -3.8314 0.035059
0.98698 34.829 102.71 52.446 65.295 -3.972 0.038091
0.9866 34.801 102.22 52.683 65.605 -4.1253 0.040143
0.98616 34.757 101.45 53.028 65.879 -4.2874 0.041365
0.98568 34.695 100.44 53.458 66.108 -4.4537 0.041989
0.98518 34.618 99.265 53.945 66.282 -4.6193 0.0423
0.9847 34.525 97.988 54.459 66.398 -4.7793 0.042608
0.98425 34.421 96.697 54.968 66.452 -4.9288 0.043222
0.98386 34.308 95.473 55.441 66.444 -5.0634 0.044419
0.98355 34.191 94.394 55.85 66.379 -5.1793 0.046422
0.98334 34.073 93.522 56.17 66.263 -5.2737 0.049382
0.98324 33.958 92.901 56.382 66.104 -5.3447 0.05337
0.98324 33.85 92.552 56.473 65.913 -5.3914 0.05837
0.98333 33.752 92.474 56.439 65.702 -5.414 0.064291
0.98351 33.667 92.642 56.28 65.482 -5.4135 0.070969
0.98376 33.595 93.016 56.007 65.263 -5.392 0.078192
0.98406 33.538 93.546 55.634 65.057 -5.3519 0.085712
0.98439 33.497 94.175 55.183 64.872 -5.2964 0.09327
0.98475 33.469 94.848 54.678 64.714 -5.2285 0.10061
0.9851 33.454 95.516 54.147 64.587 -5.1515 0.1075
0.98546 33.45 96.141 53.618 64.492 -5.0681 0.11374
0.98581 33.456 96.694 53.117 64.43 -4.981 0.11917
0.98615 33.468 97.156 52.671 64.397 -4.8918 0.12369
0.98647 33.484 97.52 52.299 64.388 -4.802 0.12721
0.98679 33.503 97.781 52.017 64.397 -4.712 0.12972
0.9871 33.522 97.944 51.835 64.418 -4.6218 0.1312
0.98738 33.54 98.014 51.756 64.443 -4.5308 0.13167
0.98764 33.554 98 51.778 64.463 -4.4379 0.13117
0.98786 33.565 97.91 51.893 64.473 -4.3419 0.1297
0.98802 33.572 97.756 52.087 64.464 -4.2413 0.12731
0.98811 33.574 97.549 52.344 64.434 -4.1348 0.124
0.98811 33.572 97.299 52.644 64.377 -4.0215 0.11979
0.98803 33.567 97.019 52.966 64.294 -3.9006 0.11468
0.98784 33.559 96.72 53.289 64.184 -3.772 0.10869
0.98756 33.551 96.411 53.595 64.05 -3.6362 0.10184
0.98719 33.544 96.104 53.865 63.896 -3.4941 0.094185
0.98676 33.539 95.804 54.087 63.728 -3.3475 0.085799
0.98629 33.539 95.521 54.252 63.551 -3.1985 0.076791
0.98581 33.545 95.259 54.356 63.373 -3.0496 0.067311
0.98535 33.557 95.025 54.399 63.199 -2.9038 0.057544
0.98497 33.577 94.822 54.386 63.036 -2.764 0.047706
0.98467 33.604 94.655 54.325 62.888 -2.6333 0.038038
0.98449 33.637 94.529 54.229 62.761 -2.5145 0.02879
0.98445 33.675 94.448 54.109 62.656 -2.4101 0.020214
0.98455 33.716 94.417 53.982 62.577 -2.3221 0.012542
0.98478 33.76 94.441 53.859 62.524 -2.2523 0.0059757
0.98511 33.803 94.524 53.754 62.498 -2.2013 0.00067443
0.98554 33.844 94.673 53.676 62.499 -2.1696 -0.0032567
0.98602 33.881 94.892 53.632 62.524 -2.1566 -0.0057718
0.98651 33.915 95.186 53.625 62.571 -2.1615 -0.0068858
0.98698 33.944 95.559 53.653 62.639 -2.1827 -0.0066722
0.98739 33.969 96.009 53.713 62.722 -2.2181 -0.0052557
0.98771 33.991 96.534 53.795 62.819 -2.2653 -0.0028025
0.98793 34.011 97.125 53.89 62.924 -2.3217 0.00049275
0.98802 34.031 97.771 53.986 63.034 -2.3844 0.004421
0.98799 34.052 98.455 54.071 63.144 -2.4505 0.0087733
0.98784 34.075 99.159 54.135 63.251 -2.517 0.013354
0.98758 34.102 99.864 54.168 63.352 -2.5812 0.017991
0.98724 34.132 100.55 54.166 63.444 -2.6404 0.022547
0.98683 34.167 101.21 54.126 63.524 -2.6921 0.026921
0.9864 34.204 101.81 54.053 63.591 -2.7342 0.031051
0.98597 34.242 102.36 53.954 63.643 -2.7649 0.034913
0.98557 34.279 102.84 53.841 63.679 -2.7826 0.038512
0.98523 34.313 103.24 53.729 63.701 -2.7862 0.041879
0.98498 34.342 103.55 53.634 63.71 -2.775 0.045057
0.98481 34.364 103.77 53.577 63.707 -2.749 0.048091
0.98475 34.378 103.88 53.574 63.694 -2.7084 0.051018
0.98479 34.386 103.87 53.642 63.677 -2.6542 0.05386
0.9849 34.388 103.73 53.793 63.659 -2.5881 0.05661
0.98508 34.388 103.45 54.034 63.644 -2.5122 0.059234
0.9853 34.389 103.04 54.368 63.638 -2.4295 0.061666
0.98552 34.396 102.49 54.789 63.643 -2.3434 0.063812
0.98573 34.412 101.82 55.289 63.665 -2.2578 0.065555
0.98588 34.443 101.08 55.85 63.704 -2.1772 0.066767
0.98596 34.49 100.29 56.453 63.763 -2.1062 0.06732
0.98596 34.557 99.5 57.073 63.839 -2.0495 0.067102
0.98585 34.643 98.766 57.685 63.932 -2.0116 0.066036
0.98564 34.748 98.137 58.263 64.036 -1.9966 0.064092
0.98533 34.867 97.659 58.783 64.149 -2.0079 0.0613
0.98494 34.997 97.369 59.222 64.264 -2.0482 0.057766
0.98447 35.132 97.292 59.566 64.375 -2.1186 0.053668
0.98394 35.263 97.435 59.802 64.477 -2.2195 0.049262
0.98337 35.385 97.792 59.924 64.564 -2.3494 0.044871
0.9828 35.49 98.343 59.935 64.633 -2.5057 0.040865
0.98223 35.571 99.053 59.841 64.682 -2.6841 0.037647
0.98169 35.625 99.876 59.652 64.71 -2.8795 0.035619
0.9812 35.648 100.76 59.385 64.718 -3.0852 0.035151
0.98078 35.638 101.65 59.058 64.709 -3.2941 0.036555
0.98045 35.597 102.49 58.688 64.687 -3.4988 0.040046
0.98024 35.528 103.23 58.297 64.657 -3.6916 0.045723
0.98014 35.435 103.83 57.901 64.624 -3.8655 0.053546
0.98017 35.323 104.24 57.517 64.594 -4.0142 0.063325
0.98033 35.2 104.43 57.158 64.57 -4.1326 0.074725
0.98063 35.073 104.39 56.832 64.556 -4.2174 0.087276
0.98106 34.948 104.1 56.547 64.552 -4.2668 0.1004
0.98159 34.831 103.56 56.306 64.558 -4.281 0.11343
0.98223 34.728 102.79 56.109 64.572 -4.2621 0.12568
0.98295 34.642 101.79 55.954 64.589 -4.2139 0.13646
0.98373 34.576 100.59 55.838 64.604 -4.1419 0.14516
0.98454 34.531 99.211 55.756 64.61 -4.0528 0.15125
0.98537 34.508 97.701 55.704 64.603 -3.9539 0.15437
0.98618 34.506 96.098 55.676 64.577 -3.8532 0.15431
0.98695 34.525 94.45 55.669 64.53 -3.7584 0.15106
0.98764 34.563 92.807 55.678 64.46 -3.6766 0.14483
0.98823 34.62 91.225 55.699 64.37 -3.614 0.13597
0.98867 34.694 89.757 55.731 64.263 -3.5755 0.12503
0.98894 34.784 88.455 55.77 64.145 -3.5641 0.11267
0.98901 34.888 87.365 55.815 64.025 -3.5814 0.099627
0.98886 35.004 86.529 55.865 63.909 -3.6269 0.086674
0.98846 35.13 85.978 55.916 63.806 -3.6988 0.074553
0.98781 35.262 85.732 55.969 63.722 -3.7933 0.063927
0.98692 35.396 85.797 56.021 63.662 -3.9059 0.055338
0.98581 35.527 86.166 56.07 63.629 -4.031 0.049165
0.98452 35.649 86.817 56.116 63.622 -4.1625 0.045602
0.98309 35.757 87.714 56.155 63.638 -4.2943 0.044645
0.9816 35.843 88.811 56.188 63.673 -4.4205 0.046097
0.98011 35.902 90.052 56.213 63.719 -4.5361 0.049582
0.9787 35.929 91.377 56.23 63.769 -4.6367 0.054577
0.97743 35.919 92.728 56.237 63.814 -4.7191 0.060449
0.97638 35.869 94.05 56.235 63.848 -4.7813 0.066506
0.9756 35.779 95.294 56.223 63.864 -4.8224 0.072043
0.97513 35.649 96.425 56.203 63.86 -4.8426 0.076395
0.97497 35.484 97.415 56.174 63.834 -4.8432 0.078982
0.97514 35.289 98.251 56.136 63.788 -4.8262 0.079351
0.97561 35.07 98.926 56.09 63.724 -4.7942 0.077204
0.97633 34.838 99.441 56.036 63.65 -4.7501 0.072414
0.97727 34.602 99.801 55.974 63.57 -4.6971 0.065037
0.97834 34.372 100.01 55.905 63.494 -4.6381 0.055296
0.9795 34.158 100.09 55.829 63.429 -4.5761 0.04357
0.98069 33.969 100.03 55.745 63.38 -4.5136 0.030358
0.98183 33.814 99.842 55.655 63.354 -4.4528 0.016246
0.9829 33.697 99.538 55.557 63.353 -4.3957 0.0018662
0.98385 33.621 99.123 55.451 63.378 -4.3435 -0.012146
0.98466 33.586 98.606 55.338 63.428 -4.2976 -0.025192
0.98533 33.591 98.002 55.218 63.501 -4.2586 -0.036742
0.98585 33.63 97.328 55.09 63.591 -4.2274 -0.046361
0.98623 33.698 96.604 54.953 63.694 -4.2042 -0.053732
0.98649 33.786 95.856 54.808 63.803 -4.1893 -0.058655
0.98666 33.886 95.109 54.655 63.912 -4.183 -0.06105
0.98676 33.99 94.39 54.493 64.017 -4.185 -0.060949
0.98681 34.089 93.724 54.322 64.113 -4.1951 -0.05847
0.98683 34.176 93.133 54.144 64.198 -4.2127 -0.053808
0.98685 34.246 92.63 53.96 64.271 -4.2371 -0.047203
0.98688 34.295 92.225 53.771 64.331 -4.2669 -0.038927
0.98693 34.32 91.919 53.58 64.379 -4.3005 -0.029266
0.987 34.322 91.707 53.391 64.418 -4.336 -0.018508
0.98708 34.303 91.576 53.207 64.451 -4.371 -0.0069425
0.98717 34.264 91.514 53.034 64.478 -4.4029 0.005135
0.98725 34.21 91.507 52.875 64.503 -4.4285 0.017416
0.98731 34.145 91.541 52.737 64.525 -4.445 0.029564
0.98733 34.075 91.611 52.623 64.545 -4.4492 0.041201
0.9873 34.004 91.711 52.537 64.561 -4.4381 0.051893
0.9872 33.936 91.845 52.483 64.572 -4.4093 0.061146
0.98703 33.875 92.018 52.462 64.574 -4.3604 0.068407
0.9868 33.825 92.238 52.476 64.565 -4.2898 0.073071
0.9865 33.789 92.515 52.522 64.543 -4.1965 0.074511
0.98615 33.769 92.859 52.6 64.505 -4.0804 0.072106
0.98576 33.766 93.278 52.705 64.45 -3.9418 0.065288
0.98537 33.782 93.778 52.834 64.378 -3.7821 0.053589
0.985 33.816 94.365 52.98 64.289 -3.6032 0.036693
0.98468 33.869 95.043 53.138 64.184 -3.4081 0.014482
0.98442 33.939 95.811 53.303 64.066 -3.1998 -0.012925
0.98426 34.026 96.667 53.469 63.937 -2.9824 -0.045148
0.98419 34.127 97.603 53.63 63.801 -2.7599 -0.081544
0.98423 34.239 98.606 53.784 63.662 -2.5367 -0.12122
0.98438 34.36 99.657 53.925 63.522 -2.3173 -0.16308
0.98462 34.484 100.73 54.054 63.387 -2.106 -0.20588
0.98492 34.609 101.8 54.167 63.259 -1.9068 -0.2483
0.98528 34.73 102.83 54.264 63.141 -1.7233 -0.28904
