//co2 data for Study 25 _2
steady: none
chosen_param: SaO2sup, Pa_CO2, P_a, Vmca_d, TOI_d, HbT_d, CCO_d
time_step: 1.0
******
0.98782 30.97 87.757 46.278 60.428 -3.7003 -0.70483
0.98759 30.964 87.712 46.337 60.471 -3.7848 -0.70083
0.98729 31.014 88.037 46.424 60.521 -3.8631 -0.69814
0.98691 31.111 88.687 46.531 60.576 -3.9318 -0.69733
0.98647 31.244 89.593 46.653 60.632 -3.9885 -0.69888
0.98597 31.403 90.674 46.785 60.691 -4.0311 -0.70312
0.98542 31.576 91.837 46.927 60.753 -4.0583 -0.71025
0.98484 31.751 92.99 47.076 60.818 -4.0698 -0.72023
0.98427 31.916 94.045 47.233 60.888 -4.0658 -0.73288
0.98371 32.063 94.924 47.398 60.964 -4.0478 -0.74784
0.9832 32.184 95.568 47.57 61.048 -4.0178 -0.76459
0.98275 32.274 95.937 47.749 61.138 -3.9783 -0.78249
0.98239 32.329 96.013 47.931 61.235 -3.9326 -0.80083
0.98213 32.347 95.803 48.113 61.338 -3.8841 -0.81887
0.98197 32.33 95.331 48.289 61.443 -3.8364 -0.83587
0.98193 32.281 94.641 48.452 61.549 -3.7929 -0.85118
0.98202 32.203 93.789 48.594 61.65 -3.7569 -0.86421
0.98221 32.103 92.837 48.706 61.744 -3.7311 -0.87453
0.98252 31.986 91.852 48.78 61.826 -3.7175 -0.88186
0.98293 31.859 90.895 48.808 61.892 -3.7176 -0.88611
0.98342 31.727 90.019 48.785 61.939 -3.7319 -0.88735
0.98397 31.597 89.266 48.707 61.964 -3.76 -0.88579
0.98456 31.473 88.662 48.573 61.965 -3.801 -0.88183
0.98516 31.359 88.222 48.386 61.94 -3.8528 -0.87594
0.98575 31.257 87.943 48.151 61.889 -3.9131 -0.86867
0.98628 31.169 87.812 47.875 61.812 -3.9787 -0.8606
0.98675 31.094 87.809 47.568 61.712 -4.0465 -0.8523
0.98713 31.031 87.907 47.241 61.592 -4.1129 -0.84424
0.98741 30.98 88.078 46.905 61.456 -4.1748 -0.83685
0.9876 30.938 88.294 46.574 61.31 -4.2291 -0.83039
0.98768 30.904 88.533 46.259 61.159 -4.2734 -0.825
0.98769 30.877 88.778 45.969 61.01 -4.3059 -0.82068
0.98763 30.856 89.018 45.712 60.871 -4.3253 -0.81729
0.98753 30.84 89.246 45.496 60.748 -4.3314 -0.81458
0.98741 30.832 89.459 45.324 60.645 -4.3244 -0.81222
0.98729 30.831 89.658 45.198 60.569 -4.3055 -0.80983
0.98719 30.84 89.844 45.12 60.523 -4.2763 -0.80706
0.98713 30.86 90.015 45.088 60.508 -4.2387 -0.80358
0.9871 30.892 90.171 45.102 60.527 -4.195 -0.79917
0.98712 30.939 90.307 45.16 60.581 -4.1474 -0.79372
0.98717 30.999 90.417 45.261 60.667 -4.0981 -0.78727
0.98724 31.074 90.493 45.405 60.787 -4.0489 -0.78
0.98733 31.161 90.529 45.591 60.938 -4.0011 -0.77224
0.98742 31.257 90.519 45.82 61.118 -3.9556 -0.76443
0.98749 31.36 90.463 46.093 61.323 -3.9126 -0.75709
0.98754 31.465 90.363 46.41 61.551 -3.8719 -0.7508
0.98756 31.567 90.229 46.773 61.795 -3.8329 -0.74609
0.98755 31.659 90.078 47.18 62.05 -3.7946 -0.74344
0.98749 31.736 89.932 47.629 62.31 -3.756 -0.7432
0.9874 31.79 89.817 48.116 62.565 -3.7158 -0.74554
0.98727 31.816 89.762 48.633 62.808 -3.6731 -0.75046
0.9871 31.809 89.795 49.172 63.028 -3.6273 -0.75772
0.9869 31.764 89.944 49.722 63.216 -3.5782 -0.76688
0.98667 31.679 90.225 50.267 63.365 -3.5258 -0.77729
0.98642 31.556 90.651 50.793 63.465 -3.471 -0.78817
0.98616 31.401 91.221 51.285 63.511 -3.4148 -0.79862
0.98588 31.221 91.925 51.727 63.501 -3.3586 -0.80771
0.98561 31.032 92.74 52.105 63.435 -3.3042 -0.81454
0.98535 30.854 93.635 52.407 63.315 -3.2532 -0.81832
0.98512 30.71 94.571 52.626 63.15 -3.2072 -0.81843
0.98493 30.629 95.507 52.757 62.949 -3.1677 -0.81446
0.98479 30.642 96.4 52.801 62.725 -3.1355 -0.80629
0.98471 30.784 97.211 52.762 62.49 -3.1113 -0.79407
0.98471 31.084 97.907 52.651 62.259 -3.0949 -0.77823
0.98477 31.571 98.464 52.479 62.046 -3.086 -0.75949
0.9849 32.265 98.869 52.263 61.862 -3.0835 -0.73876
0.9851 33.179 99.117 52.021 61.717 -3.0861 -0.71714
0.98534 34.313 99.216 51.772 61.614 -3.0925 -0.69581
0.98563 35.656 99.18 51.533 61.558 -3.101 -0.67598
0.98594 37.181 99.03 51.319 61.547 -3.1104 -0.6588
0.98625 38.854 98.79 51.144 61.576 -3.1194 -0.64525
0.98657 40.626 98.486 51.017 61.639 -3.1273 -0.63614
0.98687 42.443 98.142 50.941 61.728 -3.1339 -0.63201
0.98715 44.249 97.778 50.917 61.833 -3.1392 -0.63313
0.9874 45.986 97.41 50.939 61.946 -3.1439 -0.63945
0.98761 47.602 97.051 51.001 62.059 -3.1489 -0.65064
0.98778 49.053 96.705 51.091 62.166 -3.1554 -0.66611
0.98792 50.305 96.375 51.196 62.264 -3.1648 -0.68503
0.98802 51.335 96.059 51.304 62.349 -3.1781 -0.70643
0.98808 52.135 95.754 51.403 62.422 -3.1965 -0.72922
0.98811 52.705 95.456 51.481 62.486 -3.2205 -0.7523
0.98812 53.059 95.162 51.532 62.543 -3.2504 -0.77459
0.9881 53.22 94.869 51.553 62.597 -3.2858 -0.79512
0.98807 53.215 94.576 51.542 62.651 -3.3261 -0.81307
0.98801 53.077 94.285 51.505 62.71 -3.37 -0.82778
0.98795 52.843 93.997 51.449 62.776 -3.4161 -0.83883
0.98787 52.546 93.717 51.385 62.851 -3.4627 -0.846
0.98779 52.219 93.45 51.326 62.934 -3.508 -0.84929
0.98769 51.891 93.202 51.286 63.026 -3.5505 -0.84887
0.98758 51.588 92.98 51.28 63.124 -3.5888 -0.8451
0.98746 51.326 92.792 51.322 63.226 -3.622 -0.83844
0.98732 51.12 92.646 51.424 63.33 -3.6495 -0.82944
0.98717 50.975 92.552 51.596 63.434 -3.6712 -0.81869
0.987 50.891 92.518 51.844 63.535 -3.6876 -0.80677
0.98682 50.862 92.55 52.172 63.631 -3.6993 -0.79426
0.98663 50.879 92.656 52.579 63.722 -3.7073 -0.78165
0.98645 50.927 92.837 53.062 63.807 -3.7127 -0.76938
0.98627 50.989 93.092 53.615 63.888 -3.7166 -0.75778
0.98612 51.047 93.417 54.227 63.966 -3.7198 -0.74711
0.98599 51.081 93.802 54.889 64.044 -3.723 -0.73752
0.9859 51.076 94.232 55.587 64.125 -3.7266 -0.7291
0.98585 51.016 94.689 56.308 64.213 -3.7303 -0.72188
0.98584 50.891 95.151 57.038 64.31 -3.7338 -0.7158
0.98589 50.694 95.592 57.762 64.419 -3.7364 -0.71079
0.98597 50.425 95.985 58.467 64.542 -3.7369 -0.70674
0.98609 50.087 96.304 59.139 64.679 -3.7346 -0.70353
0.98623 49.69 96.525 59.767 64.83 -3.7282 -0.70103
0.98639 49.247 96.627 60.338 64.991 -3.7172 -0.6991
0.98655 48.776 96.598 60.842 65.159 -3.701 -0.69761
0.9867 48.296 96.429 61.27 65.329 -3.6796 -0.69645
0.98683 47.827 96.126 61.612 65.494 -3.6535 -0.69549
0.98694 47.387 95.698 61.863 65.648 -3.6237 -0.69463
0.98702 46.994 95.167 62.016 65.785 -3.5915 -0.6938
0.98707 46.662 94.562 62.068 65.897 -3.5586 -0.6929
0.98709 46.398 93.916 62.016 65.981 -3.527 -0.6919
0.98709 46.207 93.265 61.861 66.033 -3.4985 -0.69075
0.98707 46.089 92.644 61.608 66.052 -3.4751 -0.68943
0.98705 46.037 92.085 61.261 66.038 -3.4583 -0.68796
0.98703 46.043 91.613 60.831 65.995 -3.4493 -0.68638
0.98702 46.094 91.241 60.33 65.928 -3.4487 -0.68472
0.98702 46.175 90.974 59.775 65.844 -3.4566 -0.68307
0.98704 46.271 90.804 59.184 65.751 -3.4727 -0.68147
0.98708 46.368 90.714 58.578 65.657 -3.4961 -0.68002
0.98714 46.451 90.678 57.981 65.572 -3.5254 -0.67875
0.98721 46.509 90.664 57.416 65.502 -3.5591 -0.6777
0.9873 46.536 90.639 56.907 65.456 -3.5957 -0.67688
0.98738 46.527 90.569 56.476 65.436 -3.6335 -0.67624
0.98746 46.481 90.429 56.143 65.446 -3.6714 -0.6757
0.98752 46.402 90.198 55.926 65.486 -3.7083 -0.67513
0.98756 46.297 89.869 55.837 65.554 -3.7438 -0.67436
0.98759 46.176 89.447 55.884 65.647 -3.7777 -0.67321
0.98759 46.051 88.95 56.071 65.76 -3.8105 -0.67146
0.98758 45.934 88.411 56.393 65.886 -3.8427 -0.66891
0.98755 45.838 87.873 56.844 66.019 -3.8752 -0.66537
0.98751 45.776 87.388 57.409 66.152 -3.9091 -0.66069
0.98747 45.759 87.011 58.072 66.28 -3.9452 -0.65477
0.98744 45.795 86.801 58.812 66.397 -3.9842 -0.64759
0.98743 45.891 86.809 59.605 66.5 -4.0263 -0.63919
0.98742 46.049 87.077 60.426 66.587 -4.0714 -0.6297
0.98743 46.269 87.632 61.252 66.657 -4.1188 -0.6193
0.98746 46.547 88.486 62.06 66.713 -4.1674 -0.60826
0.9875 46.875 89.628 62.828 66.755 -4.2156 -0.59687
0.98755 47.244 91.029 63.539 66.788 -4.2618 -0.58547
0.98759 47.643 92.639 64.18 66.815 -4.3038 -0.57438
0.98762 48.058 94.394 64.741 66.84 -4.34 -0.56393
0.98764 48.475 96.217 65.217 66.867 -4.3686 -0.55437
0.98764 48.88 98.026 65.607 66.898 -4.3883 -0.54593
0.98761 49.261 99.74 65.915 66.936 -4.3985 -0.53875
0.98756 49.606 101.28 66.147 66.982 -4.3989 -0.5329
0.98749 49.908 102.6 66.311 67.036 -4.3902 -0.52836
0.98739 50.159 103.63 66.418 67.098 -4.3732 -0.52505
0.98727 50.358 104.36 66.478 67.166 -4.3495 -0.52283
0.98715 50.504 104.78 66.501 67.237 -4.3209 -0.52149
0.98702 50.6 104.9 66.496 67.31 -4.2896 -0.52084
0.9869 50.652 104.76 66.472 67.381 -4.2574 -0.52063
0.9868 50.666 104.4 66.432 67.447 -4.2261 -0.52067
0.98672 50.651 103.87 66.381 67.506 -4.1971 -0.52076
0.98667 50.616 103.22 66.318 67.555 -4.1712 -0.52079
0.98665 50.57 102.52 66.243 67.592 -4.1486 -0.52065
0.98666 50.519 101.81 66.154 67.616 -4.129 -0.52032
0.98671 50.471 101.12 66.046 67.629 -4.1115 -0.51981
0.9868 50.43 100.49 65.917 67.63 -4.095 -0.51917
0.9869 50.4 99.923 65.762 67.621 -4.0778 -0.51851
0.98701 50.383 99.432 65.581 67.606 -4.0585 -0.51789
0.98713 50.378 99.008 65.372 67.587 -4.0359 -0.51742
0.98722 50.384 98.638 65.139 67.568 -4.0092 -0.51713
0.98727 50.399 98.306 64.884 67.551 -3.9782 -0.51705
0.98727 50.421 97.993 64.617 67.539 -3.9435 -0.51712
0.9872 50.445 97.684 64.345 67.534 -3.9067 -0.51723
0.98705 50.469 97.364 64.081 67.538 -3.87 -0.51719
0.98681 50.491 97.028 63.836 67.551 -3.8366 -0.51677
0.98649 50.509 96.674 63.627 67.573 -3.81 -0.51568
0.98609 50.521 96.307 63.466 67.602 -3.7941 -0.51363
0.98564 50.528 95.938 63.366 67.638 -3.7928 -0.5103
0.98517 50.53 95.584 63.341 67.677 -3.8094 -0.50543
0.98471 50.528 95.266 63.4 67.717 -3.8468 -0.49882
0.98429 50.523 95.007 63.551 67.757 -3.9064 -0.49039
0.98396 50.517 94.83 63.797 67.792 -3.9883 -0.48017
0.98374 50.512 94.758 64.14 67.822 -4.0912 -0.46835
0.98365 50.508 94.813 64.575 67.845 -4.2118 -0.45528
0.98371 50.506 95.01 65.097 67.86 -4.3453 -0.44151
0.98392 50.506 95.361 65.695 67.867 -4.4852 -0.42769
0.98427 50.509 95.87 66.356 67.865 -4.6239 -0.41464
0.98473 50.513 96.533 67.065 67.856 -4.7527 -0.40326
0.98528 50.517 97.339 67.804 67.84 -4.8627 -0.39451
0.98588 50.519 98.27 68.555 67.821 -4.9451 -0.3893
0.98648 50.519 99.297 69.299 67.799 -4.9918 -0.38852
0.98706 50.515 100.39 70.019 67.777 -4.996 -0.39288
0.98758 50.505 101.5 70.697 67.759 -4.9529 -0.40296
0.98801 50.489 102.6 71.32 67.746 -4.8596 -0.41906
0.98834 50.467 103.64 71.873 67.741 -4.7159 -0.44123
0.98856 50.44 104.58 72.349 67.746 -4.524 -0.46927
0.98867 50.408 105.37 72.739 67.763 -4.2888 -0.50267
0.98868 50.372 105.98 73.042 67.793 -4.0175 -0.54066
0.98861 50.334 106.39 73.256 67.835 -3.7191 -0.58227
0.98848 50.295 106.58 73.385 67.89 -3.4039 -0.62636
0.98831 50.258 106.55 73.434 67.955 -3.0832 -0.67166
0.98812 50.223 106.29 73.41 68.029 -2.7682 -0.7169
0.98793 50.192 105.83 73.323 68.109 -2.4696 -0.76081
0.98777 50.166 105.18 73.183 68.192 -2.1969 -0.80226
0.98763 50.143 104.39 73.002 68.276 -1.9576 -0.84026
0.98752 50.125 103.49 72.791 68.356 -1.7574 -0.87403
0.98745 50.111 102.51 72.563 68.432 -1.5992 -0.90304
0.98741 50.1 101.5 72.327 68.5 -1.4837 -0.92698
0.9874 50.09 100.5 72.094 68.559 -1.4091 -0.94583
0.98741 50.081 99.541 71.874 68.608 -1.3714 -0.95976
0.98742 50.072 98.645 71.673 68.645 -1.3649 -0.96914
0.98744 50.062 97.839 71.498 68.673 -1.3827 -0.97452
0.98744 50.05 97.136 71.354 68.69 -1.4172 -0.97649
0.98744 50.036 96.549 71.243 68.697 -1.4607 -0.97574
0.98742 50.019 96.082 71.167 68.695 -1.506 -0.97295
0.98738 50.001 95.738 71.124 68.684 -1.5467 -0.96872
0.98733 49.98 95.514 71.114 68.666 -1.5778 -0.96364
0.98727 49.958 95.407 71.134 68.641 -1.5957 -0.95813
0.98721 49.936 95.411 71.177 68.608 -1.5987 -0.95256
0.98715 49.914 95.52 71.24 68.569 -1.5864 -0.94714
0.9871 49.893 95.723 71.315 68.523 -1.5601 -0.94201
0.98707 49.875 96.012 71.397 68.471 -1.5224 -0.9372
0.98704 49.859 96.373 71.477 68.411 -1.4767 -0.93267
0.98704 49.848 96.792 71.55 68.346 -1.427 -0.92836
0.98704 49.842 97.25 71.61 68.275 -1.3775 -0.92416
0.98707 49.84 97.729 71.651 68.2 -1.3323 -0.92
0.98709 49.844 98.206 71.67 68.123 -1.2949 -0.9158
0.98712 49.853 98.658 71.665 68.044 -1.2682 -0.91155
0.98715 49.868 99.061 71.635 67.968 -1.2543 -0.90729
0.98716 49.888 99.393 71.583 67.897 -1.254 -0.90311
0.98715 49.912 99.636 71.512 67.834 -1.2674 -0.89915
0.98712 49.939 99.776 71.428 67.781 -1.2936 -0.89562
0.98707 49.969 99.805 71.338 67.74 -1.3308 -0.89274
0.987 50 99.725 71.251 67.715 -1.3766 -0.89077
0.98691 50.03 99.547 71.175 67.705 -1.4279 -0.88996
0.98681 50.059 99.287 71.12 67.711 -1.4816 -0.89053
0.9867 50.084 98.973 71.095 67.731 -1.5345 -0.89266
0.9866 50.105 98.638 71.107 67.765 -1.5832 -0.89646
0.9865 50.121 98.318 71.163 67.808 -1.625 -0.90195
0.98642 50.132 98.05 71.266 67.859 -1.6572 -0.90907
0.98637 50.137 97.87 71.417 67.913 -1.6779 -0.91762
0.98635 50.138 97.806 71.614 67.968 -1.6856 -0.92733
0.98635 50.135 97.878 71.854 68.02 -1.6797 -0.93781
0.98639 50.13 98.096 72.129 68.068 -1.6599 -0.94859
0.98645 50.124 98.454 72.429 68.109 -1.6267 -0.95915
0.98653 50.119 98.934 72.742 68.143 -1.5813 -0.96892
0.98662 50.116 99.503 73.056 68.171 -1.5253 -0.97737
0.98672 50.117 100.12 73.358 68.193 -1.4608 -0.98397
0.98682 50.121 100.73 73.633 68.211 -1.3903 -0.98829
0.98692 50.129 101.28 73.869 68.227 -1.3165 -0.99002
0.98701 50.14 101.71 74.057 68.243 -1.2425 -0.98899
0.98708 50.152 101.98 74.188 68.26 -1.1711 -0.98517
0.98713 50.165 102.05 74.257 68.28 -1.1054 -0.97872
0.98716 50.176 101.88 74.262 68.303 -1.048 -0.96995
0.98717 50.183 101.46 74.204 68.33 -1.0013 -0.95932
0.98716 50.185 100.81 74.087 68.36 -0.96742 -0.94742
0.98714 50.181 99.938 73.92 68.39 -0.94769 -0.93491
0.9871 50.169 98.891 73.713 68.421 -0.94299 -0.92252
0.98706 50.151 97.715 73.477 68.448 -0.95355 -0.91093
0.98701 50.126 96.468 73.225 68.471 -0.97886 -0.90079
0.98697 50.095 95.211 72.972 68.486 -1.0178 -0.89266
0.98693 50.06 94.004 72.73 68.493 -1.0685 -0.88693
0.9869 50.024 92.901 72.512 68.491 -1.1287 -0.88385
0.98689 49.987 91.948 72.328 68.48 -1.1955 -0.88351
0.98689 49.953 91.181 72.184 68.461 -1.2657 -0.8858
0.9869 49.923 90.623 72.086 68.436 -1.3359 -0.89047
0.98692 49.9 90.282 72.035 68.409 -1.4025 -0.89712
0.98695 49.885 90.156 72.027 68.384 -1.4623 -0.90526
0.987 49.878 90.228 72.058 68.364 -1.512 -0.91434
0.98704 49.881 90.472 72.119 68.354 -1.5489 -0.9238
0.98709 49.892 90.857 72.198 68.357 -1.571 -0.93309
0.98713 49.911 91.342 72.281 68.376 -1.5768 -0.94173
0.98716 49.935 91.886 72.354 68.411 -1.5656 -0.94932
0.98719 49.961 92.451 72.402 68.462 -1.5377 -0.95554
0.98719 49.988 92.996 72.411 68.529 -1.4943 -0.96019
0.98718 50.011 93.49 72.368 68.606 -1.4373 -0.96314
0.98714 50.029 93.905 72.263 68.69 -1.3698 -0.96434
0.98709 50.037 94.224 72.09 68.776 -1.2953 -0.96378
0.98702 50.035 94.433 71.845 68.858 -1.2182 -0.96147
0.98694 50.021 94.528 71.53 68.931 -1.1433 -0.9574
0.98684 49.994 94.512 71.152 68.99 -1.0755 -0.95152
0.98675 49.956 94.39 70.722 69.03 -1.0198 -0.94374
0.98666 49.907 94.174 70.256 69.049 -0.98083 -0.9339
0.98658 49.851 93.88 69.773 69.046 -0.96283 -0.9218
0.98652 49.792 93.524 69.295 69.023 -0.96905 -0.90719
0.98648 49.732 93.126 68.847 68.98 -1.0018 -0.88983
0.98647 49.678 92.707 68.453 68.922 -1.062 -0.86948
0.98649 49.632 92.29 68.138 68.854 -1.1496 -0.84599
0.98653 49.6 91.897 67.923 68.782 -1.2627 -0.81929
0.98659 49.584 91.552 67.825 68.709 -1.3983 -0.78946
0.98666 49.586 91.277 67.859 68.642 -1.552 -0.75672
0.98673 49.607 91.097 68.032 68.585 -1.7187 -0.72148
0.98679 49.647 91.03 68.343 68.54 -1.892 -0.68431
0.98683 49.702 91.095 68.788 68.51 -2.0654 -0.64594
0.98685 49.769 91.305 69.353 68.495 -2.2323 -0.60722
0.98685 49.844 91.668 70.018 68.493 -2.3863 -0.56909
0.98681 49.921 92.183 70.758 68.505 -2.5216 -0.5325
0.98675 49.994 92.846 71.545 68.526 -2.6336 -0.49838
0.98667 50.06 93.639 72.346 68.556 -2.7187 -0.46758
0.98658 50.112 94.54 73.128 68.59 -2.7748 -0.4408
0.98648 50.148 95.517 73.859 68.625 -2.8015 -0.41855
0.98639 50.165 96.533 74.509 68.66 -2.7996 -0.40112
0.98631 50.163 97.546 75.052 68.692 -2.7714 -0.38856
0.98625 50.141 98.511 75.466 68.718 -2.7206 -0.38067
0.98623 50.102 99.385 75.739 68.738 -2.6516 -0.37701
0.98624 50.05 100.13 75.861 68.75 -2.5695 -0.37697
0.9863 49.988 100.71 75.833 68.755 -2.4798 -0.37977
0.98639 49.922 101.11 75.659 68.752 -2.3877 -0.38452
0.98653 49.856 101.3 75.352 68.743 -2.2982 -0.39031
0.9867 49.796 101.3 74.928 68.727 -2.2156 -0.39626
0.98691 49.744 101.12 74.408 68.707 -2.1434 -0.40155
0.98714 49.704 100.77 73.816 68.684 -2.0841 -0.40553
0.98738 49.677 100.3 73.174 68.66 -2.0391 -0.4077
0.98763 49.662 99.733 72.508 68.637 -2.0089 -0.40776
0.98787 49.659 99.123 71.841 68.617 -1.993 -0.40563
0.98809 49.664 98.511 71.191 68.6 -1.9901 -0.40143
0.98829 49.673 97.937 70.578 68.588 -1.9984 -0.39544
0.98846 49.683 97.436 70.013 68.582 -2.0156 -0.38809
0.98859 49.69 97.036 69.508 68.582 -2.0393 -0.3799
0.98866 49.69 96.755 69.068 68.588 -2.0673 -0.37141
0.9887 49.681 96.602 68.695 68.599 -2.0974 -0.36318
0.98868 49.662 96.578 68.389 68.614 -2.1278 -0.35569
0.98862 49.633 96.676 68.146 68.632 -2.157 -0.34933
0.98852 49.596 96.884 67.962 68.651 -2.184 -0.34436
0.98839 49.555 97.186 67.829 68.672 -2.2083 -0.34091
0.98823 49.513 97.567 67.741 68.693 -2.2296 -0.33897
0.98807 49.474 98.013 67.69 68.714 -2.2477 -0.33842
0.9879 49.443 98.511 67.669 68.735 -2.2626 -0.33906
0.98774 49.425 99.051 67.673 68.759 -2.2743 -0.34064
0.9876 49.422 99.627 67.697 68.787 -2.2826 -0.34291
0.98749 49.437 100.23 67.739 68.82 -2.2868 -0.34566
0.98741 49.469 100.87 67.797 68.862 -2.2861 -0.34878
0.98737 49.519 101.53 67.872 68.914 -2.2791 -0.35224
0.98737 49.584 102.2 67.966 68.979 -2.2642 -0.35617
0.9874 49.659 102.89 68.082 69.057 -2.2392 -0.36081
0.98746 49.742 103.56 68.226 69.15 -2.2021 -0.36651
0.98754 49.827 104.22 68.401 69.256 -2.1503 -0.37372
0.98764 49.908 104.83 68.614 69.374 -2.0818 -0.38291
0.98773 49.981 105.38 68.869 69.499 -1.9946 -0.39456
0.98783 50.041 105.84 69.169 69.629 -1.8872 -0.40907
0.98792 50.087 106.2 69.517 69.757 -1.7588 -0.42672
0.98799 50.115 106.43 69.914 69.878 -1.6095 -0.44765
0.98803 50.127 106.54 70.357 69.986 -1.4401 -0.47179
0.98806 50.123 106.52 70.843 70.074 -1.2524 -0.49886
0.98806 50.105 106.38 71.363 70.139 -1.049 -0.52836
0.98804 50.076 106.13 71.909 70.175 -0.83344 -0.55962
0.988 50.042 105.8 72.468 70.18 -0.61004 -0.59181
0.98794 50.005 105.42 73.026 70.153 -0.38355 -0.624
0.98787 49.97 105.03 73.569 70.095 -0.1591 -0.65523
0.98779 49.941 104.65 74.081 70.009 0.058052 -0.68459
0.9877 49.919 104.32 74.546 69.898 0.26275 -0.71123
0.98761 49.907 104.07 74.949 69.771 0.45017 -0.73453
0.98751 49.906 103.93 75.278 69.633 0.61597 -0.75402
0.98742 49.916 103.88 75.522 69.495 0.7565 -0.76951
0.98733 49.934 103.94 75.675 69.363 0.86893 -0.78108
0.98724 49.959 104.09 75.734 69.248 0.9513 -0.78904
0.98717 49.988 104.3 75.698 69.156 1.0026 -0.79392
0.98712 50.019 104.53 75.571 69.092 1.0227 -0.79645
0.98708 50.048 104.74 75.361 69.06 1.0125 -0.79746
0.98707 50.073 104.88 75.079 69.06 0.97373 -0.79783
0.98708 50.091 104.91 74.735 69.092 0.90881 -0.79844
0.98712 50.1 104.79 74.344 69.152 0.821 -0.80005
0.98719 50.1 104.49 73.919 69.232 0.71409 -0.80329
0.98729 50.09 104 73.473 69.325 0.59241 -0.8086
0.98742 50.071 103.31 73.016 69.424 0.46064 -0.81619
0.98758 50.044 102.44 72.558 69.52 0.32374 -0.82605
0.98775 50.01 101.44 72.104 69.604 0.18676 -0.83794
0.98793 49.971 100.35 71.658 69.671 0.054727 -0.85145
0.98813 49.932 99.232 71.219 69.717 -0.067547 -0.86599
0.98831 49.892 98.143 70.786 69.738 -0.1756 -0.88091
0.98849 49.857 97.143 70.355 69.734 -0.26549 -0.8955
0.98864 49.826 96.284 69.921 69.709 -0.33401 -0.90911
0.98876 49.802 95.6 69.48 69.665 -0.37873 -0.92115
0.98884 49.786 95.112 69.027 69.608 -0.39824 -0.93116
0.98888 49.778 94.817 68.562 69.544 -0.39212 -0.93884
0.98888 49.779 94.699 68.085 69.48 -0.36103 -0.94409
0.98883 49.787 94.722 67.599 69.422 -0.30668 -0.94695
0.98874 49.802 94.841 67.111 69.375 -0.23174 -0.94766
0.9886 49.823 95.003 66.629 69.343 -0.13968 -0.94658
0.98843 49.849 95.155 66.166 69.329 -0.034581 -0.94414
0.98823 49.878 95.249 65.733 69.334 0.079099 -0.94085
0.98801 49.909 95.247 65.344 69.357 0.19681 -0.9372
0.98778 49.941 95.123 65.012 69.395 0.31418 -0.93364
0.98755 49.972 94.87 64.747 69.445 0.42732 -0.93052
0.98732 50.002 94.492 64.557 69.504 0.53301 -0.9281
0.9871 50.028 94.011 64.449 69.566 0.62897 -0.92648
0.9869 50.05 93.457 64.423 69.626 0.71391 -0.92566
0.98673 50.067 92.872 64.478 69.681 0.78768 -0.92551
0.98659 50.078 92.295 64.608 69.728 0.85112 -0.9258
0.98648 50.082 91.769 64.804 69.763 0.90608 -0.92622
0.9864 50.078 91.328 65.054 69.784 0.95512 -0.92644
0.98636 50.067 91.001 65.345 69.791 1.0014 -0.92612
0.98634 50.048 90.807 65.663 69.782 1.0481 -0.92496
0.98635 50.022 90.755 65.992 69.758 1.0986 -0.92271
0.98639 49.99 90.846 66.318 69.719 1.1558 -0.91918
0.98645 49.952 91.073 66.628 69.665 1.2217 -0.91426
0.98653 49.91 91.425 66.911 69.597 1.2978 -0.90793
0.98662 49.865 91.883 67.158 69.516 1.3841 -0.90019
0.98672 49.817 92.427 67.362 69.421 1.4797 -0.89111
0.98682 49.769 93.037 67.517 69.314 1.5827 -0.88076
0.98693 49.722 93.688 67.622 69.195 1.6898 -0.86922
0.98704 49.677 94.357 67.676 69.065 1.7972 -0.85654
0.98714 49.635 95.02 67.68 68.926 1.9003 -0.84272
0.98724 49.598 95.655 67.637 68.78 1.9944 -0.82775
0.98733 49.566 96.241 67.55 68.627 2.0748 -0.81157
0.98741 49.541 96.76 67.424 68.469 2.1372 -0.7941
0.98747 49.523 97.199 67.264 68.31 2.1782 -0.77528
0.98753 49.513 97.552 67.076 68.149 2.1952 -0.75506
0.98756 49.513 97.818 66.864 67.99 2.187 -0.73346
0.98759 49.521 98.007 66.635 67.834 2.1537 -0.71056
0.98761 49.537 98.132 66.394 67.683 2.0967 -0.68655
0.98762 49.562 98.217 66.144 67.538 2.0185 -0.66171
0.98763 49.594 98.286 65.889 67.402 1.9228 -0.63644
0.98764 49.632 98.367 65.633 67.276 1.8137 -0.61121
0.98766 49.674 98.487 65.378 67.163 1.6961 -0.58654
0.98768 49.718 98.668 65.125 67.066 1.5745 -0.563
0.98771 49.762 98.925 64.877 66.989 1.4533 -0.54111
0.98775 49.804 99.266 64.633 66.934 1.336 -0.52135
0.98779 49.842 99.687 64.396 66.905 1.2251 -0.50408
0.98783 49.874 100.17 64.166 66.907 1.1221 -0.48951
0.98787 49.899 100.71 63.947 66.94 1.0269 -0.4777
0.9879 49.917 101.25 63.742 67.008 0.93858 -0.46851
0.98791 49.926 101.78 63.557 67.112 0.85473 -0.46163
0.9879 49.929 102.24 63.399 67.249 0.77235 -0.45657
0.98786 49.925 102.61 63.276 67.419 0.68787 -0.45272
0.98781 49.917 102.85 63.197 67.617 0.59767 -0.44939
0.98773 49.907 102.94 63.172 67.838 0.49844 -0.44586
0.98764 49.897 102.87 63.213 68.076 0.38767 -0.44142
0.98753 49.889 102.63 63.328 68.323 0.26393 -0.43548
0.98743 49.885 102.23 63.525 68.57 0.12723 -0.42759
0.98732 49.887 101.7 63.809 68.81 -0.020829 -0.41748
0.98724 49.896 101.07 64.18 69.035 -0.177 -0.40512
0.98717 49.913 100.38 64.636 69.236 -0.33644 -0.39073
0.98713 49.937 99.684 65.169 69.406 -0.49296 -0.37477
0.98713 49.966 99.014 65.765 69.541 -0.6393 -0.3579
0.98715 50.001 98.413 66.406 69.638 -0.76759 -0.341
0.98721 50.037 97.913 67.069 69.692 -0.86984 -0.32506
0.98729 50.074 97.538 67.729 69.706 -0.93845 -0.31114
0.9874 50.108 97.3 68.357 69.681 -0.96674 -0.3003
0.98752 50.137 97.199 68.923 69.622 -0.94946 -0.29354
0.98765 50.16 97.226 69.4 69.534 -0.88317 -0.29169
0.98778 50.173 97.359 69.763 69.424 -0.76655 -0.29538
0.98791 50.176 97.573 69.99 69.303 -0.60057 -0.30499
0.98801 50.168 97.835 70.067 69.179 -0.38858 -0.32061
0.9881 50.149 98.113 69.988 69.062 -0.13611 -0.34202
0.98817 50.12 98.372 69.752 68.961 0.14928 -0.36868
0.98821 50.08 98.584 69.371 68.886 0.45843 -0.3998
0.98822 50.033 98.721 68.863 68.842 0.78103 -0.43434
0.98821 49.98 98.764 68.256 68.835 1.1061 -0.47108
0.98819 49.922 98.696 67.585 68.869 1.4228 -0.50869
0.98815 49.862 98.511 66.888 68.942 1.7204 -0.5458
0.9881 49.802 98.206 66.211 69.054 1.9897 -0.58106
0.98804 49.744 97.786 65.599 69.199 2.2226 -0.61324
0.98799 49.689 97.264 65.097 69.371 2.4132 -0.6413
0.98793 49.638 96.658 64.746 69.561 2.5575 -0.66441
0.98787 49.592 95.992 64.582 69.759 2.6539 -0.68201
0.98781 49.552 95.298 64.634 69.957 2.7029 -0.69383
0.98774 49.516 94.611 64.921 70.143 2.7072 -0.69992
0.98766 49.486 93.969 65.452 70.308 2.6713 -0.7006
0.98756 49.46 93.415 66.225 70.446 2.6014 -0.69646
0.98744 49.439 92.987 67.226 70.549 2.5046 -0.6883
0.98729 49.422 92.724 68.433 70.616 2.3888 -0.67711
0.98709 49.41 92.658 69.811 70.644 2.2618 -0.66396
0.98686 49.401 92.812 71.321 70.635 2.1315 -0.65
0.98658 49.397 93.201 72.915 70.593 2.0048 -0.63633
0.98626 49.398 93.827 74.543 70.523 1.8877 -0.624
0.98592 49.403 94.683 76.154 70.431 1.7849 -0.61391
0.98556 49.414 95.746 77.698 70.326 1.6995 -0.6068
0.9852 49.429 96.986 79.129 70.215 1.6331 -0.60318
0.98486 49.447 98.363 80.406 70.105 1.5858 -0.60335
0.98457 49.469 99.828 81.496 70.004 1.5561 -0.60738
0.98435 49.491 101.33 82.375 69.917 1.5415 -0.6151
0.98421 49.512 102.81 83.025 69.849 1.5385 -0.62615
0.98419 49.529 104.22 83.443 69.802 1.5427 -0.63999
0.98427 49.538 105.5 83.63 69.776 1.5498 -0.65593
0.98445 49.535 106.61 83.597 69.771 1.5552 -0.67322
0.98474 49.516 107.5 83.364 69.783 1.5548 -0.69103
0.9851 49.478 108.16 82.954 69.808 1.545 -0.70856
0.98552 49.417 108.54 82.395 69.838 1.5232 -0.72505
0.98596 49.331 108.65 81.716 69.868 1.4877 -0.73983
0.9864 49.219 108.47 80.947 69.889 1.4379 -0.75236
0.98681 49.083 108.04 80.117 69.896 1.3743 -0.76225
0.98718 48.925 107.35 79.252 69.882 1.2982 -0.76926
0.98749 48.75 106.45 78.373 69.843 1.2121 -0.77333
0.98772 48.563 105.38 77.496 69.776 1.1189 -0.77456
0.98789 48.375 104.18 76.634 69.681 1.0222 -0.7732
0.98799 48.192 102.89 75.793 69.559 0.92565 -0.76961
0.98803 48.025 101.59 74.974 69.414 0.83277 -0.76427
0.98803 47.882 100.3 74.174 69.251 0.74694 -0.75771
0.98799 47.771 99.087 73.388 69.077 0.67096 -0.75048
0.98793 47.698 97.981 72.605 68.898 0.60698 -0.74314
0.98786 47.665 97.014 71.818 68.722 0.55636 -0.73621
0.98778 47.675 96.21 71.016 68.555 0.51965 -0.73017
0.98771 47.726 95.578 70.192 68.405 0.49658 -0.72541
0.98764 47.814 95.119 69.342 68.276 0.48617 -0.72222
0.98758 47.933 94.824 68.463 68.174 0.48684 -0.72081
0.98752 48.078 94.674 67.558 68.101 0.49658 -0.72131
0.98746 48.24 94.643 66.635 68.059 0.51315 -0.72375
0.98741 48.411 94.7 65.705 68.048 0.53433 -0.72807
0.98735 48.584 94.811 64.783 68.069 0.55806 -0.7342
0.98729 48.753 94.942 63.888 68.119 0.58263 -0.74196
0.98724 48.911 95.061 63.041 68.195 0.60686 -0.75117
0.98719 49.054 95.142 62.264 68.295 0.63015 -0.76162
0.98714 49.179 95.164 61.579 68.412 0.65252 -0.77306
0.98711 49.284 95.114 61.005 68.542 0.67456 -0.78522
0.98709 49.369 94.991 60.557 68.679 0.69738 -0.7978
0.98708 49.435 94.8 60.248 68.816 0.72245 -0.81047
0.98709 49.483 94.559 60.084 68.946 0.7514 -0.82286
0.98712 49.516 94.29 60.063 69.064 0.78586 -0.83454
0.98716 49.536 94.023 60.179 69.165 0.82719 -0.84503
0.9872 49.546 93.791 60.417 69.242 0.87636 -0.85379
0.98725 49.548 93.629 60.758 69.295 0.9337 -0.86025
0.9873 49.546 93.565 61.177 69.321 0.99882 -0.86381
0.98734 49.541 93.625 61.646 69.321 1.0705 -0.86386
0.98737 49.533 93.824 62.137 69.298 1.1468 -0.85983
0.98739 49.525 94.167 62.62 69.256 1.2248 -0.8512
0.98739 49.517 94.644 63.07 69.203 1.3012 -0.83758
0.98739 49.508 95.236 63.465 69.144 1.3721 -0.81871
0.98737 49.499 95.907 63.79 69.09 1.4334 -0.79454
0.98735 49.489 96.616 64.037 69.049 1.4808 -0.76522
0.98732 49.48 97.311 64.207 69.029 1.5106 -0.73116
0.98729 49.47 97.94 64.309 69.036 1.5194 -0.69301
0.98727 49.46 98.449 64.361 69.077 1.5046 -0.65164
0.98725 49.452 98.795 64.386 69.155 1.4646 -0.60816
0.98724 49.447 98.94 64.415 69.271 1.3987 -0.56383
0.98724 49.445 98.864 64.477 69.423 1.3076 -0.52005
0.98726 49.45 98.562 64.607 69.606 1.193 -0.47824
0.98729 49.461 98.047 64.835 69.816 1.0578 -0.4398
0.98733 49.482 97.35 65.185 70.043 0.90603 -0.40604
0.98738 49.514 96.518 65.677 70.279 0.74228 -0.37809
0.98744 49.557 95.611 66.319 70.513 0.57199 -0.35685
0.98749 49.61 94.698 67.111 70.735 0.40093 -0.34294
0.98755 49.674 93.85 68.041 70.937 0.23503 -0.33665
0.98759 49.746 93.139 69.089 71.109 0.080102 -0.33795
0.98762 49.822 92.628 70.221 71.245 -0.058414 -0.3465
0.98764 49.9 92.368 71.401 71.341 -0.17565 -0.36166
0.98763 49.974 92.393 72.585 71.392 -0.26753 -0.38253
0.98761 50.04 92.72 73.724 71.398 -0.33091 -0.40804
0.98757 50.093 93.344 74.774 71.36 -0.36372 -0.43698
0.98752 50.127 94.241 75.692 71.281 -0.36502 -0.46807
0.98746 50.14 95.367 76.439 71.163 -0.33506 -0.50007
0.98739 50.129 96.667 76.987 71.012 -0.27525 -0.5318
0.98733 50.094 98.075 77.317 70.835 -0.18812 -0.56219
0.98728 50.033 99.52 77.418 70.638 -0.077252 -0.59036
0.98725 49.951 100.93 77.294 70.427 0.052866 -0.61563
0.98723 49.851 102.25 76.957 70.209 0.19696 -0.6375
0.98723 49.738 103.41 76.429 69.992 0.34919 -0.6557
0.98724 49.618 104.39 75.739 69.78 0.50328 -0.67012
0.98728 49.498 105.14 74.922 69.58 0.65285 -0.68085
0.98732 49.386 105.66 74.016 69.396 0.79155 -0.68806
0.98737 49.287 105.94 73.062 69.232 0.91338 -0.69204
0.98741 49.206 106 72.096 69.09 1.0129 -0.69313
0.98745 49.148 105.86 71.155 68.974 1.0854 -0.69169
0.98748 49.115 105.55 70.267 68.884 1.1274 -0.68804
0.98749 49.106 105.11 69.458 68.82 1.1364 -0.68248
0.98748 49.12 104.56 68.744 68.784 1.1112 -0.67526
0.98745 49.153 103.95 68.137 68.772 1.0523 -0.66652
0.9874 49.201 103.32 67.641 68.785 0.96126 -0.65638
0.98734 49.257 102.68 67.253 68.82 0.84124 -0.64486
0.98727 49.316 102.08 66.97 68.873 0.69652 -0.63193
0.9872 49.37 101.53 66.779 68.943 0.53243 -0.61753
0.98712 49.415 101.04 66.671 69.025 0.35507 -0.60156
0.98705 49.445 100.62 66.632 69.116 0.17099 -0.58394
0.98699 49.458 100.27 66.649 69.211 -0.013121 -0.56459
0.98694 49.452 99.979 66.709 69.306 -0.19079 -0.54348
0.98689 49.426 99.747 66.803 69.396 -0.3561 -0.52063
0.98686 49.382 99.564 66.92 69.479 -0.50393 -0.49614
0.98682 49.322 99.42 67.054 69.55 -0.63024 -0.47018
0.98679 49.251 99.308 67.198 69.608 -0.73216 -0.44305
0.98676 49.171 99.222 67.347 69.65 -0.80815 -0.4151
0.98673 49.087 99.158 67.498 69.677 -0.85789 -0.38682
0.98669 49.002 99.116 67.645 69.687 -0.88224 -0.35875
0.98666 48.92 99.096 67.784 69.684 -0.88308 -0.33152
0.98662 48.844 99.1 67.909 69.67 -0.86305 -0.3058
0.9866 48.775 99.129 68.015 69.648 -0.82534 -0.28228
0.98658 48.715 99.183 68.093 69.622 -0.77342 -0.26164
0.98657 48.663 99.263 68.138 69.596 -0.71079 -0.24449
0.98659 48.62 99.363 68.141 69.576 -0.64081 -0.23136
0.98661 48.585 99.476 68.095 69.565 -0.56652 -0.22263
0.98666 48.556 99.594 67.997 69.568 -0.49058 -0.21851
0.98672 48.534 99.704 67.842 69.586 -0.41521 -0.21902
0.9868 48.517 99.793 67.632 69.623 -0.34224 -0.22393
0.98688 48.503 99.846 67.37 69.678 -0.27316 -0.23281
0.98698 48.493 99.85 67.065 69.75 -0.20923 -0.24499
0.98708 48.487 99.795 66.729 69.836 -0.15157 -0.25961
0.98718 48.483 99.673 66.376 69.933 -0.10121 -0.27566
0.98727 48.484 99.485 66.025 70.034 -0.059164 -0.29204
0.98736 48.489 99.236 65.695 70.134 -0.026404 -0.30759
0.98744 48.5 98.938 65.406 70.226 -0.0038082 -0.32122
0.98751 48.517 98.609 65.177 70.301 0.0079524 -0.33195
0.98756 48.541 98.275 65.023 70.354 0.0085563 -0.339
0.9876 48.572 97.963 64.957 70.378 -0.0018006 -0.34184
0.98762 48.609 97.702 64.984 70.368 -0.022244 -0.34024
0.98763 48.653 97.52 65.104 70.321 -0.051089 -0.33434
0.98763 48.702 97.439 65.31 70.234 -0.085766 -0.32459
0.98761 48.754 97.475 65.587 70.108 -0.12283 -0.31178
0.98758 48.807 97.636 65.914 69.945 -0.15803 -0.297
0.98754 48.859 97.916 66.266 69.749 -0.18657 -0.28151
0.9875 48.908 98.302 66.611 69.528 -0.20333 -0.26676
0.98746 48.952 98.769 66.918 69.288 -0.20328 -0.25417
0.98741 48.988 99.285 67.154 69.039 -0.18191 -0.24514
0.98737 49.016 99.81 67.288 68.79 -0.13565 -0.24083
0.98734 49.035 100.3 67.296 68.55 -0.062341 -0.24218
0.98732 49.045 100.72 67.157 68.328 0.038466 -0.24971
0.98732 49.046 101.02 66.859 68.131 0.1652 -0.26358
0.98733 49.041 101.17 66.398 67.966 0.31417 -0.28348
0.98736 49.031 101.15 65.78 67.835 0.47962 -0.30865
0.98741 49.02 100.94 65.018 67.74 0.65391 -0.33796
0.98747 49.009 100.53 64.135 67.681 0.82793 -0.3699
0.98755 49.004 99.944 63.16 67.654 0.99162 -0.40276
0.98763 49.005 99.188 62.125 67.657 1.1346 -0.43469
0.98772 49.015 98.292 61.067 67.684 1.2469 -0.46382
0.9878 49.037 97.293 60.023 67.731 1.3196 -0.48843
0.98787 49.07 96.229 59.03 67.793 1.3458 -0.50704
0.98793 49.115 95.143 58.118 67.865 1.3209 -0.51853
0.98798 49.169 94.075 57.316 67.943 1.2429 -0.52224
0.988 49.232 93.063 56.643 68.026 1.1133 -0.51799
0.988 49.3 92.141 56.114 68.111 0.93658 -0.50612
0.98799 49.37 91.333 55.734 68.197 0.72014 -0.48749
0.98795 49.438 90.658 55.504 68.284 0.47404 -0.4634
0.9879 49.502 90.123 55.416 68.373 0.21036 -0.43551
0.98785 49.558 89.731 55.457 68.465 -0.057496 -0.40577
0.98779 49.605 89.473 55.612 68.558 -0.31562 -0.37625
0.98774 49.641 89.336 55.861 68.655 -0.55042 -0.34904
0.98769 49.665 89.303 56.183 68.755 -0.74941 -0.3261
0.98765 49.678 89.351 56.559 68.858 -0.90195 -0.30913
0.98762 49.68 89.46 56.971 68.964 -0.99984 -0.29953
0.9876 49.673 89.606 57.402 69.069 -1.0377 -0.29823
0.9876 49.659 89.769 57.838 69.175 -1.0133 -0.30572
0.9876 49.64 89.932 58.269 69.277 -0.92729 -0.32198
0.98761 49.617 90.081 58.689 69.375 -0.78342 -0.34653
0.98762 49.595 90.205 59.093 69.467 -0.58787 -0.37846
0.98763 49.573 90.299 59.48 69.55 -0.34886 -0.41649
0.98765 49.555 90.361 59.85 69.624 -0.076047 -0.45908
0.98766 49.542 90.393 60.206 69.687 0.22013 -0.5045
0.98766 49.535 90.398 60.549 69.739 0.52909 -0.55094
0.98766 49.534 90.383 60.883 69.78 0.84071 -0.59663
0.98766 49.54 90.354 61.21 69.811 1.1458 -0.6399
0.98766 49.551 90.317 61.531 69.833 1.4367 -0.67928
0.98765 49.568 90.279 61.849 69.849 1.7071 -0.71356
0.98764 49.588 90.244 62.163 69.861 1.9526 -0.7418
0.98763 49.609 90.214 62.474 69.873 2.1706 -0.7634
0.98762 49.628 90.191 62.781 69.888 2.36 -0.77804
0.98761 49.644 90.174 63.084 69.908 2.521 -0.78573
0.98759 49.653 90.165 63.383 69.938 2.655 -0.78674
0.98758 49.652 90.162 63.679 69.978 2.7642 -0.78154
0.98758 49.64 90.165 63.975 70.032 2.8509 -0.77082
0.98757 49.614 90.176 64.273 70.099 2.9181 -0.75538
0.98758 49.574 90.196 64.579 70.181 2.9681 -0.7361
0.98759 49.52 90.228 64.897 70.275 3.0033 -0.71391
0.98761 49.453 90.277 65.233 70.381 3.0256 -0.68973
0.98764 49.376 90.347 65.595 70.495 3.0368 -0.66445
0.98768 49.292 90.445 65.988 70.611 3.0378 -0.63889
0.98773 49.207 90.576 66.417 70.727 3.0298 -0.61379
0.98779 49.126 90.748 66.886 70.834 3.0136 -0.5898
0.98784 49.057 90.97 67.395 70.928 2.99 -0.56746
0.98789 49.004 91.25 67.942 71.003 2.9599 -0.54721
0.98792 48.975 91.597 68.522 71.053 2.9247 -0.52938
0.98794 48.973 92.02 69.125 71.073 2.8856 -0.51421
0.98793 49.003 92.524 69.738 71.061 2.8443 -0.50181
0.9879 49.065 93.115 70.346 71.014 2.8027 -0.49223
0.98783 49.155 93.792 70.928 70.933 2.7627 -0.48542
0.98773 49.268 94.548 71.462 70.818 2.7261 -0.48124
0.98761 49.392 95.371 71.927 70.671 2.6948 -0.47949
0.98746 49.515 96.24 72.299 70.497 2.6702 -0.47991
0.98729 49.618 97.126 72.557 70.299 2.6532 -0.48218
0.98712 49.682 97.994 72.68 70.082 2.6443 -0.48596
0.98695 49.685 98.806 72.654 69.852 2.6433 -0.49087
0.9868 49.608 99.522 72.466 69.613 2.6497 -0.49654
0.98666 49.431 100.1 72.111 69.37 2.6621 -0.5026
0.98656 49.139 100.51 71.589 69.129 2.6789 -0.50872
0.9865 48.722 100.73 70.906 68.894 2.6984 -0.5146
0.98649 48.177 100.74 70.074 68.668 2.7185 -0.52
0.98654 47.508 100.54 69.109 68.455 2.7373 -0.52474
0.98663 46.726 100.16 68.034 68.258 2.7533 -0.52872
0.98678 45.85 99.623 66.872 68.079 2.7653 -0.53193
0.98697 44.905 98.967 65.651 67.921 2.7726 -0.5344
0.98719 43.92 98.246 64.399 67.784 2.7751 -0.53624
0.98743 42.927 97.515 63.141 67.669 2.7734 -0.53762
0.98767 41.958 96.829 61.904 67.575 2.7685 -0.53873
0.98789 41.042 96.239 60.709 67.503 2.7618 -0.53979
0.98809 40.205 95.789 59.575 67.452 2.7553 -0.54103
0.98824 39.467 95.509 58.517 67.419 2.7506 -0.54262
0.98834 38.842 95.418 57.543 67.404 2.7496 -0.54472
0.98838 38.336 95.518 56.661 67.405 2.7539 -0.54742
0.98836 37.947 95.795 55.873 67.421 2.7645 -0.55075
0.98828 37.668 96.224 55.178 67.448 2.782 -0.55464
0.98816 37.488 96.763 54.574 67.486 2.8065 -0.55895
0.988 37.39 97.366 54.055 67.531 2.8372 -0.56346
0.98782 37.355 97.975 53.618 67.579 2.873 -0.56785
0.98765 37.365 98.533 53.256 67.628 2.9122 -0.57176
0.9875 37.4 98.985 52.965 67.672 2.9528 -0.57478
0.98737 37.445 99.281 52.741 67.707 2.9924 -0.57645
0.9873 37.486 99.38 52.58 67.727 3.029 -0.57633
0.98728 37.512 99.253 52.479 67.727 3.0603 -0.57398
0.98731 37.516 98.889 52.433 67.704 3.0848 -0.56901
0.98739 37.496 98.292 52.439 67.654 3.1009 -0.56107
0.98752 37.449 97.483 52.489 67.575 3.1078 -0.54993
0.98768 37.38 96.5 52.575 67.467 3.105 -0.53543
0.98786 37.292 95.398 52.687 67.334 3.0926 -0.51755
0.98803 37.191 94.242 52.813 67.179 3.071 -0.49638
0.9882 37.083 93.106 52.936 67.011 3.0406 -0.47213
0.98834 36.973 92.068 53.04 66.838 3.0021 -0.44517
0.98844 36.868 91.201 53.107 66.67 2.956 -0.41594
0.98851 36.772 90.572 53.119 66.516 2.9027 -0.38501
0.98853 36.687 90.234 53.062 66.387 2.8421 -0.35302
0.98852 36.617 90.222 52.922 66.291 2.7738 -0.32066
0.98848 36.562 90.548 52.691 66.233 2.6973 -0.28863
0.98842 36.522 91.199 52.366 66.215 2.6113 -0.25764
0.98835 36.499 92.14 51.95 66.237 2.5148 -0.22836
0.98827 36.493 93.312 51.454 66.293 2.4065 -0.20141
0.98818 36.504 94.636 50.894 66.377 2.2856 -0.17731
0.9881 36.533 96.022 50.292 66.478 2.1517 -0.1565
0.98802 36.581 97.373 49.675 66.584 2.0049 -0.13932
0.98794 36.65 98.593 49.072 66.685 1.8466 -0.12602
0.98787 36.739 99.594 48.513 66.768 1.6788 -0.11673
0.98779 36.85 100.3 48.028 66.825 1.5048 -0.11155
0.98772 36.979 100.67 47.641 66.849 1.329 -0.11049
0.98764 37.123 100.66 47.373 66.837 1.1567 -0.11351
0.98755 37.276 100.27 47.236 66.789 0.99378 -0.12057
0.98747 37.428 99.534 47.234 66.709 0.84662 -0.1316
0.98739 37.569 98.483 47.363 66.603 0.72163 -0.14654
0.98732 37.686 97.183 47.611 66.478 0.62482 -0.16531
0.98727 37.766 95.708 47.955 66.344 0.56146 -0.18782
0.98723 37.796 94.138 48.368 66.208 0.53562 -0.21397
0.98722 37.762 92.551 48.818 66.08 0.54993 -0.24361
0.98724 37.656 91.022 49.269 65.965 0.60531 -0.27652
0.98728 37.47 89.614 49.687 65.867 0.70087 -0.31242
0.98735 37.203 88.374 50.038 65.789 0.83394 -0.35092
0.98744 36.857 87.334 50.293 65.729 1.0001 -0.39154
0.98753 36.438 86.506 50.431 65.687 1.1938 -0.43368
0.98763 35.96 85.889 50.437 65.661 1.408 -0.47664
0.98773 35.44 85.463 50.304 65.647 1.6355 -0.51967
0.98781 34.898 85.199 50.034 65.643 1.8688 -0.56196
0.98787 34.359 85.059 49.64 65.649 2.1007 -0.60267
0.98791 33.846 85.002 49.138 65.662 2.325 -0.64101
0.98792 33.386 84.987 48.554 65.683 2.5365 -0.67626
0.98791 33.003 84.975 47.915 65.714 2.7316 -0.70779
0.98787 32.717 84.936 47.253 65.757 2.9084 -0.73514
0.98783 32.546 84.847 46.6 65.813 3.0664 -0.75799
0.98778 32.501 84.695 45.986 65.883 3.2069 -0.77621
0.98772 32.588 84.478 45.439 65.967 3.3324 -0.78986
0.98768 32.805 84.204 44.981 66.064 3.4464 -0.79915
0.98764 33.142 83.89 44.631 66.169 3.5529 -0.80446
0.98763 33.584 83.557 44.4 66.279 3.6562 -0.80626
0.98763 34.108 83.232 44.294 66.385 3.7602 -0.80514
0.98765 34.685 82.942 44.311 66.48 3.8681 -0.80169
0.98768 35.284 82.713 44.446 66.557 3.9821 -0.79655
0.98772 35.872 82.565 44.685 66.606 4.1032 -0.79029
0.98776 36.416 82.512 45.014 66.622 4.231 -0.78348
0.98779 36.884 82.562 45.413 66.598 4.3638 -0.77658
0.98781 37.252 82.712 45.861 66.532 4.4987 -0.77
0.98781 37.5 82.952 46.336 66.423 4.632 -0.76406
0.98778 37.617 83.265 46.817 66.272 4.7593 -0.75902
0.98773 37.599 83.628 47.282 66.084 4.8757 -0.75505
0.98765 37.453 84.018 47.712 65.864 4.9769 -0.7523
0.98754 37.191 84.409 48.091 65.621 5.0587 -0.75087
0.98741 36.834 84.778 48.406 65.363 5.118 -0.75085
0.98727 36.408 85.111 48.646 65.099 5.1528 -0.75229
0.98712 35.942 85.395 48.805 64.838 5.1622 -0.75524
0.98697 35.467 85.631 48.881 64.588 5.1468 -0.75972
0.98683 35.009 85.823 48.873 64.356 5.1083 -0.76572
0.9867 34.596 85.988 48.784 64.148 5.0498 -0.77323
0.9866 34.247 86.146 48.622 63.967 4.9749 -0.78216
0.98652 33.976 86.324 48.392 63.816 4.8881 -0.79238
0.98648 33.79 86.549 48.105 63.697 4.7942 -0.80371
0.98647 33.689 86.85 47.771 63.608 4.6978 -0.81593
0.9865 33.667 87.251 47.401 63.551 4.603 -0.82875
0.98655 33.712 87.768 47.005 63.523 4.5137 -0.84186
0.98662 33.81 88.412 46.592 63.523 4.4324 -0.85493
0.98671 33.942 89.179 46.172 63.549 4.3611 -0.86764
0.98681 34.089 90.056 45.752 63.6 4.3005 -0.8797
0.9869 34.235 91.018 45.339 63.675 4.2505 -0.89086
0.98699 34.363 92.028 44.936 63.773 4.21 -0.90095
0.98705 34.462 93.041 44.55 63.893 4.1773 -0.90987
0.9871 34.523 94.005 44.182 64.035 4.1503 -0.91761
0.98712 34.541 94.865 43.836 64.199 4.1265 -0.92426
0.98712 34.517 95.566 43.516 64.385 4.1038 -0.92994
0.9871 34.454 96.058 43.227 64.593 4.0798 -0.93484
0.98707 34.359 96.299 42.973 64.821 4.053 -0.93917
0.98704 34.241 96.257 42.762 65.068 4.0222 -0.94311
0.98702 34.112 95.917 42.603 65.334 3.9867 -0.9468
0.987 33.983 95.276 42.509 65.614 3.9466 -0.95032
0.98702 33.867 94.353 42.49 65.907 3.9024 -0.95364
0.98705 33.776 93.179 42.563 66.207 3.8549 -0.95661
0.98712 33.721 91.803 42.743 66.508 3.8055 -0.95898
0.98722 33.712 90.286 43.043 66.806 3.7554 -0.96039
0.98733 33.756 88.697 43.477 67.092 3.7059 -0.9604
0.98746 33.859 87.111 44.057 67.36 3.6581 -0.95851
0.9876 34.024 85.606 44.79 67.601 3.6126 -0.95423
0.98773 34.252 84.255 45.676 67.809 3.57 -0.94709
0.98784 34.541 83.124 46.714 67.976 3.5301 -0.93673
0.98791 34.885 82.269 47.89 68.097 3.4927 -0.92292
0.98795 35.277 81.735 49.187 68.168 3.4571 -0.90562
0.98793 35.707 81.55 50.579 68.189 3.4222 -0.88496
0.98785 36.163 81.727 52.032 68.161 3.3872 -0.86135
0.98771 36.631 82.263 53.509 68.089 3.3511 -0.8354
0.9875 37.096 83.139 54.964 67.98 3.3131 -0.8079
0.98723 37.541 84.321 56.353 67.844 3.2727 -0.77985
0.98691 37.951 85.761 57.63 67.694 3.2297 -0.75236
0.98655 38.311 87.403 58.75 67.541 3.1843 -0.72657
0.98616 38.606 89.18 59.674 67.4 3.1372 -0.70364
0.98577 38.825 91.02 60.371 67.282 3.0893 -0.68461
0.98539 38.958 92.848 60.818 67.196 3.042 -0.67037
0.98506 39.001 94.593 61.004 67.148 2.9967 -0.6616
0.98479 38.951 96.182 60.929 67.14 2.9552 -0.65868
0.9846 38.814 97.554 60.608 67.17 2.919 -0.66168
0.9845 38.594 98.653 60.066 67.232 2.8899 -0.67036
0.98451 38.306 99.44 59.337 67.315 2.869 -0.68416
0.98461 37.963 99.886 58.466 67.406 2.8575 -0.70223
0.9848 37.585 99.981 57.502 67.489 2.8561 -0.72351
0.98508 37.19 99.734 56.498 67.551 2.8652 -0.74674
0.98542 36.801 99.169 55.505 67.578 2.8846 -0.7706
0.98579 36.434 98.328 54.57 67.557 2.914 -0.79373
0.98619 36.108 97.268 53.733 67.482 2.9523 -0.81487
0.98659 35.835 96.056 53.024 67.35 2.9983 -0.83289
0.98696 35.624 94.768 52.462 67.162 3.0501 -0.84689
0.9873 35.476 93.48 52.053 66.924 3.1058 -0.8562
0.98759 35.39 92.265 51.793 66.646 3.1629 -0.86048
0.98783 35.356 91.187 51.664 66.34 3.2187 -0.85965
0.98801 35.362 90.298 51.641 66.022 3.2705 -0.85395
0.98813 35.392 89.632 51.691 65.707 3.3154 -0.84386
0.98821 35.427 89.206 51.779 65.408 3.3503 -0.83009
0.98823 35.449 89.014 51.868 65.138 3.3725 -0.81351
0.98822 35.438 89.033 51.926 64.907 3.3795 -0.79509
0.98817 35.381 89.224 51.924 64.721 3.3693 -0.77585
0.9881 35.267 89.533 51.845 64.583 3.3403 -0.7568
0.98801 35.091 89.9 51.677 64.495 3.2919 -0.73888
0.98791 34.854 90.261 51.423 64.454 3.2241 -0.72292
0.98781 34.562 90.558 51.092 64.455 3.1381 -0.70961
0.98771 34.23 90.74 50.704 64.495 3.0359 -0.69949
0.98763 33.874 90.769 50.285 64.567 2.9205 -0.69292
0.98756 33.519 90.628 49.867 64.665 2.7959 -0.6901
0.98751 33.187 90.314 49.481 64.784 2.6666 -0.69106
0.98748 32.905 89.847 49.16 64.919 2.5378 -0.69567
0.98746 32.696 89.261 48.932 65.065 2.4147 -0.70369
0.98746 32.581 88.605 48.82 65.22 2.3026 -0.71475
0.98748 32.574 87.937 48.84 65.38 2.2062 -0.72837
0.98749 32.684 87.315 48.998 65.543 2.1296 -0.74399
0.98751 32.913 86.796 49.293 65.706 2.0755 -0.76096
0.98752 33.253 86.426 49.716 65.868 2.0453 -0.7786
0.98752 33.689 86.237 50.252 66.025 2.0391 -0.79613
0.98751 34.201 86.247 50.88 66.178 2.0551 -0.81277
0.9875 34.761 86.453 51.574 66.325 2.0899 -0.82768
0.98747 35.34 86.838 52.309 66.464 2.1386 -0.84006
0.98743 35.905 87.369 53.06 66.598 2.1951 -0.84908
0.98739 36.429 88.005 53.803 66.725 2.2525 -0.85399
0.98736 36.886 88.698 54.517 66.847 2.3031 -0.85411
0.98733 37.256 89.402 55.188 66.966 2.3394 -0.84888
0.9873 37.527 90.075 55.803 67.084 2.3542 -0.83789
0.98729 37.695 90.682 56.356 67.204 2.3415 -0.82091
0.98728 37.766 91.203 56.845 67.325 2.2964 -0.79796
0.98729 37.75 91.624 57.272 67.451 2.2157 -0.76926
0.98731 37.668 91.946 57.641 67.579 2.0984 -0.73532
0.98733 37.541 92.174 57.959 67.71 1.9455 -0.69686
0.98735 37.399 92.32 58.234 67.839 1.76 -0.65486
0.98738 37.268 92.396 58.473 67.964 1.547 -0.6105
0.9874 37.176 92.414 58.684 68.077 1.3132 -0.56509
0.98742 37.144 92.378 58.875 68.174 1.0667 -0.52005
0.98743 37.19 92.288 59.05 68.249 0.81645 -0.47681
0.98743 37.324 92.138 59.214 68.294 0.57161 -0.43672
0.98743 37.547 91.915 59.368 68.304 0.34125 -0.40104
0.98741 37.853 91.608 59.514 68.277 0.13366 -0.37079
0.98739 38.227 91.203 59.65 68.211 -0.044084 -0.34671
0.98736 38.646 90.691 59.774 68.106 -0.1865 -0.32924
0.98733 39.083 90.073 59.881 67.966 -0.29001 -0.31848
0.9873 39.504 89.358 59.966 67.795 -0.35312 -0.31414
0.98728 39.879 88.566 60.021 67.602 -0.3764 -0.31561
0.98727 40.176 87.729 60.038 67.397 -0.36245 -0.32197
0.98727 40.369 86.888 60.006 67.188 -0.31562 -0.33207
0.98728 40.436 86.088 59.916 66.989 -0.24174 -0.34457
0.9873 40.365 85.379 59.758 66.808 -0.14765 -0.35806
0.98733 40.151 84.806 59.522 66.654 -0.040804 -0.37112
0.98738 39.799 84.408 59.199 66.536 0.071237 -0.38246
0.98743 39.323 84.212 58.783 66.457 0.18126 -0.39095
0.98748 38.745 84.235 58.272 66.42 0.28281 -0.39572
0.98753 38.09 84.475 57.667 66.424 0.37052 -0.39621
0.98757 37.391 84.92 56.972 66.464 0.44041 -0.39218
0.9876 36.683 85.541 56.198 66.536 0.48997 -0.38373
0.98761 35.998 86.302 55.36 66.63 0.51828 -0.37127
0.98759 35.37 87.159 54.478 66.735 0.52589 -0.35546
0.98755 34.826 88.064 53.574 66.841 0.51471 -0.3372
0.98748 34.387 88.97 52.674 66.935 0.48775 -0.31747
0.98738 34.07 89.833 51.807 67.006 0.44887 -0.29735
0.98727 33.882 90.615 50.998 67.042 0.40245 -0.27784
0.98714 33.823 91.287 50.274 67.037 0.35305 -0.25985
0.98701 33.884 91.83 49.655 66.982 0.30512 -0.24413
0.98689 34.052 92.235 49.159 66.876 0.26271 -0.23119
0.98679 34.303 92.503 48.795 66.718 0.22924 -0.22131
0.98672 34.613 92.644 48.565 66.512 0.20735 -0.21451
0.98668 34.954 92.677 48.464 66.265 0.19877 -0.21061
0.98669 35.293 92.625 48.478 65.988 0.20431 -0.20921
0.98674 35.603 92.517 48.587 65.693 0.22387 -0.20978
0.98684 35.855 92.383 48.763 65.394 0.25655 -0.21171
0.98697 36.025 92.252 48.977 65.104 0.30073 -0.21437
0.98714 36.093 92.149 49.193 64.837 0.35428 -0.21715
0.98732 36.047 92.096 49.379 64.604 0.4147 -0.21954
0.98751 35.879 92.106 49.502 64.414 0.47931 -0.22117
0.98768 35.59 92.183 49.534 64.274 0.54544 -0.22179
0.98784 35.187 92.325 49.455 64.186 0.61055 -0.22133
0.98797 34.683 92.519 49.25 64.15 0.6724 -0.21987
0.98806 34.099 92.749 48.913 64.164 0.72909 -0.21759
0.98811 33.461 92.992 48.448 64.22 0.77917 -0.2148
0.98812 32.798 93.221 47.868 64.313 0.82166 -0.21183
0.9881 32.142 93.413 47.192 64.434 0.85602 -0.20902
0.98804 31.524 93.545 46.448 64.573 0.88214 -0.20669
0.98797 30.975 93.602 45.665 64.723 0.90031 -0.20505
0.98788 30.523 93.574 44.878 64.875 0.91109 -0.20426
0.98778 30.189 93.46 44.121 65.023 0.9153 -0.20433
0.98769 29.99 93.27 43.426 65.162 0.91392 -0.20515
0.9876 29.934 93.018 42.821 65.287 0.90801 -0.20653
0.98752 30.021 92.725 42.328 65.396 0.89865 -0.20818
0.98745 30.242 92.416 41.963 65.489 0.88688 -0.20976
0.98739 30.582 92.113 41.734 65.565 0.87368 -0.21089
0.98733 31.019 91.84 41.642 65.627 0.85991 -0.21123
0.98728 31.525 91.611 41.68 65.677 0.84631 -0.21049
0.98723 32.069 91.437 41.838 65.717 0.83351 -0.20845
0.98717 32.622 91.32 42.097 65.752 0.822 -0.205
0.98711 33.152 91.252 42.437 65.785 0.81214 -0.20014
0.98704 33.634 91.223 42.839 65.818 0.80422 -0.19401
0.98696 34.047 91.214 43.279 65.854 0.7984 -0.18683
0.98689 34.377 91.207 43.741 65.896 0.79475 -0.17895
0.98682 34.615 91.185 44.206 65.944 0.79327 -0.17075
0.98676 34.763 91.132 44.662 65.998 0.79387 -0.16269
0.98673 34.826 91.041 45.101 66.058 0.79638 -0.1552
0.98672 34.816 90.909 45.519 66.123 0.80054 -0.1487
0.98676 34.75 90.743 45.914 66.188 0.806 -0.14356
0.98685 34.648 90.557 46.288 66.253 0.81233 -0.14006
0.98697 34.528 90.37 46.647 66.314 0.81901 -0.13837
0.98714 34.412 90.205 46.994 66.367 0.82544 -0.13856
0.98735 34.317 90.086 47.336 66.41 0.83096 -0.14057
0.98758 34.26 90.034 47.677 66.44 0.83488 -0.14424
0.98782 34.25 90.067 48.021 66.454 0.83647 -0.14931
0.98804 34.297 90.194 48.368 66.452 0.83505 -0.15546
0.98824 34.403 90.419 48.719 66.433 0.82998 -0.16231
0.98839 34.568 90.734 49.072 66.396 0.82075 -0.16945
0.98846 34.787 91.127 49.422 66.341 0.80699 -0.17649
0.98845 35.053 91.575 49.765 66.271 0.78849 -0.18308
0.98834 35.356 92.052 50.095 66.187 0.76527 -0.18891
0.98813 35.685 92.533 50.408 66.09 0.73759 -0.19376
0.9878 36.03 92.989 50.698 65.983 0.7059 -0.19749
0.98738 36.377 93.397 50.963 65.869 0.67091 -0.20005
0.98686 36.718 93.74 51.2 65.751 0.63349 -0.20147
0.98627 37.043 94.008 51.408 65.631 0.59467 -0.20186
0.98562 37.345 94.196 51.586 65.514 0.55555 -0.20137
0.98496 37.619 94.309 51.737 65.401 0.51726 -0.20021
0.9843 37.861 94.357 51.862 65.295 0.48089 -0.19861
