//co2 data for Study 20 _2
steady: none
chosen_param: SaO2sup, Pa_CO2, P_a, Vmca_d, TOI_d, HbT_d, CCO_d
time_step: 1.0
******
0.97115 37.435 68.396 34.17 65.557 -0.27453 0.062802
0.97097 37.503 68.159 34.161 65.575 -0.23985 0.060228
0.97078 37.587 68 34.165 65.578 -0.21051 0.059453
0.97062 37.683 67.92 34.182 65.564 -0.18536 0.060322
0.9705 37.785 67.915 34.207 65.534 -0.16326 0.0626
0.97045 37.887 67.976 34.238 65.489 -0.14324 0.065995
0.97047 37.987 68.086 34.271 65.435 -0.12458 0.070182
0.97057 38.08 68.229 34.303 65.375 -0.10693 0.074826
0.97075 38.163 68.389 34.333 65.317 -0.090283 0.079602
0.971 38.235 68.549 34.358 65.268 -0.075006 0.084208
0.97132 38.296 68.697 34.381 65.233 -0.061777 0.088373
0.97167 38.346 68.829 34.402 65.219 -0.051499 0.091867
0.97205 38.386 68.942 34.422 65.228 -0.04519 0.094505
0.97242 38.417 69.041 34.445 65.263 -0.04386 0.096148
0.97277 38.441 69.138 34.474 65.323 -0.048388 0.096705
0.97305 38.459 69.245 34.512 65.405 -0.059411 0.096132
0.97327 38.473 69.377 34.561 65.505 -0.077232 0.094438
0.97339 38.483 69.547 34.622 65.616 -0.10177 0.091679
0.97343 38.491 69.767 34.697 65.732 -0.13252 0.087964
0.97337 38.497 70.04 34.784 65.847 -0.16858 0.083446
0.97325 38.5 70.367 34.883 65.954 -0.20871 0.078329
0.97309 38.502 70.738 34.991 66.047 -0.25139 0.072851
0.97291 38.501 71.14 35.103 66.125 -0.29493 0.067283
0.97275 38.498 71.554 35.215 66.185 -0.33759 0.061913
0.97265 38.492 71.955 35.323 66.227 -0.37768 0.057033
0.97264 38.485 72.322 35.422 66.254 -0.41369 0.052919
0.97275 38.476 72.632 35.506 66.27 -0.44439 0.049816
0.973 38.467 72.867 35.571 66.277 -0.46885 0.047919
0.97338 38.457 73.014 35.613 66.281 -0.48654 0.047352
0.97391 38.448 73.068 35.63 66.287 -0.49732 0.048161
0.97455 38.44 73.03 35.619 66.296 -0.50138 0.050298
0.97528 38.433 72.905 35.58 66.313 -0.49928 0.053623
0.97608 38.426 72.708 35.514 66.337 -0.49179 0.057904
0.9769 38.419 72.454 35.423 66.368 -0.47985 0.062827
0.97773 38.411 72.16 35.31 66.405 -0.4645 0.068013
0.97851 38.401 71.846 35.18 66.443 -0.44676 0.07304
0.97924 38.387 71.528 35.04 66.48 -0.42757 0.077472
0.97988 38.368 71.218 34.896 66.512 -0.40772 0.080884
0.98042 38.344 70.927 34.757 66.537 -0.38783 0.082901
0.98086 38.315 70.661 34.632 66.552 -0.36835 0.083219
0.98119 38.282 70.423 34.528 66.558 -0.34952 0.08164
0.98141 38.245 70.214 34.454 66.554 -0.33146 0.078084
0.98153 38.209 70.037 34.419 66.543 -0.31418 0.07261
0.98156 38.175 69.893 34.427 66.527 -0.29767 0.065413
0.98151 38.146 69.79 34.482 66.509 -0.28192 0.056823
0.9814 38.126 69.738 34.587 66.491 -0.267 0.047285
0.98123 38.119 69.75 34.739 66.478 -0.2531 0.037336
0.98102 38.125 69.844 34.933 66.47 -0.24051 0.027569
0.9808 38.148 70.039 35.161 66.469 -0.22963 0.018594
0.98057 38.187 70.35 35.412 66.474 -0.22097 0.010996
0.98035 38.243 70.788 35.67 66.486 -0.21503 0.0052921
0.98016 38.313 71.358 35.921 66.502 -0.21232 0.0018899
0.98002 38.394 72.051 36.145 66.522 -0.21322 0.0010567
0.97992 38.483 72.845 36.325 66.543 -0.21796 0.0028952
0.97989 38.574 73.707 36.443 66.566 -0.22656 0.0073324
0.97993 38.661 74.588 36.484 66.589 -0.23877 0.01412
0.98005 38.738 75.429 36.435 66.613 -0.25412 0.022853
0.98022 38.799 76.164 36.29 66.638 -0.27193 0.032993
0.98046 38.837 76.728 36.044 66.666 -0.29137 0.043911
0.98075 38.847 77.056 35.7 66.697 -0.31153 0.054934
0.98106 38.824 77.097 35.267 66.732 -0.33154 0.065399
0.98138 38.766 76.813 34.756 66.772 -0.35063 0.074701
0.98169 38.67 76.189 34.186 66.817 -0.36826 0.082344
0.98197 38.539 75.232 33.578 66.867 -0.38415 0.087982
0.98221 38.375 73.972 32.955 66.92 -0.3983 0.091446
0.9824 38.183 72.464 32.343 66.977 -0.41095 0.092756
0.98252 37.971 70.783 31.766 67.035 -0.42255 0.092121
0.98257 37.747 69.018 31.246 67.094 -0.4336 0.089921
0.98256 37.523 67.268 30.803 67.152 -0.44453 0.086669
0.98251 37.308 65.633 30.451 67.209 -0.45554 0.082973
0.98241 37.115 64.207 30.2 67.265 -0.46642 0.079476
0.98229 36.955 63.072 30.056 67.319 -0.47646 0.076803
0.98217 36.837 62.291 30.016 67.371 -0.48435 0.075502
0.98206 36.768 61.904 30.075 67.421 -0.48816 0.076
0.98198 36.754 61.929 30.222 67.466 -0.48546 0.078556
0.98195 36.796 62.353 30.441 67.505 -0.47347 0.083246
0.98196 36.894 63.145 30.716 67.535 -0.44931 0.089948
0.98204 37.042 64.247 31.029 67.554 -0.41037 0.098358
0.98215 37.232 65.588 31.359 67.559 -0.35464 0.10801
0.98231 37.452 67.084 31.688 67.547 -0.28114 0.11831
0.98248 37.689 68.646 32.001 67.517 -0.19027 0.12861
0.98265 37.925 70.184 32.283 67.469 -0.084145 0.13822
0.9828 38.146 71.615 32.523 67.402 0.033294 0.14651
0.98291 38.335 72.866 32.714 67.318 0.15618 0.15292
0.98297 38.477 73.878 32.851 67.222 0.27691 0.15701
0.98295 38.561 74.61 32.934 67.116 0.38643 0.15851
0.98286 38.58 75.038 32.964 67.007 0.47479 0.15728
0.98269 38.533 75.158 32.947 66.898 0.5318 0.15339
0.98245 38.424 74.982 32.889 66.796 0.54783 0.14701
0.98215 38.264 74.539 32.798 66.705 0.51466 0.13846
0.9818 38.07 73.871 32.683 66.628 0.42636 0.12812
0.98142 37.866 73.029 32.553 66.57 0.28004 0.11642
0.98103 37.68 72.07 32.416 66.531 0.076481 0.10379
0.98064 37.544 71.053 32.282 66.513 -0.17948 0.090642
0.98027 37.49 70.031 32.159 66.515 -0.47882 0.077315
0.97992 37.548 69.057 32.052 66.537 -0.80853 0.064083
0.97962 37.746 68.171 31.968 66.576 -1.1521 0.051137
0.97936 38.103 67.406 31.912 66.632 -1.4906 0.038595
0.97915 38.631 66.784 31.885 66.702 -1.8032 0.02651
0.97898 39.33 66.318 31.891 66.783 -2.0691 0.014896
0.97886 40.192 66.012 31.929 66.873 -2.2686 0.0037436
0.97877 41.195 65.86 32 66.971 -2.3845 -0.0069504
0.97871 42.309 65.852 32.103 67.073 -2.4034 -0.017167
0.97868 43.495 65.974 32.234 67.178 -2.3167 -0.026849
0.97866 44.71 66.208 32.392 67.284 -2.1218 -0.035893
0.97866 45.91 66.534 32.572 67.387 -1.8217 -0.04415
0.97867 47.05 66.931 32.77 67.487 -1.4257 -0.051435
0.97869 48.092 67.378 32.984 67.582 -0.94866 -0.057539
0.97873 49.005 67.853 33.208 67.67 -0.41006 -0.062249
0.97877 49.767 68.338 33.438 67.749 0.16699 -0.065374
0.97883 50.365 68.813 33.671 67.819 0.75724 -0.066766
0.9789 50.799 69.261 33.904 67.88 1.3349 -0.066342
0.97898 51.076 69.67 34.135 67.932 1.8751 -0.064101
0.97908 51.212 70.03 34.36 67.977 2.3557 -0.060138
0.97919 51.231 70.336 34.58 68.016 2.7582 -0.05465
0.9793 51.157 70.59 34.792 68.05 3.069 -0.04793
0.97942 51.018 70.795 34.995 68.083 3.2798 -0.040359
0.97954 50.841 70.962 35.19 68.115 3.3883 -0.03239
0.97966 50.649 71.103 35.376 68.15 3.3976 -0.024518
0.97978 50.463 71.233 35.55 68.189 3.3158 -0.017257
0.9799 50.298 71.365 35.712 68.233 3.1553 -0.011102
0.98003 50.164 71.509 35.86 68.282 2.9319 -0.0064933
0.98018 50.066 71.671 35.991 68.335 2.6631 -0.0037888
0.98034 50.002 71.852 36.101 68.392 2.3673 -0.0032269
0.98053 49.971 72.045 36.188 68.45 2.0626 -0.0049044
0.98076 49.964 72.237 36.249 68.508 1.7654 -0.0087581
0.98102 49.973 72.409 36.278 68.562 1.4898 -0.014557
0.98132 49.988 72.539 36.275 68.61 1.247 -0.021904
0.98166 50.002 72.603 36.236 68.651 1.0449 -0.030253
0.98204 50.006 72.576 36.16 68.682 0.88783 -0.038931
0.98244 49.996 72.438 36.047 68.702 0.77678 -0.047176
0.98285 49.969 72.174 35.899 68.712 0.70991 -0.054181
0.98327 49.924 71.775 35.721 68.711 0.68287 -0.059145
0.98367 49.867 71.242 35.515 68.702 0.6895 -0.061325
0.98406 49.802 70.586 35.29 68.686 0.72246 -0.060087
0.98441 49.737 69.826 35.053 68.667 0.77388 -0.054957
0.98472 49.684 68.993 34.813 68.648 0.83601 -0.045652
0.98499 49.65 68.12 34.58 68.631 0.90168 -0.032112
0.98521 49.646 67.251 34.363 68.62 0.96469 -0.014507
0.98538 49.68 66.426 34.172 68.617 1.0201 0.0067635
0.9855 49.758 65.687 34.015 68.623 1.0644 0.031095
0.98557 49.884 65.072 33.901 68.64 1.0955 0.057709
0.9856 50.056 64.608 33.835 68.667 1.1124 0.085699
0.9856 50.272 64.316 33.82 68.703 1.1156 0.11409
0.98557 50.525 64.204 33.86 68.748 1.106 0.14189
0.98552 50.805 64.268 33.955 68.799 1.0857 0.16815
0.98545 51.1 64.495 34.102 68.854 1.0567 0.19202
0.98538 51.398 64.86 34.299 68.911 1.0212 0.21279
0.9853 51.684 65.333 34.539 68.97 0.98154 0.22993
0.98522 51.945 65.88 34.818 69.028 0.93951 0.24308
0.98515 52.171 66.466 35.128 69.086 0.89663 0.25209
0.98509 52.353 67.058 35.461 69.145 0.85397 0.25699
0.98504 52.484 67.629 35.811 69.204 0.81218 0.25795
0.985 52.562 68.159 36.17 69.267 0.7715 0.2553
0.98497 52.586 68.635 36.531 69.333 0.73188 0.24945
0.98495 52.561 69.054 36.889 69.404 0.69305 0.24086
0.98493 52.493 69.42 37.238 69.48 0.65465 0.23004
0.98492 52.39 69.744 37.575 69.562 0.61636 0.21751
0.98491 52.26 70.041 37.894 69.648 0.57794 0.20375
0.98489 52.115 70.326 38.194 69.737 0.53936 0.18926
0.98487 51.964 70.615 38.471 69.823 0.50082 0.17449
0.98484 51.816 70.921 38.724 69.905 0.46275 0.15989
0.9848 51.677 71.252 38.948 69.977 0.42585 0.14592
0.98476 51.555 71.608 39.143 70.033 0.39096 0.13302
0.9847 51.453 71.987 39.306 70.07 0.35907 0.12166
0.98465 51.373 72.377 39.432 70.082 0.33121 0.1123
0.98459 51.315 72.764 39.521 70.068 0.30837 0.10542
0.98452 51.277 73.13 39.567 70.025 0.29142 0.10145
0.98447 51.256 73.454 39.57 69.954 0.28102 0.10078
0.98442 51.248 73.718 39.527 69.855 0.27758 0.10368
0.98437 51.249 73.905 39.436 69.735 0.28124 0.11031
0.98434 51.255 74.001 39.298 69.597 0.29181 0.12062
0.98433 51.261 73.998 39.116 69.451 0.30883 0.13439
0.98432 51.262 73.893 38.892 69.304 0.33156 0.15111
0.98433 51.257 73.689 38.634 69.166 0.35907 0.17009
0.98435 51.243 73.391 38.349 69.047 0.39028 0.19038
0.98438 51.219 73.009 38.047 68.957 0.42409 0.21086
0.98441 51.184 72.559 37.74 68.903 0.45936 0.2303
0.98444 51.142 72.053 37.442 68.892 0.49512 0.24743
0.98447 51.093 71.511 37.166 68.929 0.53052 0.26104
0.9845 51.04 70.948 36.925 69.014 0.56498 0.27007
0.98453 50.987 70.383 36.731 69.147 0.59818 0.27372
0.98455 50.937 69.837 36.595 69.322 0.63011 0.27152
0.98456 50.893 69.327 36.523 69.533 0.66105 0.26342
0.98458 50.857 68.875 36.519 69.771 0.69158 0.24979
0.9846 50.831 68.501 36.583 70.022 0.72249 0.23147
0.98463 50.815 68.223 36.707 70.276 0.75479 0.20968
0.98466 50.808 68.059 36.882 70.519 0.78953 0.18597
0.98471 50.808 68.02 37.095 70.738 0.82783 0.16213
0.98476 50.811 68.114 37.326 70.923 0.87066 0.14004
0.98482 50.815 68.339 37.556 71.065 0.91881 0.12152
0.98489 50.813 68.683 37.763 71.156 0.97275 0.10823
0.98495 50.803 69.123 37.928 71.194 1.0325 0.10145
0.98501 50.78 69.624 38.03 71.178 1.0977 0.10204
0.98507 50.742 70.139 38.055 71.111 1.1673 0.11031
0.98511 50.687 70.614 37.993 70.999 1.2398 0.12601
0.98515 50.616 70.988 37.839 70.85 1.3128 0.14833
0.98518 50.531 71.199 37.595 70.672 1.3839 0.17591
0.9852 50.434 71.191 37.273 70.477 1.4496 0.20703
0.98522 50.332 70.918 36.886 70.274 1.5067 0.23964
0.98524 50.23 70.351 36.458 70.072 1.5516 0.27162
0.98527 50.135 69.479 36.014 69.877 1.5807 0.30086
0.98531 50.052 68.32 35.583 69.696 1.5911 0.32551
0.98537 49.988 66.913 35.193 69.53 1.5803 0.3441
0.98544 49.947 65.323 34.872 69.378 1.5468 0.35565
0.98553 49.933 63.635 34.642 69.237 1.4905 0.35977
0.98565 49.948 61.951 34.52 69.104 1.4124 0.35668
0.98577 49.992 60.378 34.517 68.973 1.315 0.34721
0.98591 50.062 59.024 34.633 68.839 1.2024 0.33271
0.98604 50.155 57.988 34.861 68.696 1.0801 0.31493
0.98618 50.265 57.352 35.185 68.543 0.95475 0.29588
0.9863 50.386 57.174 35.58 68.377 0.83376 0.27765
0.98641 50.51 57.483 36.017 68.201 0.72494 0.26226
0.98648 50.63 58.275 36.463 68.019 0.63589 0.25143
0.98653 50.74 59.513 36.881 67.836 0.57343 0.2465
0.98654 50.832 61.129 37.24 67.663 0.54296 0.24825
0.98652 50.901 63.028 37.507 67.508 0.54798 0.2569
0.98647 50.945 65.095 37.66 67.384 0.58956 0.27205
0.98639 50.962 67.202 37.682 67.302 0.66609 0.29272
0.9863 50.952 69.221 37.567 67.271 0.77319 0.31743
0.9862 50.916 71.03 37.318 67.302 0.90379 0.34434
0.9861 50.858 72.522 36.949 67.401 1.0485 0.37135
0.98602 50.782 73.615 36.482 67.569 1.1963 0.39635
0.98595 50.694 74.254 35.948 67.809 1.3351 0.41728
0.98592 50.599 74.42 35.38 68.113 1.4527 0.43239
0.98591 50.502 74.124 34.819 68.475 1.5379 0.44028
0.98594 50.411 73.411 34.303 68.881 1.5816 0.44008
0.98601 50.328 72.353 33.867 69.317 1.5769 0.43145
0.9861 50.258 71.044 33.543 69.764 1.521 0.4146
0.98621 50.204 69.593 33.353 70.205 1.4144 0.39028
0.98634 50.168 68.112 33.315 70.619 1.2621 0.35969
0.98647 50.151 66.714 33.431 70.989 1.0725 0.3244
0.98659 50.153 65.499 33.699 71.299 0.85764 0.2862
0.98669 50.173 64.548 34.104 71.538 0.63186 0.24696
0.98676 50.21 63.919 34.623 71.697 0.41104 0.20853
0.9868 50.262 63.644 35.229 71.772 0.21125 0.17258
0.9868 50.327 63.724 35.89 71.764 0.047527 0.14054
0.98675 50.402 64.135 36.569 71.68 -0.067372 0.11348
0.98665 50.483 64.83 37.235 71.529 -0.12402 0.092069
0.98651 50.567 65.743 37.857 71.323 -0.11719 0.076616
0.98631 50.65 66.797 38.408 71.079 -0.046323 0.067034
0.98607 50.73 67.911 38.87 70.812 0.084279 0.062918
0.98579 50.802 69.004 39.23 70.542 0.26572 0.063602
0.98547 50.865 70.006 39.484 70.283 0.48508 0.06824
0.98512 50.917 70.861 39.634 70.051 0.72639 0.075895
0.98476 50.956 71.528 39.689 69.857 0.97177 0.085615
0.9844 50.981 71.985 39.664 69.711 1.2028 0.096504
0.98406 50.994 72.229 39.576 69.618 1.4017 0.10778
0.98374 50.995 72.273 39.445 69.579 1.5532 0.11881
0.98348 50.984 72.144 39.291 69.593 1.645 0.12913
0.98328 50.965 71.877 39.13 69.656 1.6692 0.13844
0.98316 50.937 71.516 38.98 69.759 1.6227 0.14659
0.98314 50.903 71.101 38.851 69.894 1.5072 0.15355
0.9832 50.864 70.672 38.751 70.052 1.3298 0.15938
0.98336 50.822 70.26 38.685 70.222 1.1015 0.16418
0.98361 50.776 69.891 38.651 70.394 0.83717 0.16807
0.98393 50.728 69.575 38.648 70.559 0.55419 0.17116
0.9843 50.676 69.317 38.67 70.711 0.27119 0.17353
0.98471 50.623 69.111 38.712 70.841 0.0068452 0.17523
0.98512 50.566 68.942 38.766 70.947 -0.22144 0.17625
0.98552 50.505 68.793 38.828 71.024 -0.39866 0.17657
0.98588 50.442 68.645 38.894 71.071 -0.51316 0.17616
0.98619 50.375 68.48 38.962 71.087 -0.55737 0.17499
0.98642 50.305 68.286 39.032 71.072 -0.5282 0.17307
0.98657 50.234 68.055 39.105 71.027 -0.42712 0.17046
0.98664 50.163 67.79 39.185 70.956 -0.25996 0.16726
0.98664 50.094 67.499 39.275 70.86 -0.036426 0.16364
0.98657 50.031 67.2 39.378 70.745 0.23066 0.15984
0.98646 49.975 66.915 39.496 70.613 0.52624 0.15612
0.98633 49.931 66.672 39.631 70.47 0.83403 0.1528
0.98619 49.899 66.498 39.779 70.321 1.1376 0.15021
0.98606 49.884 66.42 39.938 70.171 1.4213 0.14866
0.98597 49.885 66.459 40.101 70.024 1.6713 0.14845
0.98592 49.903 66.632 40.258 69.886 1.8763 0.14984
0.98591 49.937 66.944 40.401 69.761 2.0278 0.15301
0.98595 49.984 67.394 40.517 69.654 2.1209 0.15813
0.98603 50.041 67.966 40.597 69.567 2.1541 0.16526
0.98615 50.104 68.637 40.629 69.504 2.1293 0.17443
0.98629 50.166 69.375 40.607 69.466 2.0513 0.18562
0.98644 50.222 70.138 40.525 69.455 1.9274 0.19876
0.98659 50.267 70.883 40.382 69.47 1.7671 0.21376
0.98673 50.296 71.564 40.178 69.51 1.5808 0.23047
0.98686 50.306 72.138 39.92 69.572 1.3796 0.24877
0.98698 50.295 72.567 39.617 69.653 1.1746 0.26846
0.98707 50.263 72.824 39.279 69.749 0.97583 0.28935
0.98714 50.213 72.893 38.922 69.854 0.79224 0.3112
0.98719 50.148 72.772 38.558 69.961 0.631 0.33375
0.98721 50.073 72.471 38.204 70.066 0.49733 0.35664
0.98721 49.995 72.015 37.873 70.161 0.39436 0.37951
0.98719 49.92 71.439 37.577 70.242 0.32312 0.4019
0.98714 49.857 70.783 37.326 70.302 0.28268 0.42332
0.98707 49.809 70.093 37.128 70.339 0.27033 0.44322
0.98698 49.784 69.414 36.985 70.35 0.28195 0.46103
0.98686 49.783 68.785 36.897 70.333 0.31232 0.47616
0.98672 49.809 68.241 36.864 70.288 0.3555 0.48808
0.98657 49.86 67.803 36.878 70.216 0.40525 0.49629
0.98641 49.936 67.486 36.934 70.12 0.45538 0.50039
0.98624 50.033 67.291 37.023 70.005 0.50007 0.50014
0.98608 50.145 67.212 37.136 69.877 0.5342 0.49544
0.98593 50.268 67.234 37.265 69.741 0.55354 0.48638
0.98581 50.395 67.339 37.403 69.606 0.55495 0.47325
0.98571 50.521 67.504 37.542 69.479 0.53642 0.45655
0.98564 50.64 67.707 37.679 69.367 0.49717 0.43696
0.98561 50.75 67.926 37.81 69.277 0.4376 0.41537
0.98562 50.847 68.142 37.933 69.215 0.35915 0.39275
0.98565 50.928 68.342 38.049 69.184 0.26427 0.37019
0.98572 50.994 68.516 38.16 69.187 0.15616 0.34884
0.9858 51.044 68.658 38.265 69.222 0.038593 0.32978
0.98589 51.079 68.768 38.369 69.289 -0.084265 0.31405
0.98597 51.103 68.848 38.472 69.382 -0.20812 0.30254
0.98605 51.115 68.905 38.577 69.496 -0.32877 0.29594
0.98611 51.119 68.944 38.682 69.624 -0.44227 0.29474
0.98615 51.117 68.974 38.788 69.759 -0.54516 0.29915
0.98616 51.11 69.003 38.892 69.893 -0.63459 0.30911
0.98615 51.1 69.04 38.992 70.018 -0.70844 0.3243
0.98611 51.089 69.088 39.084 70.127 -0.76539 0.34412
0.98605 51.076 69.153 39.164 70.216 -0.80494 0.36776
0.98597 51.061 69.237 39.227 70.281 -0.82738 0.3942
0.98587 51.045 69.339 39.272 70.318 -0.83377 0.4223
0.98576 51.026 69.454 39.294 70.329 -0.82581 0.45084
0.98564 51.003 69.578 39.293 70.313 -0.80573 0.47856
0.98552 50.977 69.703 39.27 70.274 -0.77615 0.5043
0.98539 50.944 69.818 39.227 70.216 -0.73992 0.52698
0.98525 50.906 69.914 39.17 70.143 -0.69996 0.5457
0.9851 50.862 69.983 39.104 70.061 -0.65911 0.55979
0.98494 50.811 70.015 39.038 69.976 -0.62002 0.56882
0.98478 50.754 70.005 38.981 69.893 -0.58499 0.57264
0.98461 50.692 69.951 38.942 69.817 -0.55593 0.57138
0.98445 50.627 69.856 38.929 69.752 -0.53424 0.56545
0.9843 50.56 69.726 38.951 69.701 -0.52086 0.55548
0.98417 50.494 69.57 39.013 69.664 -0.51617 0.54232
0.98407 50.43 69.405 39.118 69.642 -0.52012 0.52693
0.98401 50.371 69.25 39.265 69.632 -0.53217 0.51036
0.984 50.318 69.124 39.452 69.631 -0.55143 0.49368
0.98404 50.275 69.051 39.669 69.637 -0.57668 0.47788
0.98415 50.242 69.052 39.908 69.646 -0.60651 0.46382
0.9843 50.222 69.145 40.155 69.652 -0.63936 0.45221
0.98449 50.216 69.342 40.396 69.651 -0.67363 0.44349
0.98472 50.224 69.647 40.614 69.642 -0.70775 0.4379
0.98496 50.248 70.056 40.796 69.62 -0.74026 0.43541
0.9852 50.288 70.55 40.927 69.585 -0.76991 0.43576
0.98541 50.344 71.102 40.998 69.536 -0.79565 0.43847
0.98559 50.414 71.675 41 69.473 -0.81672 0.44292
0.98572 50.497 72.225 40.932 69.396 -0.83268 0.44838
0.98579 50.591 72.704 40.794 69.308 -0.84337 0.45407
0.9858 50.694 73.068 40.595 69.21 -0.84897 0.45925
0.98575 50.801 73.279 40.344 69.106 -0.84992 0.46325
0.98565 50.908 73.31 40.056 68.998 -0.84694 0.46553
0.9855 51.013 73.15 39.748 68.889 -0.84094 0.46572
0.98531 51.11 72.806 39.436 68.783 -0.83298 0.46363
0.98511 51.196 72.301 39.138 68.684 -0.82422 0.45928
0.98488 51.269 71.675 38.87 68.593 -0.81584 0.45286
0.98466 51.325 70.98 38.644 68.516 -0.80898 0.4447
0.98445 51.364 70.276 38.469 68.454 -0.80469 0.43529
0.98425 51.384 69.62 38.348 68.412 -0.80386 0.42515
0.98408 51.386 69.067 38.281 68.39 -0.80723 0.41484
0.98395 51.371 68.66 38.263 68.391 -0.81531 0.40492
0.98385 51.342 68.425 38.285 68.415 -0.82841 0.39586
0.98379 51.301 68.371 38.336 68.461 -0.84661 0.38805
0.98378 51.252 68.488 38.401 68.526 -0.86979 0.38173
0.98381 51.197 68.75 38.469 68.607 -0.89765 0.37704
0.98388 51.141 69.116 38.527 68.699 -0.9297 0.37396
0.98399 51.087 69.537 38.566 68.797 -0.96531 0.37235
0.98414 51.037 69.959 38.579 68.895 -1.0038 0.37195
0.9843 50.995 70.333 38.566 68.985 -1.0442 0.37243
0.98447 50.96 70.614 38.527 69.063 -1.0856 0.37338
0.98464 50.936 70.773 38.469 69.122 -1.1272 0.3744
0.98481 50.921 70.792 38.402 69.159 -1.1679 0.37507
0.98495 50.917 70.671 38.337 69.171 -1.2066 0.37502
0.98507 50.921 70.427 38.286 69.156 -1.2425 0.37394
0.98516 50.933 70.091 38.259 69.116 -1.2747 0.37162
0.98523 50.952 69.704 38.266 69.051 -1.3024 0.36791
0.98527 50.976 69.316 38.312 68.966 -1.3253 0.36281
0.9853 51.003 68.981 38.398 68.865 -1.3431 0.35641
0.98532 51.032 68.75 38.518 68.754 -1.356 0.34889
0.98534 51.06 68.667 38.662 68.64 -1.3645 0.34056
0.98538 51.085 68.766 38.815 68.527 -1.3698 0.33176
0.98544 51.105 69.064 38.959 68.423 -1.3731 0.32293
0.98553 51.118 69.563 39.073 68.334 -1.3764 0.31453
0.98565 51.121 70.243 39.133 68.264 -1.3819 0.30703
0.9858 51.111 71.065 39.121 68.217 -1.3918 0.30089
0.98597 51.086 71.971 39.019 68.194 -1.4087 0.29651
0.98616 51.044 72.889 38.814 68.195 -1.4346 0.29425
0.98636 50.984 73.734 38.502 68.219 -1.4715 0.29437
0.98654 50.905 74.419 38.083 68.261 -1.5205 0.29703
0.98669 50.808 74.86 37.567 68.317 -1.5819 0.30227
0.9868 50.694 74.983 36.972 68.381 -1.6553 0.31001
0.98686 50.567 74.733 36.32 68.445 -1.7389 0.32006
0.98686 50.429 74.082 35.64 68.502 -1.8299 0.33212
0.9868 50.288 73.03 34.963 68.546 -1.9246 0.34578
0.98668 50.147 71.61 34.321 68.571 -2.0184 0.36058
0.98651 50.014 69.886 33.743 68.573 -2.106 0.37598
0.9863 49.894 67.949 33.256 68.551 -2.1819 0.39145
0.98606 49.793 65.911 32.879 68.504 -2.241 0.40644
0.98583 49.718 63.897 32.624 68.436 -2.2786 0.42044
0.9856 49.671 62.033 32.496 68.353 -2.291 0.43299
0.98539 49.655 60.436 32.489 68.26 -2.276 0.44372
0.98523 49.673 59.205 32.593 68.167 -2.2333 0.45234
0.98511 49.724 58.412 32.787 68.082 -2.1643 0.45863
0.98504 49.807 58.096 33.049 68.014 -2.0725 0.46248
0.98501 49.921 58.26 33.351 67.971 -1.9636 0.46388
0.98503 50.062 58.874 33.668 67.959 -1.8445 0.46286
0.98508 50.226 59.878 33.973 67.984 -1.724 0.45952
0.98514 50.408 61.186 34.247 68.046 -1.6112 0.45403
0.98522 50.603 62.698 34.474 68.146 -1.5159 0.44655
0.98529 50.804 64.304 34.646 68.281 -1.447 0.43728
0.98534 51.005 65.9 34.762 68.446 -1.4125 0.42642
0.98538 51.199 67.39 34.827 68.634 -1.4188 0.41418
0.98539 51.379 68.695 34.854 68.836 -1.4699 0.40076
0.98538 51.538 69.758 34.86 69.042 -1.5672 0.38637
0.98534 51.669 70.546 34.867 69.243 -1.7094 0.37125
0.9853 51.768 71.051 34.895 69.429 -1.8922 0.35565
0.98524 51.83 71.287 34.967 69.591 -2.1088 0.33984
0.98519 51.853 71.289 35.099 69.721 -2.35 0.32414
0.98515 51.836 71.106 35.306 69.815 -2.6049 0.30893
0.98512 51.78 70.799 35.595 69.869 -2.8618 0.29462
0.98511 51.69 70.433 35.967 69.883 -3.1082 0.28164
0.98511 51.571 70.076 36.414 69.859 -3.3326 0.2705
0.98514 51.428 69.788 36.925 69.8 -3.5243 0.26167
0.98518 51.27 69.624 37.479 69.715 -3.6748 0.25564
0.98523 51.104 69.622 38.053 69.61 -3.7777 0.25289
0.98529 50.94 69.811 38.621 69.494 -3.8296 0.25378
0.98535 50.784 70.199 39.156 69.378 -3.8299 0.25865
0.98541 50.643 70.778 39.632 69.269 -3.7809 0.26769
0.98546 50.523 71.523 40.026 69.174 -3.6875 0.28095
0.98551 50.426 72.394 40.32 69.101 -3.5569 0.29834
0.98554 50.355 73.338 40.504 69.052 -3.3977 0.31958
0.98557 50.309 74.294 40.571 69.03 -3.2199 0.34425
0.98559 50.287 75.196 40.525 69.033 -3.0334 0.37172
0.98561 50.285 75.977 40.375 69.059 -2.8481 0.40122
0.98562 50.3 76.579 40.136 69.103 -2.6726 0.43185
0.98563 50.326 76.953 39.83 69.159 -2.5142 0.4626
0.98563 50.359 77.067 39.481 69.222 -2.3781 0.49242
0.98563 50.393 76.907 39.113 69.282 -2.2677 0.52022
0.98564 50.424 76.478 38.753 69.334 -2.1838 0.54498
0.98564 50.449 75.807 38.422 69.372 -2.1254 0.56579
0.98565 50.463 74.937 38.141 69.39 -2.0896 0.58186
0.98566 50.466 73.925 37.922 69.387 -2.0722 0.59263
0.98568 50.458 72.84 37.774 69.36 -2.0677 0.59779
0.98571 50.44 71.751 37.699 69.312 -2.0705 0.59727
0.98574 50.414 70.727 37.691 69.247 -2.0747 0.59131
0.98579 50.384 69.829 37.742 69.168 -2.0753 0.58041
0.98585 50.354 69.108 37.836 69.084 -2.0679 0.56533
0.98591 50.331 68.596 37.958 69.002 -2.0494 0.54704
0.98598 50.318 68.313 38.087 68.932 -2.0181 0.52665
0.98604 50.32 68.257 38.208 68.88 -1.974 0.50538
0.98609 50.342 68.415 38.303 68.855 -1.9183 0.48446
0.98613 50.386 68.759 38.361 68.863 -1.8534 0.46506
0.98615 50.453 69.25 38.373 68.906 -1.7831 0.44821
0.98615 50.541 69.843 38.336 68.987 -1.7114 0.43474
0.98613 50.648 70.494 38.252 69.102 -1.6429 0.42524
0.98609 50.767 71.156 38.128 69.25 -1.5821 0.42002
0.98603 50.894 71.79 37.974 69.422 -1.5331 0.41909
0.98597 51.02 72.361 37.804 69.61 -1.4992 0.42217
0.9859 51.137 72.845 37.633 69.804 -1.4826 0.42872
0.98584 51.238 73.226 37.475 69.994 -1.4845 0.43801
0.98579 51.316 73.498 37.344 70.168 -1.5048 0.4491
0.98575 51.366 73.664 37.249 70.314 -1.5422 0.461
0.98572 51.385 73.731 37.199 70.424 -1.5943 0.47267
0.98571 51.372 73.715 37.194 70.488 -1.6576 0.48311
0.98571 51.33 73.634 37.232 70.501 -1.728 0.49144
0.98572 51.262 73.506 37.305 70.458 -1.801 0.49694
0.98571 51.175 73.35 37.403 70.358 -1.8719 0.49907
0.9857 51.075 73.183 37.51 70.204 -1.9361 0.49752
0.98565 50.972 73.019 37.611 69.999 -1.9897 0.49223
0.98558 50.874 72.868 37.688 69.751 -2.0293 0.48335
0.98548 50.79 72.738 37.725 69.468 -2.0526 0.47125
0.98534 50.725 72.634 37.708 69.161 -2.0582 0.45651
0.98519 50.686 72.555 37.628 68.843 -2.0459 0.43983
0.98502 50.676 72.5 37.478 68.525 -2.0167 0.42205
0.98485 50.695 72.465 37.255 68.22 -1.9726 0.40407
0.98471 50.743 72.446 36.964 67.94 -1.9164 0.38685
0.98461 50.816 72.439 36.611 67.695 -1.8519 0.37129
0.98457 50.91 72.439 36.209 67.494 -1.783 0.35828
0.98461 51.017 72.444 35.772 67.343 -1.7143 0.34858
0.98472 51.13 72.453 35.316 67.246 -1.6501 0.34287
0.98492 51.24 72.465 34.86 67.206 -1.5946 0.34162
0.98519 51.341 72.482 34.422 67.22 -1.5511 0.34517
0.98551 51.425 72.507 34.018 67.285 -1.5227 0.3536
0.98587 51.485 72.541 33.663 67.394 -1.5112 0.36682
0.98622 51.519 72.585 33.37 67.541 -1.5177 0.38448
0.98654 51.524 72.638 33.148 67.715 -1.5419 0.40603
0.98681 51.5 72.697 33.005 67.908 -1.5827 0.4307
0.98698 51.451 72.761 32.942 68.109 -1.638 0.45753
0.98704 51.38 72.825 32.962 68.309 -1.705 0.48542
0.98697 51.295 72.888 33.06 68.499 -1.78 0.51318
0.98678 51.202 72.952 33.232 68.672 -1.8592 0.53954
0.98648 51.109 73.02 33.47 68.822 -1.9383 0.5633
0.98608 51.025 73.099 33.764 68.944 -2.0135 0.58332
0.98561 50.954 73.203 34.103 69.035 -2.0812 0.59862
0.98511 50.903 73.346 34.474 69.095 -2.1382 0.60845
0.98461 50.874 73.544 34.863 69.123 -2.1823 0.61233
0.98415 50.866 73.812 35.254 69.121 -2.2122 0.6101
0.98377 50.878 74.163 35.632 69.092 -2.2276 0.60192
0.98348 50.906 74.603 35.981 69.039 -2.2291 0.58828
0.98332 50.943 75.129 36.285 68.967 -2.2184 0.57
0.98328 50.981 75.727 36.531 68.881 -2.1978 0.54813
0.98336 51.014 76.375 36.705 68.785 -2.1705 0.52394
0.98356 51.033 77.036 36.799 68.685 -2.1401 0.49881
0.98386 51.032 77.667 36.805 68.586 -2.1102 0.47413
0.98424 51.007 78.214 36.721 68.491 -2.0843 0.45125
0.98468 50.956 78.625 36.548 68.406 -2.0658 0.43137
0.98514 50.878 78.844 36.294 68.331 -2.0573 0.41543
0.9856 50.779 78.824 35.97 68.271 -2.0605 0.4041
0.98605 50.663 78.529 35.589 68.226 -2.0763 0.39773
0.98646 50.54 77.938 35.172 68.197 -2.1047 0.39631
0.98681 50.42 77.048 34.738 68.184 -2.1444 0.39951
0.98711 50.314 75.876 34.311 68.185 -2.1935 0.40671
0.98733 50.231 74.459 33.911 68.199 -2.2491 0.41707
0.98748 50.181 72.852 33.56 68.226 -2.3081 0.42956
0.98757 50.172 71.127 33.276 68.261 -2.3669 0.44311
0.98758 50.207 69.362 33.071 68.304 -2.4221 0.45666
0.98753 50.287 67.642 32.955 68.352 -2.4709 0.46923
0.98743 50.41 66.049 32.931 68.404 -2.5107 0.48003
0.98729 50.57 64.659 32.998 68.456 -2.5404 0.48847
0.98712 50.759 63.533 33.147 68.508 -2.5596 0.49423
0.98693 50.968 62.714 33.367 68.558 -2.5695 0.49723
0.98673 51.184 62.227 33.644 68.603 -2.5722 0.49764
0.98654 51.398 62.074 33.96 68.642 -2.5711 0.49584
0.98636 51.599 62.236 34.3 68.674 -2.5705 0.49237
0.98619 51.777 62.676 34.645 68.697 -2.5755 0.48783
0.98605 51.928 63.341 34.982 68.711 -2.5912 0.48287
0.98594 52.045 64.168 35.299 68.714 -2.623 0.47809
0.98585 52.127 65.09 35.587 68.709 -2.6755 0.47396
0.98579 52.174 66.042 35.845 68.695 -2.7525 0.47082
0.98576 52.187 66.964 36.069 68.678 -2.8569 0.46883
0.98574 52.17 67.81 36.265 68.659 -2.9897 0.46794
0.98574 52.126 68.545 36.436 68.645 -3.1506 0.46795
0.98575 52.06 69.154 36.589 68.641 -3.3374 0.46849
0.98575 51.978 69.637 36.732 68.655 -3.5464 0.46909
0.98575 51.882 70.007 36.87 68.691 -3.7724 0.46921
0.98574 51.779 70.29 37.009 68.755 -4.0091 0.46834
0.98571 51.672 70.518 37.15 68.852 -4.2494 0.46602
0.98567 51.564 70.725 37.293 68.983 -4.4857 0.46187
0.9856 51.459 70.942 37.437 69.148 -4.7107 0.45569
0.98552 51.36 71.196 37.574 69.344 -4.9174 0.44744
0.98541 51.269 71.5 37.698 69.566 -5.0999 0.43726
0.9853 51.19 71.86 37.8 69.804 -5.2534 0.42546
0.98517 51.124 72.268 37.873 70.049 -5.3746 0.41249
0.98505 51.073 72.708 37.907 70.288 -5.462 0.39892
0.98493 51.037 73.152 37.897 70.508 -5.5154 0.3854
0.98484 51.017 73.571 37.837 70.697 -5.5365 0.37257
0.98478 51.012 73.93 37.728 70.844 -5.5281 0.36105
0.98475 51.019 74.197 37.569 70.941 -5.4943 0.35137
0.98477 51.034 74.345 37.366 70.982 -5.4397 0.34397
0.98484 51.054 74.355 37.125 70.966 -5.3695 0.33912
0.98496 51.071 74.215 36.856 70.894 -5.2888 0.33694
0.98511 51.081 73.926 36.569 70.774 -5.2025 0.33742
0.98529 51.078 73.497 36.276 70.613 -5.1151 0.34038
0.98548 51.055 72.947 35.988 70.422 -5.0303 0.34555
0.98566 51.011 72.303 35.716 70.215 -4.9508 0.35255
0.98582 50.942 71.594 35.471 70.003 -4.8786 0.36098
0.98594 50.848 70.856 35.261 69.799 -4.8149 0.37042
0.98599 50.733 70.122 35.091 69.611 -4.7603 0.38045
0.98599 50.601 69.422 34.966 69.448 -4.7145 0.39071
0.98591 50.46 68.784 34.888 69.313 -4.6773 0.4009
0.98578 50.318 68.226 34.857 69.21 -4.6478 0.41077
0.98559 50.187 67.762 34.868 69.138 -4.6254 0.42016
0.98537 50.076 67.395 34.919 69.094 -4.6095 0.42892
0.98514 49.997 67.125 35.004 69.072 -4.5996 0.43695
0.98491 49.958 66.941 35.114 69.069 -4.5952 0.44417
0.98471 49.965 66.833 35.241 69.076 -4.5961 0.45046
0.98455 50.021 66.783 35.375 69.087 -4.6023 0.45568
0.98446 50.127 66.776 35.507 69.098 -4.6132 0.45965
0.98443 50.277 66.795 35.627 69.102 -4.6287 0.46213
0.98447 50.464 66.826 35.725 69.098 -4.6478 0.46287
0.98458 50.678 66.856 35.792 69.084 -4.6696 0.46157
0.98475 50.904 66.876 35.82 69.061 -4.6924 0.45794
0.98496 51.129 66.879 35.806 69.031 -4.7144 0.45173
0.9852 51.338 66.857 35.746 68.997 -4.7333 0.44277
0.98546 51.519 66.808 35.643 68.964 -4.7464 0.43098
0.9857 51.661 66.727 35.501 68.937 -4.7511 0.41642
0.98593 51.756 66.61 35.329 68.92 -4.7447 0.39931
0.98612 51.802 66.454 35.142 68.917 -4.7248 0.38005
0.98627 51.8 66.258 34.955 68.93 -4.6893 0.35921
0.98638 51.753 66.022 34.789 68.961 -4.6369 0.33751
0.98644 51.67 65.751 34.665 69.007 -4.5669 0.31581
0.98646 51.562 65.457 34.607 69.068 -4.4792 0.29506
0.98644 51.44 65.157 34.635 69.138 -4.3747 0.27626
0.98639 51.317 64.875 34.768 69.214 -4.2551 0.2604
0.98632 51.203 64.643 35.019 69.288 -4.1225 0.24842
0.98624 51.108 64.501 35.396 69.355 -3.98 0.24111
0.98616 51.039 64.489 35.899 69.41 -3.8306 0.23912
0.98608 50.999 64.65 36.519 69.447 -3.6778 0.24286
0.98602 50.988 65.019 37.238 69.464 -3.525 0.25252
0.98597 51.003 65.625 38.032 69.458 -3.3756 0.26802
0.98594 51.038 66.48 38.867 69.429 -3.2325 0.28901
0.98592 51.084 67.582 39.705 69.379 -3.0984 0.31493
0.98591 51.133 68.906 40.503 69.311 -2.9754 0.34496
0.98591 51.176 70.405 41.22 69.23 -2.865 0.37814
0.98592 51.202 72.014 41.814 69.141 -2.768 0.41337
0.98591 51.207 73.648 42.25 69.052 -2.685 0.44948
0.9859 51.185 75.212 42.5 68.968 -2.6155 0.48532
0.98588 51.134 76.607 42.548 68.896 -2.5587 0.51979
0.98584 51.056 77.733 42.386 68.841 -2.5132 0.5519
0.9858 50.955 78.503 42.021 68.806 -2.477 0.58085
0.98574 50.836 78.85 41.472 68.795 -2.4478 0.60605
0.98569 50.709 78.728 40.769 68.808 -2.4228 0.62714
0.98564 50.581 78.124 39.951 68.844 -2.3989 0.644
0.98561 50.461 77.054 39.065 68.9 -2.3729 0.65677
0.98559 50.357 75.567 38.162 68.973 -2.3416 0.66576
0.9856 50.275 73.739 37.294 69.056 -2.3021 0.6715
0.98564 50.218 71.672 36.508 69.144 -2.2517 0.67461
0.98571 50.189 69.482 35.848 69.231 -2.1884 0.67577
0.9858 50.187 67.296 35.349 69.312 -2.111 0.67566
0.98592 50.207 65.238 35.032 69.381 -2.0194 0.67488
0.98605 50.245 63.427 34.91 69.434 -1.9145 0.67391
0.98619 50.294 61.963 34.982 69.468 -1.7986 0.67303
0.98632 50.348 60.924 35.233 69.483 -1.675 0.67234
0.98646 50.399 60.358 35.639 69.478 -1.5484 0.6717
0.98657 50.442 60.283 36.168 69.454 -1.4243 0.67078
0.98667 50.469 60.686 36.78 69.414 -1.3089 0.66905
0.98675 50.479 61.522 37.433 69.362 -1.2086 0.66587
0.98681 50.467 62.721 38.084 69.302 -1.1298 0.66052
0.98684 50.434 64.192 38.692 69.237 -1.0781 0.65231
0.98685 50.38 65.832 39.223 69.171 -1.0584 0.64064
0.98684 50.307 67.532 39.646 69.11 -1.0738 0.62508
0.98682 50.218 69.185 39.944 69.056 -1.1259 0.60543
0.98678 50.119 70.696 40.104 69.012 -1.2141 0.58182
0.98675 50.014 71.984 40.126 68.981 -1.336 0.55468
0.98671 49.908 72.989 40.015 68.963 -1.4871 0.52477
0.98669 49.808 73.676 39.788 68.962 -1.661 0.49316
0.98667 49.717 74.033 39.464 68.977 -1.8503 0.46118
0.98667 49.64 74.068 39.069 69.007 -2.0463 0.43035
0.98669 49.582 73.812 38.628 69.054 -2.2402 0.40227
0.98673 49.546 73.31 38.17 69.115 -2.4234 0.3785
0.98679 49.533 72.616 37.72 69.187 -2.5878 0.36048
0.98687 49.545 71.792 37.302 69.269 -2.727 0.34938
0.98695 49.583 70.898 36.935 69.356 -2.8362 0.34604
0.98704 49.644 69.992 36.635 69.444 -2.9124 0.35086
0.98713 49.728 69.126 36.411 69.528 -2.955 0.36376
0.9872 49.831 68.341 36.27 69.602 -2.9654 0.38415
0.98724 49.95 67.668 36.212 69.663 -2.947 0.41098
0.98724 50.08 67.13 36.235 69.705 -2.9046 0.44277
0.9872 50.217 66.737 36.333 69.726 -2.8443 0.47768
0.98712 50.355 66.493 36.496 69.724 -2.7729 0.51363
0.98698 50.488 66.396 36.716 69.697 -2.6973 0.54847
0.98679 50.611 66.437 36.98 69.649 -2.6239 0.58004
0.98656 50.719 66.603 37.275 69.581 -2.5585 0.60637
0.9863 50.807 66.883 37.59 69.497 -2.5055 0.6258
0.98601 50.873 67.259 37.913 69.404 -2.468 0.63706
0.98573 50.914 67.716 38.231 69.307 -2.4475 0.63937
0.98545 50.929 68.237 38.533 69.213 -2.444 0.63251
0.9852 50.919 68.803 38.809 69.128 -2.4562 0.61678
0.98499 50.885 69.394 39.049 69.057 -2.4816 0.59305
0.98483 50.83 69.989 39.244 69.005 -2.5169 0.56263
0.98473 50.759 70.567 39.387 68.974 -2.5584 0.52724
0.9847 50.675 71.104 39.473 68.966 -2.6022 0.48886
0.98474 50.583 71.577 39.495 68.98 -2.6448 0.44965
0.98484 50.49 71.966 39.453 69.013 -2.6831 0.41175
0.985 50.399 72.251 39.345 69.062 -2.7149 0.37722
0.9852 50.316 72.416 39.175 69.122 -2.7388 0.34786
0.98543 50.243 72.452 38.948 69.187 -2.7542 0.32516
0.98566 50.185 72.353 38.672 69.251 -2.7615 0.31016
0.98588 50.142 72.123 38.356 69.308 -2.7618 0.30345
0.98606 50.116 71.772 38.014 69.353 -2.7567 0.3051
0.98618 50.108 71.316 37.661 69.381 -2.7481 0.31473
0.98621 50.118 70.779 37.311 69.39 -2.738 0.33149
0.98613 50.144 70.191 36.981 69.378 -2.7286 0.35414
0.98593 50.187 69.585 36.686 69.344 -2.7215 0.38115
0.98561 50.245 68.997 36.441 69.292 -2.7182 0.4108
0.98517 50.315 68.464 36.256 69.223 -2.7197 0.44127
0.98461 50.396 68.021 36.14 69.142 -2.7264 0.47076
0.98395 50.483 67.696 36.098 69.054 -2.7387 0.49761
0.98324 50.574 67.515 36.129 68.964 -2.7563 0.52036
0.9825 50.664 67.489 36.229 68.877 -2.7789 0.53789
0.98178 50.747 67.624 36.39 68.798 -2.806 0.5494
0.98112 50.818 67.911 36.599 68.732 -2.837 0.5545
0.98056 50.871 68.331 36.84 68.681 -2.8714 0.5532
0.98015 50.9 68.856 37.093 68.647 -2.9088 0.54588
0.97991 50.901 69.449 37.34 68.631 -2.9488 0.53326
0.97985 50.869 70.067 37.56 68.633 -2.9912 0.51636
0.97998 50.803 70.665 37.734 68.651 -3.0354 0.49636
0.98028 50.703 71.202 37.845 68.681 -3.0812 0.47458
0.98073 50.57 71.638 37.881 68.721 -3.1277 0.45236
0.9813 50.408 71.945 37.831 68.766 -3.1742 0.43096
0.98195 50.225 72.102 37.692 68.814 -3.2195 0.41151
0.98263 50.027 72.101 37.465 68.861 -3.2619 0.39492
0.98332 49.825 71.943 37.156 68.904 -3.2999 0.38183
0.98396 49.628 71.638 36.776 68.941 -3.3314 0.37261
0.98455 49.446 71.206 36.342 68.971 -3.3545 0.36732
0.98505 49.288 70.671 35.872 68.993 -3.3674 0.36577
0.98546 49.163 70.062 35.387 69.008 -3.3685 0.3675
0.98576 49.075 69.406 34.911 69.016 -3.3568 0.37188
0.98597 49.029 68.734 34.465 69.019 -3.332 0.37816
0.98608 49.026 68.074 34.07 69.017 -3.2947 0.38554
0.9861 49.065 67.452 33.744 69.01 -3.2461 0.39321
0.98605 49.145 66.892 33.501 68.998 -3.1887 0.40048
0.98593 49.262 66.416 33.349 68.981 -3.1257 0.40676
0.98576 49.41 66.04 33.293 68.956 -3.0608 0.41164
0.98554 49.585 65.78 33.331 68.92 -2.9986 0.4149
0.98529 49.78 65.644 33.455 68.87 -2.9436 0.41654
0.98503 49.989 65.637 33.654 68.803 -2.9003 0.41669
0.98476 50.203 65.758 33.911 68.716 -2.873 0.41568
0.98451 50.416 66.001 34.205 68.606 -2.8652 0.41393
0.98428 50.619 66.352 34.517 68.474 -2.8792 0.41192
0.9841 50.799 66.794 34.822 68.319 -2.9165 0.41015
0.98397 50.947 67.302 35.1 68.146 -2.9772 0.40907
0.9839 51.047 67.849 35.329 67.957 -3.0599 0.40906
0.98389 51.086 68.402 35.494 67.759 -3.162 0.41038
0.98396 51.048 68.93 35.579 67.559 -3.2798 0.41316
0.98408 50.918 69.403 35.577 67.365 -3.4086 0.41738
0.98425 50.684 69.793 35.482 67.184 -3.5431 0.42291
0.98445 50.335 70.081 35.295 67.022 -3.6776 0.42945
0.98466 49.863 70.253 35.021 66.887 -3.8064 0.43667
0.98486 49.267 70.305 34.668 66.781 -3.9244 0.44413
0.98503 48.552 70.239 34.248 66.709 -4.027 0.45142
0.98515 47.728 70.068 33.778 66.669 -4.1104 0.45812
0.98521 46.811 69.808 33.273 66.662 -4.1722 0.46388
0.9852 45.824 69.478 32.751 66.684 -4.2112 0.46844
0.98512 44.793 69.099 32.229 66.731 -4.2274 0.47164
0.98498 43.745 68.69 31.724 66.798 -4.2222 0.47346
0.98479 42.71 68.266 31.251 66.879 -4.1981 0.47396
0.98456 41.714 67.84 30.822 66.968 -4.1584 0.47333
0.98432 40.782 67.42 30.449 67.058 -4.1072 0.47186
0.98409 39.93 67.007 30.137 67.143 -4.049 0.46987
0.9839 39.172 66.605 29.891 67.216 -3.9883 0.46772
0.98376 38.515 66.212 29.712 67.272 -3.9294 0.46576
0.98369 37.957 65.83 29.596 67.308 -3.8764 0.4643
0.98371 37.495 65.464 29.539 67.32 -3.8325 0.46356
0.9838 37.119 65.121 29.531 67.305 -3.7999 0.46368
0.98398 36.819 64.814 29.563 67.265 -3.7803 0.46465
0.98423 36.58 64.558 29.62 67.2 -3.7739 0.46636
0.98453 36.39 64.374 29.69 67.114 -3.7804 0.46856
0.98486 36.238 64.284 29.758 67.012 -3.7985 0.47088
0.98519 36.114 64.309 29.809 66.903 -3.8262 0.47288
0.9855 36.011 64.467 29.831 66.794 -3.8609 0.47404
0.98576 35.923 64.77 29.811 66.695 -3.8999 0.47383
0.98596 35.848 65.225 29.742 66.617 -3.9403 0.47174
0.98608 35.785 65.826 29.617 66.567 -3.9793 0.46732
0.98612 35.735 66.558 29.436 66.555 -4.0145 0.46023
0.98607 35.699 67.394 29.199 66.584 -4.0437 0.45026
0.98595 35.68 68.298 28.914 66.659 -4.0654 0.43738
0.98577 35.679 69.221 28.591 66.776 -4.0784 0.42171
0.98555 35.698 70.111 28.244 66.93 -4.0824 0.40359
0.98531 35.736 70.914 27.888 67.114 -4.0774 0.3835
0.98508 35.792 71.577 27.541 67.315 -4.0639 0.36211
0.98487 35.865 72.053 27.221 67.521 -4.0429 0.34017
0.98472 35.951 72.31 26.945 67.716 -4.0155 0.31853
0.98462 36.046 72.327 26.726 67.887 -3.9834 0.29804
0.9846 36.147 72.106 26.576 68.022 -3.9481 0.27953
0.98465 36.247 71.666 26.501 68.111 -3.9112 0.26377
0.98477 36.345 71.044 26.502 68.147 -3.8743 0.25137
0.98495 36.434 70.292 26.576 68.13 -3.839 0.2428
0.98517 36.511 69.476 26.714 68.06 -3.8065 0.23832
0.98543 36.575 68.661 26.902 67.944 -3.778 0.23799
0.98571 36.624 67.914 27.123 67.791 -3.7543 0.24167
0.98598 36.658 67.292 27.359 67.613 -3.7358 0.24904
0.98623 36.677 66.837 27.59 67.426 -3.7226 0.25959
0.98646 36.682 66.576 27.797 67.242 -3.7144 0.27272
0.98665 36.678 66.514 27.964 67.076 -3.7107 0.28775
0.98679 36.665 66.634 28.08 66.94 -3.7102 0.30397
0.98689 36.649 66.905 28.137 66.845 -3.7117 0.32069
0.98694 36.632 67.281 28.134 66.797 -3.7134 0.33731
0.98694 36.62 67.708 28.075 66.798 -3.7138 0.35331
0.98691 36.614 68.132 27.971 66.848 -3.7111 0.36834
0.98684 36.62 68.501 27.835 66.94 -3.7037 0.38215
0.98674 36.639 68.775 27.684 67.066 -3.6905 0.39469
0.98662 36.674 68.929 27.539 67.215 -3.6707 0.40599
0.98647 36.726 68.952 27.419 67.372 -3.6445 0.41624
0.9863 36.795 68.854 27.34 67.526 -3.6125 0.42566
0.98611 36.879 68.661 27.318 67.661 -3.5762 0.43454
0.98591 36.979 68.412 27.361 67.767 -3.538 0.44314
0.98569 37.089 68.155 27.474 67.834 -3.5006 0.4517
0.98547 37.209 67.945 27.653 67.856 -3.4673 0.46038
0.98524 37.333 67.831 27.892 67.832 -3.4415 0.46924
0.98502 37.458 67.858 28.175 67.762 -3.4264 0.47823
0.98481 37.581 68.058 28.485 67.652 -3.4245 0.4872
0.98462 37.698 68.445 28.802 67.509 -3.4377 0.49589
0.98446 37.806 69.017 29.103 67.345 -3.4662 0.504
0.98434 37.904 69.748 29.367 67.17 -3.5092 0.51116
0.98427 37.989 70.599 29.577 66.997 -3.5638 0.51701
0.98425 38.062 71.511 29.718 66.836 -3.6259 0.52123
0.98427 38.122 72.415 29.783 66.699 -3.6896 0.52357
0.98435 38.169 73.236 29.77 66.591 -3.748 0.52388
0.98448 38.206 73.9 29.684 66.517 -3.7934 0.52214
0.98464 38.232 74.338 29.537 66.48 -3.8179 0.51846
0.98484 38.251 74.496 29.346 66.476 -3.8138 0.51308
0.98506 38.265 74.335 29.132 66.501 -3.7747 0.50636
0.98529 38.275 73.839 28.919 66.549 -3.6957 0.49877
0.98554 38.283 73.016 28.732 66.612 -3.5742 0.49081
0.98577 38.29 71.898 28.593 66.681 -3.4101 0.48302
0.98599 38.299 70.539 28.523 66.747 -3.2061 0.4759
0.9862 38.309 69.013 28.535 66.804 -2.9678 0.46988
0.98637 38.322 67.408 28.639 66.845 -2.7032 0.46528
0.98652 38.338 65.818 28.836 66.868 -2.4228 0.46229
0.98663 38.355 64.339 29.12 66.87 -2.1384 0.46094
0.9867 38.375 63.059 29.479 66.852 -1.8631 0.46109
0.98675 38.397 62.051 29.894 66.816 -1.6096 0.46242
0.98676 38.421 61.372 30.343 66.767 -1.3901 0.46449
0.98673 38.446 61.052 30.8 66.709 -1.2152 0.46672
0.98668 38.473 61.098 31.24 66.648 -1.0932 0.46845
0.98661 38.502 61.491 31.639 66.591 -1.0295 0.46899
0.98651 38.532 62.19 31.973 66.542 -1.0265 0.46765
0.9864 38.565 63.133 32.228 66.506 -1.0831 0.46379
0.98628 38.6 64.247 32.391 66.489 -1.1952 0.45686
0.98615 38.637 65.454 32.459 66.492 -1.3557 0.44647
0.98601 38.677 66.674 32.432 66.518 -1.5554 0.43236
0.98588 38.717 67.836 32.32 66.567 -1.7832 0.41449
0.98576 38.756 68.879 32.135 66.637 -2.0272 0.393
0.98564 38.794 69.759 31.895 66.726 -2.2753 0.36823
0.98555 38.829 70.449 31.621 66.831 -2.5161 0.34071
0.98546 38.857 70.94 31.333 66.946 -2.7394 0.31114
0.9854 38.878 71.238 31.053 67.066 -2.937 0.28037
0.98535 38.89 71.364 30.799 67.185 -3.1028 0.24935
0.98532 38.891 71.346 30.586 67.298 -3.2336 0.21912
0.98531 38.881 71.221 30.425 67.398 -3.3282 0.19073
0.98531 38.859 71.026 30.322 67.482 -3.3883 0.16521
0.98531 38.827 70.795 30.277 67.546 -3.4174 0.14355
0.98532 38.786 70.562 30.288 67.588 -3.421 0.12662
0.98533 38.739 70.351 30.347 67.607 -3.4055 0.11511
0.98534 38.689 70.179 30.442 67.603 -3.3782 0.10955
0.98533 38.638 70.058 30.561 67.581 -3.3464 0.11023
0.98532 38.59 69.991 30.69 67.542 -3.3171 0.11717
0.98529 38.547 69.973 30.815 67.492 -3.2962 0.13014
0.98525 38.513 69.997 30.925 67.435 -3.2887 0.14861
0.9852 38.489 70.051 31.009 67.376 -3.2979 0.17181
0.98514 38.476 70.117 31.062 67.32 -3.3256 0.19872
0.98507 38.473 70.182 31.079 67.271 -3.3721 0.22812
0.985 38.48 70.227 31.062 67.231 -3.436 0.25867
0.98493 38.494 70.238 31.013 67.202 -3.5149 0.28892
0.98487 38.514 70.202 30.94 67.186 -3.6053 0.31748
0.98483 38.535 70.11 30.852 67.179 -3.703 0.34301
0.98481 38.556 69.959 30.758 67.182 -3.8034 0.36435
0.98481 38.572 69.751 30.67 67.19 -3.9022 0.3806
0.98484 38.581 69.494 30.597 67.2 -3.9951 0.39116
0.98489 38.58 69.202 30.549 67.207 -4.0787 0.39578
0.98498 38.568 68.896 30.533 67.207 -4.1501 0.39458
0.98509 38.543 68.599 30.552 67.198 -4.2077 0.38805
0.98523 38.504 68.337 30.609 67.175 -4.2504 0.37703
0.98538 38.453 68.136 30.702 67.136 -4.2786 0.36259
0.98554 38.392 68.022 30.826 67.083 -4.2931 0.34606
0.98571 38.321 68.013 30.974 67.015 -4.2957 0.32883
0.98586 38.244 68.122 31.138 66.934 -4.2886 0.31229
0.98601 38.165 68.354 31.308 66.845 -4.2745 0.29775
0.98613 38.087 68.705 31.472 66.753 -4.2561 0.28628
0.98621 38.015 69.163 31.62 66.661 -4.2359 0.27871
0.98626 37.951 69.709 31.744 66.575 -4.2163 0.27548
0.98626 37.899 70.317 31.834 66.501 -4.1991 0.27667
0.98621 37.862 70.958 31.884 66.443 -4.1859 0.28198
0.9861 37.841 71.605 31.892 66.406 -4.1773 0.29075
0.98594 37.838 72.229 31.856 66.391 -4.1735 0.30202
0.98571 37.851 72.807 31.777 66.403 -4.1742 0.31461
0.98543 37.88 73.322 31.66 66.442 -4.1782 0.32723
0.9851 37.922 73.762 31.509 66.508 -4.1843 0.33855
0.98473 37.973 74.12 31.332 66.601 -4.1906 0.34735
0.98433 38.029 74.397 31.138 66.716 -4.1953 0.35257
0.98391 38.084 74.598 30.935 66.852 -4.1961 0.35342
0.98349 38.134 74.728 30.733 67.002 -4.1911 0.34944
0.98309 38.173 74.795 30.539 67.16 -4.1782 0.34049
0.98274 38.196 74.806 30.363 67.319 -4.1558 0.32683
0.98243 38.2 74.766 30.21 67.471 -4.1225 0.30901
0.9822 38.181 74.68 30.084 67.609 -4.0775 0.28787
0.98205 38.14 74.55 29.989 67.724 -4.0203 0.26448
0.98199 38.076 74.376 29.925 67.812 -3.9513 0.24001
0.98202 37.993 74.159 29.889 67.867 -3.8714 0.21569
0.98214 37.893 73.902 29.88 67.885 -3.7824 0.19269
0.98235 37.783 73.606 29.89 67.865 -3.6869 0.17204
0.98264 37.669 73.279 29.913 67.807 -3.5883 0.15461
0.98299 37.557 72.928 29.941 67.714 -3.4907 0.14097
0.9834 37.455 72.563 29.965 67.589 -3.3988 0.13144
0.98384 37.367 72.194 29.978 67.439 -3.318 0.12608
0.9843 37.299 71.832 29.971 67.27 -3.2535 0.12463
0.98477 37.253 71.484 29.94 67.091 -3.2105 0.12663
0.98523 37.232 71.156 29.879 66.908 -3.194 0.13143
0.98567 37.233 70.848 29.789 66.73 -3.2075 0.13822
0.98606 37.255 70.558 29.669 66.564 -3.2538 0.14617
0.98641 37.295 70.281 29.526 66.416 -3.3334 0.15442
0.98669 37.346 70.009 29.365 66.293 -3.4451 0.16216
0.9869 37.404 69.733 29.198 66.197 -3.5853 0.16873
0.98705 37.465 69.448 29.035 66.133 -3.7483 0.17358
0.98711 37.522 69.149 28.889 66.1 -3.9259 0.17636
0.98711 37.573 68.838 28.773 66.099 -4.1081 0.1769
0.98705 37.615 68.519 28.699 66.129 -4.2834 0.17523
0.98694 37.646 68.205 28.676 66.186 -4.4394 0.17153
0.98679 37.669 67.912 28.712 66.265 -4.5637 0.16612
0.98662 37.682 67.657 28.81 66.363 -4.6445 0.15942
0.98644 37.689 67.462 28.97 66.473 -4.6718 0.15191
0.98627 37.692 67.344 29.187 66.587 -4.6378 0.14406
0.98611 37.693 67.319 29.452 66.701 -4.5379 0.1363
0.98598 37.694 67.395 29.754 66.806 -4.3711 0.12901
0.98588 37.697 67.574 30.077 66.899 -4.1403 0.12241
0.98581 37.703 67.851 30.403 66.975 -3.8522 0.11663
0.98577 37.712 68.211 30.716 67.032 -3.5171 0.11166
0.98575 37.723 68.635 30.996 67.071 -3.1484 0.10734
0.98575 37.736 69.095 31.229 67.091 -2.7617 0.10343
0.98577 37.75 69.563 31.4 67.099 -2.3738 0.099595
0.98579 37.764 70.01 31.5 67.097 -2.002 0.095467
0.9858 37.776 70.408 31.524 67.093 -1.6623 0.09069
0.9858 37.788 70.733 31.47 67.09 -1.369 0.084958
0.98579 37.797 70.965 31.344 67.096 -1.1337 0.078054
0.98575 37.806 71.092 31.152 67.112 -0.96405 0.069885
0.98569 37.814 71.107 30.908 67.141 -0.86423 0.060497
0.98561 37.823 71.011 30.627 67.182 -0.83413 0.050079
0.98551 37.833 70.81 30.327 67.233 -0.8698 0.038955
0.9854 37.846 70.513 30.025 67.289 -0.96388 0.027559
0.98528 37.862 70.137 29.742 67.344 -1.1062 0.016397
0.98515 37.882 69.699 29.493 67.392 -1.2847 0.0059996
0.98504 37.906 69.22 29.293 67.426 -1.4864 -0.0031223
0.98494 37.935 68.722 29.154 67.441 -1.6981 -0.010528
0.98486 37.969 68.226 29.083 67.434 -1.9077 -0.015886
0.98482 38.006 67.754 29.084 67.403 -2.1047 -0.019004
0.98482 38.045 67.327 29.155 67.35 -2.2806 -0.019844
0.98487 38.087 66.963 29.292 67.278 -2.4299 -0.018518
0.98495 38.128 66.676 29.484 67.194 -2.5497 -0.015274
0.98509 38.168 66.48 29.722 67.104 -2.6397 -0.01046
0.98526 38.206 66.382 29.989 67.018 -2.7021 -0.0044826
0.98547 38.241 66.386 30.272 66.944 -2.741 0.0022417
0.9857 38.271 66.491 30.554 66.889 -2.7619 0.0093367
0.98594 38.296 66.692 30.822 66.859 -2.771 0.016509
0.98618 38.317 66.978 31.061 66.858 -2.7746 0.023583
0.98641 38.333 67.337 31.261 66.887 -2.7785 0.030514
0.98661 38.344 67.751 31.413 66.945 -2.7873 0.037392
0.98679 38.353 68.202 31.515 67.03 -2.8046 0.044424
0.98692 38.359 68.669 31.563 67.135 -2.8319 0.051898
0.98701 38.363 69.133 31.561 67.253 -2.8694 0.060136
0.98705 38.367 69.574 31.514 67.377 -2.9154 0.069441
0.98705 38.37 69.973 31.428 67.499 -2.967 0.080041
0.98701 38.373 70.315 31.315 67.611 -3.0204 0.092037
0.98693 38.376 70.586 31.185 67.705 -3.0709 0.10536
0.98681 38.379 70.777 31.049 67.777 -3.1139 0.11977
0.98668 38.382 70.882 30.919 67.822 -3.1451 0.13482
0.98652 38.385 70.896 30.807 67.838 -3.1607 0.14988
0.98635 38.388 70.821 30.719 67.823 -3.1583 0.16421
0.98617 38.392 70.661 30.665 67.779 -3.1365 0.17699
0.98599 38.396 70.426 30.649 67.709 -3.0954 0.18737
0.9858 38.403 70.127 30.672 67.616 -3.0367 0.19458
0.98562 38.414 69.783 30.735 67.508 -2.9633 0.198
0.98545 38.429 69.414 30.834 67.39 -2.8791 0.19718
0.98528 38.452 69.044 30.963 67.271 -2.789 0.19197
0.98513 38.485 68.699 31.116 67.157 -2.6982 0.18245
0.985 38.527 68.406 31.282 67.057 -2.6122 0.16903
0.98489 38.581 68.189 31.452 66.978 -2.536 0.15238
0.98482 38.646 68.07 31.615 66.925 -2.4738 0.1334
0.98478 38.723 68.061 31.762 66.904 -2.4291 0.11313
0.98478 38.81 68.171 31.884 66.919 -2.404 0.092749
0.98483 38.905 68.395 31.974 66.971 -2.3992 0.0734
0.98492 39.004 68.721 32.028 67.059 -2.4141 0.056167
0.98505 39.105 69.125 32.042 67.182 -2.4469 0.041973
0.98521 39.203 69.576 32.018 67.335 -2.4943 0.031517
0.98541 39.293 70.036 31.959 67.514 -2.5524 0.02523
0.98561 39.372 70.464 31.868 67.709 -2.6165 0.023251
0.98581 39.435 70.821 31.755 67.913 -2.6816 0.025426
0.986 39.478 71.073 31.627 68.117 -2.743 0.031333
0.98616 39.498 71.195 31.492 68.311 -2.7961 0.040324
0.98628 39.491 71.172 31.361 68.485 -2.8374 0.051582
0.98634 39.457 71.004 31.239 68.631 -2.8641 0.064197
0.98634 39.394 70.703 31.134 68.743 -2.8747 0.077233
0.98627 39.303 70.293 31.049 68.814 -2.8689 0.089802
0.98613 39.187 69.807 30.987 68.842 -2.8476 0.10113
0.98593 39.047 69.282 30.946 68.825 -2.8129 0.11059
0.98567 38.888 68.756 30.924 68.765 -2.7677 0.11775
0.98537 38.715 68.264 30.916 68.667 -2.7158 0.12241
0.98504 38.533 67.832 30.916 68.535 -2.661 0.12453
0.98471 38.349 67.479 30.918 68.378 -2.6076 0.12428
0.98439 38.167 67.209 30.917 68.205 -2.5593 0.12198
0.9841 37.993 67.019 30.907 68.026 -2.5193 0.11805
0.98385 37.831 66.897 30.885 67.85 -2.4903 0.11297
0.98367 37.686 66.825 30.849 67.688 -2.4737 0.10726
0.98356 37.561 66.781 30.802 67.547 -2.4702 0.10141
0.98353 37.456 66.748 30.747 67.433 -2.4793 0.095863
0.98358 37.373 66.71 30.689 67.352 -2.4998 0.090975
0.98369 37.313 66.661 30.635 67.305 -2.5296 0.087031
0.98387 37.273 66.601 30.594 67.294 -2.5661 0.08423
0.9841 37.254 66.539 30.573 67.315 -2.6064 0.08269
0.98436 37.254 66.491 30.581 67.365 -2.6477 0.082467
0.98464 37.27 66.48 30.622 67.438 -2.6871 0.083569
0.98491 37.301 66.53 30.7 67.53 -2.7222 0.085975
0.98516 37.345 66.665 30.814 67.632 -2.7511 0.089646
0.98539 37.398 66.906 30.963 67.739 -2.7724 0.09454
0.98558 37.459 67.269 31.139 67.846 -2.7853 0.10061
0.98573 37.526 67.758 31.333 67.947 -2.7895 0.10783
0.98583 37.595 68.372 31.535 68.041 -2.7853 0.11613
0.98588 37.664 69.096 31.729 68.124 -2.7731 0.12546
0.98589 37.733 69.907 31.902 68.197 -2.7538 0.13575
0.98586 37.797 70.774 32.04 68.26 -2.7283 0.14688
0.98578 37.857 71.659 32.129 68.316 -2.6973 0.15872
0.98567 37.912 72.521 32.16 68.367 -2.6618 0.17109
0.98553 37.959 73.32 32.125 68.415 -2.6224 0.18379
0.98535 37.999 74.019 32.019 68.464 -2.5798 0.1966
0.98514 38.033 74.586 31.844 68.518 -2.5344 0.20928
0.9849 38.06 74.999 31.602 68.577 -2.4867 0.22161
0.98464 38.081 75.247 31.303 68.643 -2.4374 0.23337
0.98435 38.097 75.331 30.957 68.717 -2.387 0.24439
0.98405 38.109 75.262 30.577 68.798 -2.3364 0.25451
0.98374 38.118 75.062 30.179 68.885 -2.2863 0.26366
0.98344 38.124 74.761 29.779 68.973 -2.2377 0.27176
0.98314 38.129 74.392 29.391 69.062 -2.1917 0.2788
