//co2 data for Study 21 _2
steady: none
chosen_param: SaO2sup, Pa_CO2, P_a, Vmca_d, TOI_d, HbT_d, CCO_d
time_step: 1.0
******
0.96671 37.915 99.132 31.348 70.173 -3.145 0.14348
0.9665 37.375 98.707 30.928 70.106 -3.3705 0.12307
0.96627 36.908 98.291 30.535 70.041 -3.5838 0.09927
0.96604 36.538 97.909 30.186 69.981 -3.7768 0.072804
0.96582 36.284 97.578 29.895 69.923 -3.9444 0.044535
0.9656 36.156 97.311 29.673 69.87 -4.0847 0.015445
0.96539 36.156 97.11 29.53 69.821 -4.1992 -0.013412
0.96515 36.277 96.973 29.469 69.776 -4.2918 -0.040965
0.96487 36.503 96.893 29.491 69.736 -4.3684 -0.066176
0.96456 36.812 96.859 29.593 69.702 -4.4362 -0.08809
0.96419 37.18 96.86 29.769 69.676 -4.5024 -0.10589
0.96377 37.578 96.887 30.01 69.658 -4.5737 -0.11892
0.96333 37.978 96.934 30.306 69.65 -4.655 -0.12674
0.9629 38.355 96.999 30.643 69.652 -4.7493 -0.12916
0.9625 38.686 97.086 31.009 69.665 -4.8568 -0.1262
0.96218 38.955 97.201 31.387 69.688 -4.9751 -0.11816
0.96199 39.149 97.355 31.763 69.722 -5.0991 -0.10552
0.96197 39.264 97.559 32.12 69.766 -5.2216 -0.089016
0.96215 39.299 97.819 32.445 69.818 -5.3341 -0.069512
0.96255 39.259 98.141 32.724 69.878 -5.4274 -0.048011
0.96317 39.152 98.523 32.943 69.943 -5.4928 -0.025582
0.96401 38.991 98.957 33.092 70.012 -5.5227 -0.0033091
0.96503 38.787 99.427 33.163 70.084 -5.5117 0.01776
0.96621 38.557 99.912 33.149 70.159 -5.4574 0.036669
0.96749 38.315 100.39 33.046 70.235 -5.3605 0.052598
0.96881 38.073 100.83 32.855 70.311 -5.2255 0.064902
0.97012 37.843 101.21 32.577 70.386 -5.0597 0.073138
0.97136 37.636 101.5 32.218 70.46 -4.8737 0.077086
0.97247 37.459 101.68 31.787 70.532 -4.6798 0.07675
0.97341 37.315 101.75 31.296 70.6 -4.4917 0.072355
0.97412 37.209 101.7 30.759 70.662 -4.3228 0.064332
0.97457 37.139 101.52 30.192 70.718 -4.1856 0.053289
0.97472 37.103 101.23 29.614 70.765 -4.0901 0.039976
0.97455 37.099 100.85 29.043 70.803 -4.0433 0.025249
0.97405 37.121 100.38 28.498 70.831 -4.048 0.010023
0.97322 37.164 99.848 27.998 70.847 -4.1029 -0.004772
0.97206 37.22 99.288 27.56 70.852 -4.2023 -0.018238
0.97063 37.284 98.721 27.2 70.848 -4.3363 -0.029552
0.96896 37.35 98.172 26.93 70.836 -4.4917 -0.037999
0.96712 37.414 97.664 26.758 70.819 -4.653 -0.043012
0.96519 37.471 97.218 26.689 70.8 -4.8033 -0.044194
0.96326 37.519 96.852 26.723 70.781 -4.9261 -0.041334
0.96143 37.556 96.578 26.858 70.765 -5.0061 -0.03442
0.95978 37.582 96.403 27.084 70.755 -5.0308 -0.023634
0.9584 37.599 96.33 27.389 70.752 -4.9917 -0.0093442
0.95737 37.607 96.356 27.76 70.756 -4.8846 0.007912
0.95672 37.609 96.474 28.178 70.765 -4.7102 0.027456
0.95648 37.607 96.67 28.625 70.778 -4.4743 0.048502
0.95665 37.604 96.928 29.082 70.791 -4.1872 0.070193
0.95721 37.603 97.226 29.531 70.802 -3.8628 0.091648
0.95808 37.606 97.544 29.954 70.806 -3.5179 0.11201
0.95922 37.615 97.857 30.338 70.801 -3.1707 0.13047
0.96052 37.631 98.143 30.671 70.784 -2.8394 0.14634
0.96192 37.658 98.383 30.946 70.754 -2.5411 0.15908
0.96333 37.695 98.559 31.159 70.71 -2.2901 0.1683
0.96467 37.745 98.66 31.312 70.653 -2.0975 0.17381
0.9659 37.808 98.68 31.409 70.587 -1.9699 0.17564
0.96697 37.884 98.618 31.456 70.514 -1.9095 0.17399
0.96787 37.974 98.481 31.463 70.439 -1.9137 0.16926
0.96859 38.076 98.279 31.442 70.365 -1.9758 0.16199
0.96914 38.189 98.028 31.403 70.297 -2.0859 0.15287
0.96953 38.31 97.748 31.36 70.24 -2.2311 0.14263
0.9698 38.435 97.462 31.32 70.195 -2.3973 0.13206
0.96996 38.561 97.193 31.294 70.166 -2.5702 0.12189
0.97004 38.683 96.968 31.287 70.154 -2.7364 0.11281
0.97006 38.793 96.812 31.303 70.158 -2.8842 0.10536
0.97004 38.889 96.749 31.343 70.177 -3.0049 0.099932
0.97 38.964 96.802 31.404 70.21 -3.0927 0.096731
0.96992 39.014 96.989 31.483 70.254 -3.1458 0.095761
0.96984 39.037 97.323 31.574 70.306 -3.1654 0.096826
0.96974 39.031 97.81 31.671 70.364 -3.1561 0.099548
0.96963 38.996 98.447 31.766 70.426 -3.125 0.10339
0.96952 38.934 99.22 31.853 70.491 -3.0811 0.10769
0.96942 38.848 100.1 31.925 70.557 -3.0341 0.11174
0.96935 38.743 101.06 31.978 70.625 -2.9941 0.11479
0.96931 38.626 102.06 32.007 70.694 -2.9703 0.11616
0.96933 38.502 103.03 32.012 70.766 -2.9704 0.11523
0.96942 38.379 103.92 31.991 70.84 -3 0.11154
0.9696 38.264 104.67 31.948 70.918 -3.0624 0.10481
0.96986 38.164 105.25 31.884 70.998 -3.1581 0.094941
0.97022 38.085 105.59 31.803 71.079 -3.2855 0.082059
0.97066 38.032 105.68 31.711 71.159 -3.4403 0.066483
0.97116 38.008 105.5 31.611 71.235 -3.6167 0.048713
0.97172 38.015 105.07 31.51 71.305 -3.8075 0.0294
0.97229 38.052 104.39 31.41 71.364 -4.005 0.0092969
0.97285 38.117 103.52 31.317 71.41 -4.2013 -0.010787
0.97336 38.208 102.51 31.234 71.441 -4.3891 -0.030039
0.97378 38.319 101.42 31.162 71.457 -4.5622 -0.047697
0.9741 38.447 100.3 31.105 71.456 -4.7157 -0.06309
0.97429 38.586 99.239 31.064 71.442 -4.8463 -0.075677
0.97435 38.734 98.276 31.04 71.416 -4.9525 -0.085071
0.97427 38.888 97.46 31.034 71.384 -5.0341 -0.091052
0.97406 39.049 96.822 31.045 71.349 -5.0927 -0.093566
0.97374 39.22 96.38 31.075 71.318 -5.1305 -0.092711
0.97334 39.405 96.135 31.123 71.294 -5.1506 -0.088713
0.97289 39.613 96.074 31.188 71.283 -5.1564 -0.081897
0.97242 39.854 96.173 31.27 71.287 -5.151 -0.072646
0.97197 40.139 96.401 31.368 71.309 -5.137 -0.061368
0.97157 40.48 96.719 31.478 71.351 -5.1164 -0.04846
0.97124 40.887 97.085 31.6 71.412 -5.0901 -0.034274
0.971 41.369 97.459 31.728 71.49 -5.0579 -0.019102
0.97086 41.928 97.802 31.86 71.583 -5.0186 -0.0031574
0.97083 42.566 98.081 31.991 71.687 -4.9701 0.013423
0.97089 43.274 98.27 32.116 71.8 -4.9096 0.030576
0.97103 44.042 98.349 32.231 71.916 -4.8337 0.048292
0.97123 44.851 98.309 32.331 72.031 -4.7392 0.066598
0.97147 45.681 98.151 32.412 72.142 -4.623 0.085527
0.97173 46.507 97.883 32.471 72.246 -4.4824 0.10509
0.972 47.306 97.525 32.506 72.338 -4.316 0.12527
0.97225 48.053 97.101 32.515 72.418 -4.1232 0.14598
0.97249 48.729 96.64 32.5 72.484 -3.9047 0.16704
0.97272 49.316 96.173 32.462 72.538 -3.6626 0.18822
0.97294 49.805 95.73 32.403 72.578 -3.4005 0.2092
0.97316 50.19 95.336 32.327 72.608 -3.1231 0.22961
0.97341 50.474 95.009 32.239 72.63 -2.8361 0.24904
0.97368 50.661 94.759 32.143 72.646 -2.5463 0.26707
0.97401 50.764 94.588 32.046 72.659 -2.2606 0.28329
0.97439 50.797 94.49 31.951 72.673 -1.9864 0.29738
0.97485 50.775 94.45 31.865 72.689 -1.7307 0.30906
0.97539 50.716 94.449 31.792 72.709 -1.4998 0.31821
0.97598 50.635 94.466 31.737 72.736 -1.2994 0.32478
0.97664 50.546 94.477 31.701 72.769 -1.1339 0.32891
0.97733 50.46 94.463 31.689 72.81 -1.006 0.33083
0.97803 50.386 94.406 31.702 72.857 -0.91731 0.33092
0.97871 50.327 94.296 31.741 72.911 -0.86753 0.32962
0.97933 50.287 94.128 31.807 72.97 -0.85488 0.32747
0.97985 50.265 93.907 31.899 73.033 -0.87611 0.32503
0.98024 50.258 93.642 32.017 73.099 -0.92669 0.32285
0.98049 50.263 93.351 32.158 73.166 -1.0011 0.32142
0.98056 50.276 93.056 32.322 73.232 -1.0931 0.32119
0.98046 50.292 92.784 32.505 73.297 -1.196 0.32245
0.98018 50.308 92.563 32.703 73.36 -1.3033 0.3254
0.97976 50.321 92.42 32.914 73.418 -1.4086 0.33009
0.97922 50.328 92.378 33.132 73.471 -1.5064 0.33644
0.97859 50.33 92.458 33.353 73.518 -1.5918 0.34423
0.97792 50.326 92.669 33.572 73.557 -1.6614 0.35315
0.97724 50.316 93.016 33.782 73.59 -1.7126 0.36282
0.9766 50.301 93.49 33.979 73.615 -1.7445 0.3728
0.97604 50.282 94.074 34.157 73.632 -1.7573 0.38266
0.97559 50.261 94.74 34.311 73.642 -1.7523 0.39201
0.97525 50.238 95.453 34.438 73.646 -1.732 0.4005
0.97506 50.213 96.17 34.534 73.645 -1.6994 0.40789
0.975 50.187 96.843 34.596 73.641 -1.6583 0.41402
0.97507 50.161 97.428 34.624 73.633 -1.6127 0.41885
0.97526 50.135 97.883 34.619 73.624 -1.5663 0.42244
0.97554 50.108 98.172 34.582 73.613 -1.5231 0.42494
0.97589 50.082 98.275 34.517 73.602 -1.4861 0.42656
0.9763 50.056 98.183 34.427 73.589 -1.4582 0.42755
0.97673 50.032 97.906 34.318 73.573 -1.4413 0.42814
0.97717 50.01 97.468 34.196 73.555 -1.4367 0.42857
0.97759 49.991 96.907 34.067 73.533 -1.4451 0.42899
0.97799 49.975 96.274 33.937 73.506 -1.4663 0.42949
0.97836 49.962 95.624 33.811 73.473 -1.4998 0.43007
0.97868 49.954 95.013 33.694 73.434 -1.5445 0.43063
0.97896 49.949 94.491 33.589 73.39 -1.5989 0.431
0.97918 49.948 94.1 33.501 73.341 -1.6616 0.43096
0.97936 49.949 93.867 33.43 73.289 -1.7304 0.43023
0.97948 49.951 93.805 33.376 73.237 -1.8034 0.42858
0.97954 49.954 93.908 33.34 73.187 -1.8785 0.42575
0.97956 49.956 94.159 33.32 73.142 -1.9534 0.42162
0.97953 49.957 94.525 33.314 73.106 -2.0256 0.4161
0.97945 49.955 94.97 33.319 73.08 -2.0926 0.40925
0.97934 49.95 95.45 33.333 73.066 -2.1517 0.40124
0.9792 49.942 95.925 33.353 73.065 -2.2001 0.39235
0.97904 49.931 96.361 33.377 73.078 -2.2347 0.38297
0.97887 49.916 96.729 33.403 73.104 -2.2527 0.37353
0.97871 49.9 97.012 33.43 73.14 -2.2513 0.36451
0.97856 49.881 97.203 33.457 73.186 -2.2281 0.3564
0.97845 49.861 97.306 33.484 73.239 -2.1812 0.3496
0.97837 49.84 97.33 33.511 73.295 -2.1092 0.34445
0.97833 49.818 97.291 33.539 73.353 -2.0121 0.34117
0.97835 49.798 97.209 33.569 73.408 -1.8904 0.33985
0.97841 49.778 97.101 33.602 73.46 -1.7464 0.34044
0.97851 49.759 96.985 33.637 73.505 -1.5833 0.34273
0.97865 49.743 96.872 33.677 73.543 -1.4056 0.34643
0.97879 49.728 96.771 33.72 73.572 -1.2191 0.35115
0.97894 49.714 96.684 33.767 73.593 -1.0303 0.35645
0.97907 49.703 96.609 33.817 73.606 -0.84642 0.36189
0.97917 49.692 96.54 33.869 73.612 -0.67473 0.36708
0.97922 49.682 96.47 33.922 73.611 -0.5224 0.3717
0.9792 49.673 96.39 33.975 73.607 -0.39582 0.37556
0.97913 49.664 96.289 34.028 73.601 -0.30024 0.37858
0.97899 49.655 96.161 34.079 73.596 -0.23933 0.38083
0.97879 49.646 95.997 34.129 73.593 -0.21481 0.38252
0.97854 49.636 95.792 34.177 73.596 -0.22627 0.38397
0.97827 49.627 95.542 34.225 73.605 -0.27104 0.38556
0.97799 49.619 95.25 34.275 73.621 -0.34423 0.38775
0.97772 49.613 94.919 34.326 73.646 -0.43894 0.39096
0.97749 49.608 94.558 34.382 73.679 -0.54656 0.39556
0.97733 49.607 94.184 34.443 73.719 -0.65733 0.40184
0.97724 49.609 93.817 34.511 73.763 -0.7608 0.40996
0.97725 49.616 93.481 34.587 73.81 -0.84657 0.4199
0.97735 49.627 93.206 34.671 73.857 -0.90491 0.4315
0.97755 49.641 93.021 34.761 73.901 -0.92743 0.44443
0.97784 49.66 92.956 34.855 73.939 -0.90765 0.4582
0.97821 49.68 93.034 34.952 73.969 -0.8415 0.47224
0.97865 49.701 93.271 35.047 73.989 -0.72766 0.4859
0.97912 49.72 93.674 35.137 73.998 -0.56772 0.49852
0.97963 49.735 94.236 35.216 73.997 -0.36614 0.50946
0.98013 49.744 94.937 35.28 73.987 -0.13011 0.51822
0.98062 49.743 95.744 35.325 73.97 0.13089 0.52438
0.98107 49.73 96.611 35.347 73.95 0.40559 0.52774
0.98147 49.703 97.486 35.344 73.929 0.68158 0.52827
0.9818 49.66 98.313 35.314 73.911 0.94606 0.52617
0.98205 49.602 99.036 35.257 73.899 1.1866 0.52181
0.98222 49.529 99.604 35.175 73.895 1.3917 0.51574
0.98231 49.443 99.979 35.069 73.903 1.5517 0.50864
0.98233 49.347 100.13 34.944 73.922 1.6592 0.50127
0.98227 49.245 100.06 34.804 73.952 1.7094 0.4944
0.98217 49.145 99.763 34.655 73.992 1.7003 0.48877
0.98201 49.053 99.267 34.501 74.039 1.6328 0.485
0.98183 48.976 98.606 34.349 74.09 1.5106 0.48357
0.98163 48.923 97.824 34.204 74.141 1.3397 0.48477
0.98142 48.901 96.97 34.07 74.187 1.1282 0.48866
0.98122 48.917 96.095 33.952 74.225 0.88542 0.49506
0.98102 48.975 95.245 33.851 74.25 0.62182 0.50359
0.98085 49.077 94.462 33.769 74.262 0.34792 0.51366
0.98068 49.226 93.778 33.707 74.256 0.073957 0.52453
0.98053 49.417 93.218 33.665 74.235 -0.19066 0.53535
0.98038 49.646 92.798 33.641 74.197 -0.4378 0.54525
0.98023 49.904 92.525 33.633 74.147 -0.66087 0.5534
0.98008 50.183 92.4 33.637 74.087 -0.85503 0.55905
0.97992 50.472 92.418 33.65 74.022 -1.0172 0.56162
0.97975 50.758 92.571 33.668 73.956 -1.1461 0.56077
0.97958 51.029 92.845 33.688 73.895 -1.242 0.55638
0.97942 51.277 93.226 33.706 73.843 -1.3064 0.5486
0.97927 51.491 93.699 33.717 73.804 -1.3421 0.53787
0.97915 51.667 94.243 33.719 73.779 -1.3526 0.52483
0.97907 51.8 94.841 33.71 73.771 -1.3416 0.51035
0.97904 51.892 95.47 33.686 73.779 -1.3134 0.4954
0.97907 51.944 96.109 33.647 73.801 -1.272 0.48105
0.97914 51.961 96.734 33.591 73.833 -1.2212 0.46831
0.97927 51.952 97.324 33.52 73.873 -1.1645 0.45813
0.97942 51.924 97.857 33.433 73.917 -1.1049 0.45127
0.97959 51.887 98.318 33.333 73.958 -1.0449 0.44824
0.97975 51.849 98.692 33.221 73.995 -0.98665 0.44932
0.97989 51.818 98.97 33.099 74.023 -0.93185 0.45445
0.97998 51.799 99.151 32.971 74.04 -0.88186 0.46331
0.98001 51.796 99.239 32.839 74.045 -0.83779 0.47528
0.97998 51.81 99.242 32.707 74.038 -0.8006 0.48954
0.97988 51.84 99.173 32.578 74.021 -0.77107 0.50513
0.97972 51.881 99.048 32.454 73.994 -0.74995 0.52099
0.97951 51.93 98.884 32.338 73.961 -0.73788 0.53611
0.97928 51.978 98.698 32.232 73.926 -0.73545 0.54953
0.97904 52.021 98.504 32.138 73.89 -0.74315 0.56051
0.97883 52.05 98.312 32.057 73.858 -0.76129 0.56851
0.97865 52.062 98.131 31.99 73.832 -0.79002 0.57328
0.97854 52.052 97.964 31.938 73.814 -0.82922 0.57483
0.97849 52.019 97.812 31.901 73.805 -0.87847 0.57347
0.97852 51.964 97.674 31.878 73.806 -0.93705 0.56973
0.97861 51.89 97.546 31.87 73.816 -1.0038 0.56433
0.97877 51.802 97.428 31.875 73.835 -1.0774 0.55809
0.97897 51.706 97.316 31.893 73.86 -1.156 0.55189
0.9792 51.612 97.21 31.923 73.89 -1.2375 0.54653
0.97941 51.525 97.111 31.963 73.921 -1.3198 0.54271
0.9796 51.453 97.02 32.012 73.951 -1.4005 0.54093
0.97973 51.403 96.941 32.07 73.976 -1.4772 0.54146
0.97979 51.377 96.874 32.133 73.996 -1.5476 0.54433
0.97975 51.377 96.824 32.201 74.006 -1.6096 0.54927
0.97962 51.403 96.789 32.271 74.005 -1.6614 0.55583
0.97941 51.45 96.77 32.341 73.992 -1.7017 0.56333
0.97912 51.514 96.765 32.41 73.967 -1.7294 0.57096
0.97878 51.589 96.772 32.474 73.93 -1.7442 0.57785
0.97843 51.665 96.788 32.533 73.882 -1.7463 0.58315
0.9781 51.737 96.811 32.583 73.824 -1.7366 0.58607
0.97782 51.797 96.839 32.623 73.76 -1.7165 0.58598
0.97763 51.84 96.871 32.653 73.692 -1.6881 0.58244
0.97756 51.862 96.907 32.671 73.624 -1.6542 0.57525
0.97762 51.862 96.95 32.676 73.561 -1.6179 0.56445
0.97783 51.842 97 32.668 73.507 -1.5829 0.55033
0.97816 51.805 97.058 32.648 73.465 -1.553 0.53337
0.9786 51.755 97.123 32.616 73.44 -1.5321 0.51427
0.97911 51.698 97.193 32.571 73.434 -1.5239 0.49383
0.97965 51.642 97.266 32.516 73.449 -1.5316 0.47295
0.98018 51.592 97.336 32.451 73.487 -1.5577 0.45253
0.98066 51.555 97.398 32.376 73.546 -1.6037 0.43342
0.98103 51.534 97.447 32.293 73.625 -1.6695 0.41638
0.98126 51.533 97.476 32.204 73.723 -1.754 0.40208
0.98134 51.551 97.481 32.108 73.833 -1.8538 0.39098
0.98126 51.587 97.459 32.009 73.953 -1.9643 0.38342
0.98101 51.639 97.406 31.908 74.077 -2.0789 0.37955
0.98063 51.702 97.322 31.807 74.199 -2.1895 0.37939
0.98014 51.77 97.208 31.711 74.315 -2.2872 0.38279
0.9796 51.836 97.065 31.623 74.418 -2.3621 0.38953
0.97904 51.895 96.899 31.547 74.506 -2.4047 0.39927
0.97852 51.94 96.718 31.489 74.574 -2.406 0.41164
0.97807 51.967 96.53 31.453 74.622 -2.3587 0.4262
0.97774 51.972 96.348 31.445 74.649 -2.2578 0.4425
0.97754 51.954 96.184 31.468 74.655 -2.1014 0.46008
0.97748 51.912 96.051 31.525 74.644 -1.8911 0.47845
0.97756 51.848 95.961 31.619 74.618 -1.6327 0.4971
0.97776 51.767 95.92 31.748 74.583 -1.3358 0.51554
0.97804 51.672 95.93 31.912 74.542 -1.0142 0.53322
0.97838 51.571 95.987 32.103 74.502 -0.68496 0.5496
0.97872 51.471 96.079 32.316 74.465 -0.36784 0.56412
0.97903 51.378 96.19 32.539 74.435 -0.084157 0.57621
0.97927 51.299 96.297 32.761 74.415 0.14451 0.58534
0.97941 51.241 96.377 32.968 74.406 0.29771 0.591
0.97943 51.208 96.406 33.146 74.406 0.35756 0.59276
0.97933 51.202 96.366 33.279 74.415 0.31015 0.59029
0.97911 51.224 96.244 33.355 74.428 0.14671 0.58339
0.97879 51.273 96.035 33.362 74.444 -0.13547 0.57204
0.9784 51.345 95.742 33.29 74.457 -0.53251 0.55637
0.97797 51.437 95.379 33.134 74.464 -1.0338 0.53672
0.97755 51.542 94.965 32.892 74.462 -1.6225 0.51362
0.97716 51.655 94.525 32.566 74.448 -2.2761 0.48777
0.97685 51.77 94.089 32.163 74.422 -2.9678 0.46001
0.97662 51.879 93.686 31.694 74.384 -3.668 0.43129
0.9765 51.979 93.343 31.172 74.335 -4.346 0.40261
0.9765 52.064 93.085 30.614 74.278 -4.9723 0.37497
0.9766 52.132 92.93 30.039 74.216 -5.5199 0.34932
0.9768 52.181 92.889 29.465 74.153 -5.9661 0.32646
0.97707 52.21 92.967 28.912 74.094 -6.2944 0.30706
0.9774 52.219 93.161 28.397 74.042 -6.4947 0.29156
0.97776 52.21 93.462 27.935 74.002 -6.5648 0.28018
0.97813 52.185 93.853 27.538 73.976 -6.5092 0.27293
0.97848 52.146 94.313 27.214 73.967 -6.3396 0.2696
0.9788 52.098 94.818 26.969 73.976 -6.0736 0.26979
0.97908 52.043 95.339 26.803 74.004 -5.7331 0.27296
0.9793 51.985 95.847 26.716 74.051 -5.3428 0.27851
0.97947 51.928 96.309 26.7 74.116 -4.9284 0.28581
0.97957 51.874 96.697 26.751 74.197 -4.5148 0.29425
0.97961 51.826 96.981 26.857 74.292 -4.1242 0.30336
0.9796 51.785 97.137 27.011 74.397 -3.775 0.31275
0.97954 51.754 97.146 27.201 74.509 -3.4802 0.32224
0.97945 51.73 96.993 27.417 74.625 -3.2471 0.33179
0.97933 51.716 96.674 27.65 74.742 -3.0772 0.34155
0.9792 51.708 96.195 27.89 74.855 -2.9661 0.35177
0.97908 51.707 95.568 28.129 74.962 -2.9046 0.36281
0.97897 51.71 94.818 28.358 75.058 -2.8795 0.37508
0.97888 51.714 93.975 28.571 75.142 -2.8751 0.38894
0.97883 51.719 93.076 28.758 75.212 -2.8747 0.40468
0.9788 51.723 92.164 28.913 75.264 -2.862 0.42246
0.97881 51.726 91.281 29.028 75.298 -2.8225 0.44228
0.97885 51.725 90.47 29.095 75.313 -2.7448 0.46393
0.97891 51.722 89.769 29.106 75.309 -2.6215 0.48704
0.97898 51.716 89.211 29.055 75.287 -2.4493 0.51104
0.97907 51.71 88.823 28.937 75.248 -2.2298 0.53523
0.97915 51.703 88.621 28.746 75.196 -1.9687 0.55882
0.97923 51.697 88.611 28.481 75.134 -1.6754 0.58101
0.97929 51.694 88.789 28.145 75.065 -1.362 0.60104
0.97934 51.696 89.139 27.741 74.994 -1.0423 0.61825
0.97936 51.703 89.634 27.279 74.926 -0.73048 0.63215
0.97937 51.716 90.234 26.771 74.864 -0.44009 0.64247
0.97934 51.737 90.894 26.235 74.814 -0.18268 0.64915
0.97929 51.764 91.558 25.691 74.777 0.032921 0.65239
0.97921 51.798 92.17 25.161 74.756 0.20132 0.65261
0.97909 51.835 92.674 24.671 74.751 0.32085 0.65039
0.97894 51.874 93.019 24.246 74.761 0.39364 0.64649
0.97877 51.913 93.162 23.911 74.786 0.42527 0.6417
0.97857 51.948 93.078 23.687 74.821 0.42423 0.63687
0.97836 51.976 92.756 23.593 74.864 0.4011 0.63274
0.97814 51.994 92.203 23.642 74.909 0.36765 0.62996
0.97793 51.999 91.448 23.842 74.952 0.33579 0.62904
0.97774 51.989 90.534 24.193 74.99 0.31664 0.63024
0.97758 51.962 89.519 24.691 75.017 0.3196 0.63367
0.97748 51.919 88.471 25.321 75.031 0.35167 0.63921
0.97744 51.86 87.459 26.066 75.03 0.41691 0.64655
0.97747 51.787 86.553 26.901 75.013 0.51623 0.65528
0.97758 51.702 85.813 27.798 74.98 0.64732 0.66485
0.97776 51.61 85.29 28.727 74.933 0.80495 0.67468
0.97801 51.513 85.017 29.657 74.874 0.98139 0.68421
0.97832 51.416 85.013 30.556 74.805 1.1671 0.69292
0.97865 51.324 85.278 31.397 74.731 1.3513 0.70038
0.979 51.24 85.798 32.155 74.655 1.5232 0.70626
0.97932 51.169 86.546 32.809 74.579 1.6722 0.71038
0.9796 51.112 87.485 33.346 74.507 1.7893 0.71268
0.9798 51.073 88.572 33.755 74.442 1.8673 0.71319
0.97991 51.053 89.761 34.034 74.387 1.9015 0.71206
0.9799 51.054 91.006 34.186 74.342 1.89 0.70945
0.97978 51.074 92.266 34.218 74.31 1.8339 0.7056
0.97956 51.115 93.502 34.142 74.293 1.7372 0.7007
0.97923 51.175 94.68 33.973 74.289 1.6066 0.69492
0.97883 51.251 95.773 33.73 74.3 1.4509 0.68839
0.97839 51.341 96.756 33.431 74.325 1.2807 0.68118
0.97794 51.441 97.606 33.096 74.363 1.1074 0.67328
0.97751 51.546 98.305 32.744 74.412 0.94281 0.66467
0.97715 51.653 98.835 32.393 74.47 0.79785 0.65528
0.97688 51.753 99.181 32.06 74.534 0.68226 0.64502
0.97672 51.843 99.331 31.757 74.602 0.60364 0.63384
0.97668 51.916 99.277 31.497 74.669 0.56696 0.62174
0.97678 51.967 99.021 31.285 74.733 0.57415 0.60875
0.97699 51.992 98.567 31.128 74.793 0.62387 0.59501
0.97731 51.988 97.931 31.027 74.844 0.71154 0.58071
0.97772 51.955 97.138 30.98 74.887 0.82959 0.56613
0.97819 51.893 96.218 30.983 74.919 0.9679 0.55162
0.97867 51.807 95.209 31.029 74.941 1.1145 0.53754
0.97916 51.702 94.151 31.11 74.953 1.2562 0.52428
0.9796 51.584 93.085 31.214 74.955 1.38 0.51223
0.97999 51.462 92.05 31.331 74.949 1.4733 0.5017
0.98031 51.344 91.085 31.449 74.934 1.5255 0.49295
0.98053 51.237 90.219 31.554 74.914 1.5285 0.48614
0.98067 51.15 89.479 31.636 74.888 1.4774 0.48133
0.98072 51.088 88.884 31.685 74.859 1.371 0.47847
0.9807 51.053 88.448 31.692 74.827 1.2119 0.47738
0.98062 51.047 88.181 31.65 74.794 1.0065 0.47784
0.9805 51.067 88.085 31.555 74.762 0.76454 0.47954
0.98036 51.112 88.158 31.406 74.732 0.49848 0.48213
0.98023 51.174 88.39 31.204 74.703 0.22268 0.48527
0.98011 51.247 88.765 30.955 74.678 -0.047619 0.48864
0.98001 51.325 89.259 30.664 74.656 -0.29738 0.49197
0.97995 51.399 89.84 30.342 74.638 -0.51284 0.49507
0.97992 51.465 90.469 30.001 74.622 -0.68249 0.49783
0.9799 51.518 91.1 29.653 74.607 -0.79788 0.50026
0.97989 51.555 91.684 29.312 74.593 -0.85425 0.50242
0.97988 51.574 92.172 28.993 74.578 -0.85081 0.5045
0.97984 51.578 92.519 28.711 74.56 -0.79078 0.50671
0.97975 51.568 92.692 28.476 74.538 -0.68109 0.50933
0.97961 51.548 92.669 28.301 74.512 -0.53188 0.51263
0.97939 51.524 92.445 28.193 74.482 -0.35569 0.51691
0.97909 51.499 92.031 28.158 74.447 -0.16651 0.52238
0.97871 51.479 91.457 28.198 74.408 0.021182 0.52924
0.97826 51.468 90.767 28.312 74.368 0.19351 0.5376
0.97775 51.471 90.013 28.496 74.328 0.33811 0.54749
0.97719 51.487 89.252 28.742 74.291 0.44499 0.55885
0.97661 51.52 88.54 29.041 74.258 0.50706 0.57155
0.97603 51.568 87.926 29.38 74.231 0.52061 0.58536
0.97548 51.63 87.448 29.747 74.212 0.48532 0.59999
0.97499 51.702 87.13 30.127 74.202 0.40417 0.61507
0.97458 51.781 86.981 30.508 74.201 0.28307 0.63022
0.97428 51.861 86.997 30.876 74.21 0.13025 0.64499
0.97411 51.938 87.161 31.222 74.229 -0.04438 0.65894
0.97408 52.007 87.446 31.537 74.255 -0.23009 0.67163
0.97419 52.062 87.82 31.814 74.289 -0.41606 0.68263
0.97444 52.101 88.251 32.049 74.33 -0.59217 0.69155
0.97484 52.119 88.704 32.241 74.375 -0.74966 0.69804
0.97536 52.115 89.151 32.39 74.424 -0.8816 0.70184
0.97598 52.087 89.566 32.499 74.474 -0.98329 0.70272
0.97668 52.034 89.932 32.571 74.525 -1.0524 0.70057
0.97743 51.959 90.237 32.61 74.576 -1.089 0.69538
0.9782 51.863 90.475 32.621 74.623 -1.0953 0.68721
0.97894 51.75 90.643 32.608 74.667 -1.0755 0.67625
0.97963 51.624 90.745 32.573 74.705 -1.035 0.66278
0.98025 51.489 90.787 32.52 74.737 -0.9806 0.6472
0.98076 51.35 90.776 32.45 74.761 -0.91919 0.62996
0.98116 51.211 90.725 32.363 74.778 -0.85776 0.61162
0.98143 51.076 90.645 32.259 74.786 -0.80274 0.59276
0.98158 50.949 90.552 32.136 74.787 -0.7596 0.57401
0.98162 50.832 90.462 31.995 74.78 -0.7326 0.55598
0.98156 50.725 90.39 31.833 74.767 -0.72448 0.53925
0.98142 50.63 90.351 31.651 74.75 -0.73645 0.52435
0.98123 50.544 90.357 31.449 74.729 -0.76813 0.51172
0.98101 50.468 90.416 31.229 74.707 -0.81769 0.50168
0.98078 50.4 90.53 30.995 74.684 -0.88202 0.49442
0.98057 50.339 90.694 30.75 74.663 -0.95702 0.48996
0.98039 50.285 90.896 30.501 74.642 -1.0379 0.48821
0.98025 50.237 91.116 30.254 74.624 -1.1194 0.4889
0.98016 50.198 91.334 30.016 74.607 -1.1965 0.49163
0.98012 50.169 91.523 29.793 74.593 -1.2643 0.49587
0.98011 50.153 91.66 29.592 74.579 -1.3187 0.50105
0.98012 50.153 91.724 29.418 74.567 -1.3563 0.5065
0.98014 50.172 91.702 29.275 74.557 -1.3749 0.51158
0.98015 50.212 91.589 29.165 74.548 -1.3736 0.51565
0.98013 50.274 91.389 29.089 74.542 -1.3527 0.51818
0.98007 50.359 91.115 29.047 74.541 -1.3136 0.51872
0.97995 50.464 90.79 29.034 74.545 -1.2592 0.51699
0.97977 50.587 90.44 29.048 74.557 -1.1931 0.51286
0.97953 50.723 90.096 29.083 74.58 -1.12 0.50639
0.97924 50.869 89.789 29.134 74.614 -1.0449 0.49781
0.97892 51.019 89.546 29.196 74.66 -0.97333 0.48752
0.97859 51.167 89.39 29.262 74.719 -0.91082 0.47606
0.97826 51.308 89.336 29.33 74.791 -0.86262 0.46407
0.97797 51.438 89.391 29.395 74.875 -0.83349 0.45227
0.97772 51.553 89.558 29.456 74.966 -0.82743 0.44137
0.97754 51.65 89.829 29.513 75.063 -0.84751 0.43205
0.97744 51.727 90.193 29.564 75.161 -0.89572 0.42489
0.97742 51.782 90.635 29.613 75.256 -0.97283 0.42033
0.97749 51.816 91.138 29.659 75.342 -1.0784 0.41862
0.97765 51.828 91.682 29.706 75.414 -1.2108 0.41984
0.97787 51.818 92.248 29.756 75.469 -1.3671 0.42382
0.97815 51.788 92.817 29.809 75.503 -1.5437 0.43022
0.97846 51.739 93.37 29.867 75.514 -1.7359 0.43847
0.97878 51.672 93.887 29.929 75.501 -1.9385 0.4479
0.97908 51.59 94.349 29.994 75.465 -2.1459 0.45772
0.97935 51.495 94.738 30.06 75.408 -2.3525 0.4671
0.97956 51.39 95.039 30.125 75.333 -2.5527 0.47527
0.97969 51.279 95.239 30.185 75.247 -2.7414 0.48153
0.97973 51.164 95.328 30.238 75.155 -2.9142 0.48533
0.97968 51.05 95.305 30.279 75.064 -3.0673 0.48635
0.97954 50.94 95.172 30.308 74.981 -3.1981 0.48446
0.97933 50.838 94.937 30.321 74.913 -3.3048 0.47982
0.97905 50.747 94.613 30.32 74.864 -3.3869 0.47281
0.97874 50.67 94.218 30.305 74.839 -3.4447 0.46402
0.97842 50.609 93.772 30.278 74.84 -3.4796 0.45421
0.97812 50.565 93.294 30.243 74.869 -3.4941 0.44426
0.97785 50.539 92.804 30.205 74.922 -3.4909 0.43508
0.97765 50.53 92.318 30.17 74.999 -3.4737 0.42753
0.97751 50.538 91.849 30.143 75.093 -3.4461 0.42239
0.97745 50.561 91.408 30.131 75.2 -3.412 0.42023
0.97746 50.595 91.003 30.139 75.313 -3.3752 0.42141
0.97753 50.64 90.64 30.172 75.426 -3.3388 0.42604
0.97766 50.69 90.324 30.234 75.532 -3.3058 0.43393
0.97781 50.743 90.063 30.325 75.627 -3.2783 0.44464
0.97798 50.796 89.861 30.447 75.705 -3.2575 0.45748
0.97814 50.846 89.726 30.598 75.764 -3.244 0.4716
0.97829 50.888 89.661 30.773 75.801 -3.2375 0.486
0.97841 50.92 89.67 30.967 75.816 -3.237 0.49965
0.97849 50.939 89.75 31.173 75.81 -3.2409 0.51156
0.97854 50.945 89.893 31.385 75.786 -3.247 0.52084
0.97855 50.935 90.087 31.592 75.746 -3.2531 0.52679
0.97855 50.91 90.312 31.788 75.694 -3.2568 0.52893
0.97854 50.87 90.542 31.963 75.634 -3.2558 0.52708
0.97852 50.818 90.749 32.111 75.571 -3.2482 0.52131
0.97852 50.756 90.908 32.226 75.509 -3.2329 0.512
0.97855 50.69 90.993 32.303 75.452 -3.209 0.49977
0.9786 50.622 90.987 32.341 75.402 -3.1766 0.48547
0.97868 50.56 90.883 32.337 75.363 -3.1364 0.47009
0.97878 50.509 90.681 32.295 75.337 -3.0897 0.45471
0.97889 50.473 90.397 32.215 75.325 -3.0383 0.44041
0.97901 50.457 90.054 32.104 75.327 -2.9844 0.42822
0.97911 50.463 89.685 31.968 75.343 -2.9299 0.41902
0.97919 50.493 89.327 31.812 75.372 -2.8768 0.41352
0.97925 50.545 89.018 31.644 75.413 -2.8265 0.41219
0.97926 50.617 88.798 31.473 75.464 -2.7799 0.41523
0.97923 50.705 88.696 31.306 75.524 -2.737 0.42257
0.97916 50.803 88.736 31.151 75.589 -2.6967 0.43388
0.97906 50.905 88.931 31.014 75.659 -2.6572 0.44859
0.97893 51.004 89.279 30.902 75.729 -2.6158 0.46594
0.97878 51.094 89.768 30.817 75.798 -2.5692 0.48499
0.97864 51.171 90.372 30.765 75.863 -2.5136 0.50472
0.97851 51.232 91.056 30.745 75.921 -2.4449 0.52406
0.9784 51.274 91.778 30.757 75.969 -2.3596 0.54199
0.97835 51.299 92.492 30.799 76.005 -2.2542 0.55754
0.97836 51.309 93.151 30.866 76.028 -2.1265 0.56988
0.97844 51.307 93.714 30.953 76.037 -1.9752 0.57837
0.9786 51.298 94.151 31.052 76.03 -1.8004 0.58258
0.97884 51.288 94.441 31.154 76.009 -1.6033 0.58231
0.97916 51.281 94.578 31.249 75.974 -1.3868 0.5776
0.97955 51.282 94.571 31.327 75.929 -1.155 0.56874
0.97998 51.294 94.441 31.38 75.877 -0.91277 0.55627
0.98043 51.317 94.22 31.398 75.82 -0.66605 0.54094
0.98088 51.351 93.945 31.374 75.762 -0.42092 0.52365
0.98129 51.391 93.654 31.302 75.707 -0.1835 0.50549
0.98163 51.434 93.379 31.18 75.657 0.040579 0.48761
0.98186 51.473 93.144 31.008 75.616 0.24652 0.47119
0.98197 51.5 92.961 30.788 75.584 0.43071 0.4574
0.98193 51.51 92.829 30.528 75.562 0.59095 0.44734
0.98173 51.495 92.734 30.235 75.552 0.72665 0.44195
0.98138 51.452 92.654 29.922 75.551 0.83882 0.44201
0.98088 51.377 92.56 29.6 75.559 0.93002 0.44805
0.98027 51.271 92.426 29.284 75.574 1.0042 0.46034
0.97958 51.135 92.23 28.986 75.596 1.0662 0.47886
0.97884 50.976 91.961 28.721 75.621 1.1217 0.5033
0.97812 50.8 91.62 28.499 75.65 1.1765 0.53309
0.97745 50.617 91.223 28.329 75.68 1.2361 0.56737
0.97689 50.438 90.799 28.216 75.71 1.3056 0.60508
0.97646 50.272 90.387 28.162 75.74 1.3884 0.64501
0.97621 50.131 90.029 28.166 75.768 1.4869 0.68581
0.97613 50.021 89.768 28.222 75.795 1.6016 0.72615
0.97625 49.951 89.641 28.324 75.818 1.7311 0.7647
0.97653 49.922 89.672 28.461 75.838 1.8722 0.80027
0.97697 49.935 89.87 28.621 75.855 2.0202 0.83184
0.97752 49.987 90.227 28.793 75.867 2.1687 0.85861
0.97814 50.073 90.72 28.965 75.874 2.3108 0.88004
0.97879 50.185 91.309 29.126 75.876 2.4385 0.89589
0.97941 50.312 91.946 29.268 75.874 2.5444 0.90619
0.97998 50.447 92.578 29.384 75.867 2.6213 0.91125
0.98044 50.578 93.149 29.471 75.855 2.6631 0.91161
0.98078 50.698 93.614 29.529 75.84 2.6654 0.90799
0.98098 50.8 93.935 29.561 75.822 2.6252 0.90126
0.98103 50.879 94.09 29.57 75.802 2.5419 0.89232
0.98094 50.932 94.07 29.565 75.779 2.4165 0.88211
0.98073 50.961 93.884 29.553 75.755 2.2522 0.87146
0.98043 50.966 93.551 29.542 75.73 2.0539 0.86113
0.98008 50.954 93.103 29.541 75.704 1.8277 0.85169
0.97971 50.928 92.578 29.557 75.676 1.5809 0.84351
0.97936 50.895 92.014 29.595 75.646 1.3214 0.8368
0.97907 50.862 91.451 29.659 75.613 1.057 0.83152
0.97886 50.835 90.921 29.75 75.578 0.79537 0.82749
0.97876 50.819 90.45 29.867 75.539 0.54371 0.82437
0.97876 50.818 90.056 30.005 75.497 0.30818 0.82168
0.97887 50.836 89.746 30.16 75.451 0.093993 0.81891
0.97906 50.873 89.52 30.324 75.402 -0.094787 0.8155
0.9793 50.928 89.369 30.489 75.351 -0.25521 0.81093
0.97956 50.998 89.28 30.647 75.297 -0.3854 0.80474
0.97979 51.08 89.235 30.789 75.241 -0.48444 0.79655
0.97996 51.168 89.213 30.907 75.185 -0.55229 0.7861
0.98002 51.256 89.195 30.997 75.13 -0.58963 0.77325
0.97994 51.339 89.161 31.053 75.076 -0.59777 0.758
0.97972 51.409 89.097 31.073 75.025 -0.57862 0.74046
0.97934 51.462 88.99 31.057 74.977 -0.53459 0.72081
0.97883 51.493 88.837 31.007 74.933 -0.46863 0.69936
0.97822 51.499 88.637 30.927 74.894 -0.38423 0.67644
0.97753 51.479 88.398 30.821 74.861 -0.28541 0.65241
0.97683 51.433 88.133 30.695 74.833 -0.17675 0.62768
0.97616 51.363 87.862 30.556 74.812 -0.063337 0.60261
0.97558 51.274 87.607 30.409 74.797 0.049295 0.57757
0.97512 51.169 87.395 30.26 74.79 0.15532 0.5529
0.97483 51.054 87.254 30.114 74.79 0.24879 0.52891
0.97471 50.937 87.209 29.974 74.799 0.32389 0.50589
0.97476 50.823 87.281 29.843 74.815 0.37523 0.4841
0.97498 50.717 87.486 29.721 74.839 0.39811 0.46382
0.97533 50.624 87.829 29.608 74.87 0.38886 0.44527
0.97578 50.546 88.306 29.504 74.907 0.3451 0.42871
0.97628 50.484 88.902 29.406 74.948 0.26593 0.41435
0.97677 50.437 89.59 29.313 74.993 0.15211 0.4024
0.97723 50.404 90.336 29.222 75.038 0.0060778 0.39306
0.97762 50.379 91.096 29.133 75.08 -0.16809 0.38647
0.97791 50.358 91.826 29.043 75.118 -0.36486 0.38271
0.9781 50.336 92.48 28.954 75.15 -0.57746 0.3818
0.97817 50.308 93.016 28.866 75.171 -0.79823 0.38367
0.97815 50.267 93.403 28.78 75.183 -1.019 0.38815
0.97805 50.212 93.617 28.698 75.182 -1.2316 0.39499
0.97791 50.139 93.652 28.621 75.17 -1.4281 0.40382
0.97775 50.049 93.512 28.551 75.146 -1.6014 0.41418
0.97759 49.943 93.217 28.491 75.112 -1.7454 0.42555
0.97748 49.825 92.799 28.441 75.07 -1.8554 0.43736
0.97742 49.7 92.298 28.401 75.022 -1.9283 0.44902
0.97744 49.575 91.76 28.371 74.97 -1.9626 0.45994
0.97754 49.459 91.233 28.349 74.917 -1.9582 0.4696
0.97771 49.358 90.76 28.334 74.865 -1.9169 0.47754
0.97796 49.281 90.377 28.323 74.816 -1.8414 0.48341
0.97826 49.234 90.112 28.314 74.772 -1.7357 0.48698
0.9786 49.221 89.979 28.303 74.734 -1.6045 0.48818
0.97896 49.244 89.98 28.29 74.7 -1.453 0.48705
0.9793 49.305 90.104 28.272 74.672 -1.2863 0.4838
0.97961 49.402 90.329 28.249 74.647 -1.1094 0.47873
0.97987 49.529 90.626 28.221 74.626 -0.92703 0.47228
0.98006 49.683 90.958 28.189 74.606 -0.74299 0.46494
0.98017 49.857 91.287 28.155 74.586 -0.56041 0.45725
0.9802 50.043 91.578 28.121 74.567 -0.38151 0.44977
0.98015 50.234 91.802 28.09 74.547 -0.20764 0.44305
0.98002 50.424 91.938 28.066 74.528 -0.039312 0.43757
0.97982 50.608 91.975 28.05 74.51 0.12361 0.43376
0.97957 50.779 91.916 28.045 74.494 0.28181 0.43195
0.97928 50.935 91.773 28.054 74.483 0.43623 0.43237
0.97897 51.073 91.569 28.076 74.478 0.58792 0.43513
0.97864 51.191 91.333 28.113 74.48 0.73775 0.44024
0.97832 51.289 91.097 28.164 74.492 0.88626 0.44757
0.97801 51.366 90.894 28.229 74.512 1.0335 0.45693
0.97772 51.424 90.749 28.305 74.542 1.1787 0.468
0.97747 51.462 90.685 28.392 74.58 1.3208 0.4804
0.97727 51.483 90.714 28.488 74.624 1.4577 0.4937
0.97713 51.487 90.838 28.591 74.671 1.5868 0.50743
0.97705 51.476 91.052 28.7 74.721 1.7053 0.52109
0.97704 51.452 91.342 28.812 74.769 1.8098 0.5342
0.9771 51.418 91.687 28.928 74.814 1.8971 0.54628
0.97722 51.375 92.066 29.045 74.854 1.9641 0.55693
0.97741 51.327 92.453 29.161 74.888 2.0081 0.56578
0.97764 51.276 92.824 29.275 74.914 2.0272 0.57257
0.97791 51.228 93.156 29.385 74.934 2.0201 0.57713
0.97819 51.184 93.429 29.488 74.947 1.9865 0.57939
0.97847 51.149 93.627 29.581 74.955 1.9271 0.57941
0.97873 51.126 93.738 29.659 74.96 1.8435 0.57736
0.97896 51.118 93.753 29.721 74.962 1.7383 0.57351
0.97915 51.127 93.667 29.761 74.963 1.6146 0.56826
0.97929 51.154 93.482 29.777 74.964 1.4764 0.56205
0.97938 51.198 93.2 29.766 74.966 1.3278 0.5554
0.97942 51.26 92.831 29.725 74.969 1.1733 0.54883
0.97942 51.336 92.389 29.654 74.973 1.0173 0.54287
0.97939 51.423 91.89 29.554 74.976 0.8638 0.53796
0.97935 51.517 91.354 29.426 74.979 0.7166 0.53449
0.97931 51.614 90.804 29.274 74.98 0.57878 0.53269
0.97927 51.708 90.26 29.103 74.978 0.45274 0.53269
0.97926 51.797 89.744 28.919 74.971 0.34011 0.53441
0.97927 51.876 89.273 28.73 74.96 0.24172 0.53764
0.9793 51.943 88.862 28.542 74.943 0.15761 0.54199
0.97934 51.998 88.518 28.364 74.92 0.087068 0.54693
0.97939 52.038 88.248 28.201 74.893 0.02876 0.55183
0.97943 52.067 88.05 28.06 74.861 -0.019187 0.556
0.97945 52.085 87.922 27.944 74.826 -0.059003 0.55871
0.97945 52.096 87.855 27.857 74.789 -0.093109 0.55926
0.97941 52.102 87.84 27.799 74.751 -0.12392 0.55706
0.97933 52.106 87.867 27.768 74.712 -0.15367 0.55161
0.97923 52.112 87.925 27.761 74.673 -0.18419 0.54262
0.9791 52.122 88.002 27.773 74.635 -0.21676 0.52997
0.97897 52.137 88.091 27.798 74.597 -0.25199 0.51375
0.97885 52.158 88.183 27.829 74.56 -0.28968 0.49429
0.97874 52.187 88.273 27.857 74.524 -0.32882 0.47211
0.97868 52.221 88.357 27.877 74.489 -0.36758 0.44789
0.97866 52.26 88.434 27.88 74.457 -0.40341 0.42246
0.9787 52.304 88.503 27.864 74.429 -0.43315 0.39676
0.9788 52.349 88.567 27.823 74.406 -0.45331 0.37173
0.97896 52.395 88.629 27.756 74.391 -0.46026 0.34832
0.97917 52.44 88.696 27.665 74.386 -0.45056 0.3274
0.97942 52.484 88.774 27.551 74.392 -0.42125 0.30974
0.97971 52.525 88.871 27.418 74.412 -0.37018 0.29593
0.98 52.564 88.996 27.273 74.446 -0.29624 0.28641
0.9803 52.599 89.156 27.122 74.493 -0.19963 0.28139
0.98058 52.631 89.359 26.973 74.552 -0.081968 0.28089
0.98082 52.659 89.61 26.833 74.621 0.053646 0.28476
0.981 52.682 89.912 26.708 74.697 0.20268 0.29264
0.98111 52.699 90.266 26.604 74.775 0.35931 0.30404
0.98113 52.71 90.667 26.527 74.853 0.51669 0.31834
0.98105 52.712 91.11 26.479 74.925 0.66729 0.33484
0.98087 52.704 91.585 26.461 74.988 0.80331 0.3528
0.98057 52.685 92.081 26.474 75.039 0.9171 0.37148
0.98016 52.654 92.586 26.516 75.077 1.0017 0.39016
0.97965 52.61 93.086 26.585 75.102 1.0512 0.40814
0.97905 52.555 93.569 26.678 75.112 1.0611 0.42484
0.9784 52.49 94.024 26.793 75.111 1.0289 0.43974
0.97772 52.42 94.442 26.926 75.098 0.95408 0.45241
0.97704 52.348 94.816 27.076 75.077 0.83806 0.46253
0.97639 52.282 95.143 27.242 75.049 0.68452 0.46987
0.97582 52.228 95.423 27.422 75.017 0.49901 0.47429
0.97534 52.193 95.658 27.618 74.981 0.28874 0.47572
0.97498 52.183 95.85 27.83 74.942 0.062145 0.47417
0.97477 52.205 96.004 28.059 74.899 -0.17154 0.4697
0.97471 52.262 96.124 28.305 74.853 -0.40282 0.46244
0.9748 52.352 96.214 28.568 74.803 -0.62247 0.45254
0.97503 52.474 96.277 28.845 74.748 -0.82204 0.44019
0.9754 52.618 96.317 29.132 74.688 -0.99428 0.42564
0.97588 52.772 96.334 29.423 74.623 -1.1336 0.40913
0.97645 52.92 96.33 29.708 74.554 -1.2361 0.39096
0.97708 53.041 96.307 29.975 74.483 -1.2999 0.37145
0.97775 53.111 96.265 30.211 74.41 -1.3252 0.35097
0.97843 53.105 96.205 30.402 74.34 -1.3138 0.3299
0.97908 52.999 96.126 30.532 74.274 -1.2689 0.30866
0.97969 52.768 96.028 30.588 74.214 -1.1951 0.2877
0.98023 52.394 95.906 30.555 74.163 -1.0975 0.26747
0.98069 51.863 95.757 30.424 74.12 -0.98135 0.24847
0.98105 51.168 95.575 30.189 74.087 -0.85186 0.23115
0.9813 50.308 95.353 29.848 74.063 -0.71349 0.216
0.98143 49.295 95.083 29.405 74.046 -0.56983 0.20344
0.98145 48.145 94.761 28.869 74.035 -0.4233 0.19388
0.98137 46.886 94.383 28.253 74.028 -0.27518 0.18763
0.98119 45.548 93.947 27.576 74.022 -0.12565 0.18497
0.98094 44.17 93.457 26.859 74.015 0.026019 0.18607
0.98064 42.791 92.92 26.126 74.006 0.18111 0.19099
0.98032 41.452 92.347 25.403 73.993 0.34112 0.1997
0.97999 40.19 91.754 24.714 73.976 0.50732 0.21206
0.9797 39.04 91.156 24.081 73.954 0.68039 0.2278
0.97946 38.029 90.574 23.523 73.93 0.86009 0.24654
0.97929 37.178 90.027 23.055 73.902 1.045 0.26783
0.9792 36.498 89.535 22.686 73.874 1.2324 0.2911
0.97921 35.991 89.114 22.42 73.846 1.4186 0.31572
0.97929 35.652 88.779 22.255 73.819 1.5987 0.34103
0.97945 35.467 88.542 22.184 73.795 1.7672 0.36633
0.97966 35.414 88.411 22.196 73.775 1.9186 0.39093
0.97989 35.471 88.39 22.276 73.759 2.0477 0.41417
0.98012 35.608 88.479 22.408 73.746 2.1503 0.43545
0.98032 35.8 88.672 22.573 73.736 2.2233 0.45425
0.98046 36.019 88.96 22.755 73.729 2.2658 0.47018
0.98054 36.241 89.329 22.938 73.722 2.2787 0.48294
0.98052 36.448 89.76 23.11 73.716 2.2652 0.4924
0.98041 36.625 90.229 23.262 73.709 2.2304 0.49854
0.98022 36.762 90.708 23.389 73.7 2.1811 0.5015
0.97994 36.853 91.168 23.49 73.687 2.1255 0.50155
0.97959 36.899 91.576 23.567 73.672 2.0722 0.49904
0.97919 36.903 91.902 23.625 73.653 2.0296 0.49445
0.97877 36.871 92.118 23.672 73.632 2.0055 0.48828
0.97834 36.811 92.203 23.716 73.61 2.0059 0.48111
0.97792 36.733 92.145 23.766 73.587 2.0349 0.47346
0.97753 36.646 91.944 23.828 73.566 2.094 0.46588
0.97718 36.561 91.613 23.909 73.548 2.182 0.45882
0.9769 36.486 91.179 24.011 73.534 2.2951 0.45269
0.97669 36.429 90.683 24.132 73.525 2.4269 0.44779
0.97655 36.395 90.176 24.269 73.522 2.5692 0.44434
0.97649 36.39 89.72 24.415 73.524 2.7124 0.44245
0.97651 36.415 89.375 24.56 73.53 2.8465 0.44215
0.9766 36.472 89.201 24.691 73.539 2.9614 0.44339
0.97675 36.56 89.249 24.796 73.55 3.0482 0.44606
0.97695 36.678 89.556 24.862 73.561 3.0996 0.45001
0.97717 36.823 90.142 24.878 73.57 3.1106 0.45505
0.9774 36.992 91.005 24.835 73.577 3.0784 0.46098
0.9776 37.18 92.12 24.729 73.581 3.0035 0.46762
0.97775 37.383 93.442 24.558 73.583 2.8884 0.4748
0.97784 37.597 94.907 24.327 73.583 2.7384 0.48235
0.97784 37.817 96.438 24.043 73.583 2.5604 0.49014
0.97775 38.039 97.948 23.721 73.586 2.3629 0.49806
0.97755 38.259 99.349 23.378 73.592 2.1547 0.506
0.97725 38.473 100.56 23.034 73.604 1.9448 0.51388
0.97686 38.679 101.51 22.712 73.623 1.7415 0.5216
0.97641 38.874 102.16 22.434 73.649 1.5519 0.52905
0.97592 39.056 102.46 22.222 73.683 1.3814 0.5361
0.97541 39.224 102.41 22.095 73.724 1.2335 0.54261
0.97493 39.378 102.03 22.069 73.768 1.1099 0.54839
0.97451 39.518 101.35 22.152 73.815 1.0103 0.55327
0.97417 39.643 100.43 22.349 73.86 0.93279 0.55704
0.97393 39.755 99.322 22.658 73.9 0.87411 0.55949
0.97381 39.855 98.111 23.07 73.933 0.8302 0.56042
0.97382 39.943 96.867 23.57 73.956 0.79655 0.55968
0.97394 40.019 95.662 24.137 73.967 0.76877 0.55714
0.97418 40.084 94.56 24.747 73.965 0.74295 0.55275
0.97452 40.137 93.614 25.372 73.951 0.71606 0.54653
0.97492 40.175 92.86 25.984 73.925 0.68616 0.53859
0.97539 40.199 92.32 26.555 73.89 0.65252 0.52912
0.97588 40.203 91.999 27.058 73.848 0.6157 0.5184
0.97639 40.186 91.886 27.472 73.802 0.57734 0.5068
0.97688 40.145 91.958 27.778 73.756 0.54002 0.49473
0.97734 40.077 92.18 27.965 73.712 0.50693 0.48266
0.97776 39.981 92.509 28.028 73.674 0.48154 0.47106
0.97812 39.855 92.9 27.968 73.643 0.46723 0.46042
0.97841 39.702 93.309 27.792 73.62 0.46696 0.45115
0.97862 39.523 93.696 27.515 73.607 0.48297 0.44362
0.97874 39.324 94.027 27.154 73.603 0.51653 0.4381
0.97878 39.111 94.278 26.73 73.608 0.5678 0.43476
0.97874 38.892 94.433 26.266 73.619 0.63581 0.43366
0.97862 38.676 94.489 25.786 73.637 0.71849 0.43474
0.97844 38.471 94.449 25.312 73.659 0.81283 0.43783
0.97821 38.287 94.329 24.865 73.685 0.9151 0.4427
0.97795 38.131 94.151 24.462 73.714 1.0211 0.44903
0.97767 38.01 93.943 24.117 73.745 1.1266 0.45646
0.97739 37.929 93.737 23.839 73.78 1.2274 0.46464
0.97712 37.89 93.568 23.632 73.817 1.3198 0.47321
0.97686 37.892 93.467 23.497 73.858 1.4007 0.48185
0.97664 37.933 93.465 23.431 73.904 1.4679 0.49031
0.97644 38.008 93.585 23.428 73.953 1.5199 0.49837
0.97626 38.11 93.839 23.48 74.005 1.556 0.50591
0.97611 38.231 94.231 23.577 74.06 1.5765 0.51285
0.97598 38.364 94.752 23.709 74.116 1.5821 0.51916
0.97587 38.499 95.379 23.868 74.17 1.574 0.52486
0.97578 38.629 96.079 24.045 74.219 1.5538 0.52999
0.97571 38.747 96.811 24.232 74.262 1.5229 0.5346
0.97566 38.849 97.529 24.425 74.295 1.483 0.53874
0.97563 38.93 98.186 24.619 74.316 1.4359 0.54246
0.97562 38.99 98.736 24.811 74.324 1.383 0.54579
0.97563 39.029 99.146 25.001 74.318 1.326 0.54874
0.97565 39.049 99.391 25.187 74.3 1.2667 0.55135
0.97568 39.054 99.462 25.369 74.27 1.2071 0.55365
0.97571 39.046 99.364 25.547 74.231 1.1495 0.55565
0.97574 39.031 99.116 25.72 74.186 1.0965 0.55744
0.97574 39.013 98.747 25.886 74.138 1.0511 0.55908
0.97571 38.996 98.295 26.045 74.09 1.0164 0.56067
0.97566 38.982 97.8 26.194 74.046 0.99552 0.56233
0.97557 38.974 97.3 26.331 74.008 0.99124 0.56416
0.97544 38.972 96.83 26.454 73.978 1.0057 0.56625
0.97528 38.977 96.417 26.559 73.957 1.0398 0.56866
0.9751 38.987 96.081 26.646 73.946 1.0934 0.57137
0.9749 39 95.834 26.712 73.943 1.1644 0.57429
0.97469 39.012 95.682 26.758 73.949 1.249 0.57727
0.97448 39.022 95.627 26.782 73.962 1.3417 0.58002
0.9743 39.025 95.667 26.786 73.981 1.4352 0.5822
0.97415 39.02 95.799 26.771 74.004 1.521 0.5834
0.97405 39.005 96.017 26.739 74.031 1.5901 0.58316
0.97401 38.979 96.314 26.692 74.059 1.6335 0.58101
0.97403 38.944 96.681 26.631 74.088 1.6428 0.57655
0.97411 38.903 97.103 26.558 74.118 1.6115 0.56945
0.97426 38.858 97.562 26.474 74.146 1.5353 0.55949
0.97448 38.817 98.033 26.38 74.173 1.4131 0.54662
0.97475 38.784 98.488 26.275 74.198 1.247 0.53101
0.97508 38.767 98.894 26.16 74.219 1.0426 0.51296
0.97543 38.771 99.215 26.034 74.235 0.80898 0.49303
0.97581 38.801 99.417 25.896 74.247 0.55791 0.47189
0.97619 38.86 99.469 25.746 74.252 0.30331 0.45036
0.97654 38.951 99.348 25.584 74.251 0.060105 0.42936
0.97686 39.071 99.038 25.411 74.244 -0.15687 0.40978
0.97712 39.217 98.538 25.231 74.231 -0.3341 0.3925
0.97731 39.383 97.858 25.046 74.214 -0.4606 0.37828
0.9774 39.561 97.02 24.862 74.194 -0.52883 0.3677
0.9774 39.743 96.06 24.684 74.174 -0.53551 0.36115
0.9773 39.921 95.023 24.519 74.156 -0.482 0.35878
0.9771 40.087 93.962 24.374 74.142 -0.37431 0.36049
0.97682 40.236 92.933 24.256 74.135 -0.22274 0.36594
0.97645 40.365 91.992 24.173 74.138 -0.041086 0.3746
0.97604 40.475 91.193 24.13 74.152 0.15441 0.38578
0.97558 40.569 90.583 24.131 74.179 0.34639 0.39868
0.97512 40.654 90.198 24.179 74.22 0.51781 0.41244
0.97467 40.739 90.065 24.273 74.273 0.65335 0.42626
0.97425 40.833 90.197 24.412 74.339 0.74075 0.43937
0.97389 40.945 90.595 24.589 74.416 0.77182 0.45118
0.97359 41.085 91.243 24.799 74.5 0.74318 0.46121
0.97339 41.258 92.115 25.032 74.59 0.65655 0.4692
0.97327 41.464 93.17 25.276 74.681 0.51858 0.47503
0.97324 41.701 94.356 25.522 74.77 0.34033 0.47878
0.97329 41.96 95.613 25.758 74.853 0.13631 0.48066
0.97341 42.229 96.873 25.973 74.927 -0.076791 0.48097
0.97359 42.49 98.069 26.158 74.989 -0.2815 0.48008
0.97381 42.724 99.131 26.307 75.037 -0.46108 0.47837
0.97404 42.911 99.998 26.414 75.071 -0.60099 0.47618
0.97427 43.033 100.62 26.48 75.091 -0.69009 0.47381
0.97447 43.075 100.95 26.506 75.097 -0.7216 0.47146
0.97465 43.028 100.99 26.498 75.09 -0.69371 0.46923
0.97479 42.888 100.71 26.462 75.074 -0.60965 0.46716
0.97489 42.661 100.16 26.411 75.049 -0.47749 0.46515
0.97496 42.359 99.354 26.354 75.02 -0.30939 0.46309
0.97501 42.002 98.362 26.305 74.988 -0.12056 0.46081
0.97506 41.617 97.251 26.273 74.956 0.072016 0.45812
0.97511 41.23 96.097 26.269 74.926 0.25103 0.45489
0.97519 40.872 94.981 26.3 74.9 0.4003 0.45099
0.97531 40.571 93.984 26.371 74.878 0.50615 0.44638
0.97546 40.348 93.175 26.482 74.862 0.55851 0.44109
0.97564 40.219 92.614 26.629 74.852 0.55179 0.43521
0.97584 40.192 92.343 26.806 74.849 0.48531 0.42888
0.97604 40.266 92.386 27.001 74.853 0.36336 0.42232
0.97621 40.427 92.746 27.201 74.863 0.19487 0.4157
0.97633 40.659 93.405 27.392 74.878 -0.0073403 0.40925
0.97636 40.935 94.326 27.557 74.898 -0.22759 0.40312
0.9763 41.225 95.456 27.68 74.921 -0.44855 0.39742
0.97612 41.499 96.725 27.749 74.945 -0.6526 0.39221
0.97583 41.727 98.054 27.752 74.969 -0.82319 0.38744
0.97544 41.882 99.358 27.683 74.992 -0.94608 0.38305
0.97496 41.946 100.55 27.539 75.011 -1.0103 0.37888
0.97443 41.903 101.56 27.323 75.027 -1.009 0.37476
0.97388 41.751 102.31 27.042 75.038 -0.93985 0.37055
0.97334 41.492 102.75 26.709 75.045 -0.80484 0.36609
0.97287 41.137 102.85 26.338 75.046 -0.61036 0.36134
0.97249 40.705 102.6 25.948 75.045 -0.36631 0.3563
0.97223 40.219 102.02 25.56 75.04 -0.085399 0.3511
0.97211 39.705 101.14 25.191 75.035 0.21798 0.34599
0.97214 39.191 100.02 24.862 75.029 0.52878 0.3413
0.97233 38.702 98.725 24.589 75.025 0.83243 0.33746
0.97267 38.264 97.34 24.383 75.025 1.1158 0.33496
0.97313 37.894 95.949 24.253 75.029 1.3678 0.33428
0.9737 37.607 94.632 24.203 75.038 1.5806 0.3359
0.97434 37.412 93.46 24.231 75.054 1.749 0.3402
0.97503 37.309 92.49 24.331 75.076 1.8712 0.34745
0.97573 37.296 91.76 24.496 75.105 1.9484 0.35776
0.9764 37.363 91.286 24.711 75.139 1.9842 0.37106
0.97702 37.498 91.065 24.963 75.177 1.9842 0.38707
0.97757 37.684 91.072 25.238 75.218 1.9553 0.40533
0.97802 37.905 91.264 25.52 75.261 1.9048 0.42519
0.97837 38.142 91.587 25.799 75.303 1.84 0.44587
0.9786 38.379 91.979 26.063 75.343 1.7674 0.46647
0.97872 38.601 92.38 26.304 75.377 1.692 0.48604
0.97873 38.796 92.735 26.518 75.406 1.6176 0.50361
0.97863 38.953 93.003 26.702 75.427 1.5461 0.51829
0.97845 39.069 93.158 26.858 75.439 1.4777 0.52926
0.97818 39.14 93.195 26.988 75.443 1.4113 0.53586
0.97783 39.17 93.129 27.097 75.438 1.3448 0.53762
0.97741 39.164 92.993 27.189 75.426 1.2754 0.53426
0.97693 39.129 92.832 27.269 75.408 1.2004 0.52571
0.9764 39.076 92.699 27.341 75.387 1.1174 0.51213
0.97582 39.017 92.647 27.409 75.364 1.0251 0.49391
0.97522 38.963 92.72 27.475 75.341 0.92348 0.4716
0.9746 38.924 92.952 27.538 75.321 0.81435 0.44596
0.97399 38.911 93.354 27.6 75.303 0.70122 0.41787
0.97342 38.93 93.921 27.657 75.288 0.58939 0.38833
0.9729 38.984 94.625 27.706 75.276 0.4857 0.35841
0.97248 39.076 95.42 27.747 75.265 0.39821 0.32921
0.97216 39.203 96.25 27.774 75.253 0.33563 0.30181
0.97197 39.358 97.052 27.787 75.238 0.3067 0.27726
0.97193 39.534 97.762 27.782 75.218 0.31951 0.25649
0.97203 39.721 98.328 27.76 75.191 0.38083 0.24031
0.97226 39.907 98.708 27.719 75.154 0.49543 0.22935
0.97262 40.081 98.88 27.661 75.107 0.66555 0.22404
0.97307 40.232 98.842 27.586 75.05 0.89048 0.22456
0.97357 40.35 98.61 27.497 74.982 1.1664 0.23088
0.97411 40.429 98.216 27.395 74.905 1.4865 0.24268
0.97463 40.466 97.706 27.283 74.82 1.8408 0.25942
0.9751 40.46 97.128 27.161 74.729 2.2171 0.28033
0.97551 40.414 96.534 27.032 74.634 2.6015 0.30446
0.97583 40.334 95.97 26.898 74.539 2.9788 0.3307
0.97606 40.229 95.471 26.76 74.445 3.3339 0.35788
0.97621 40.11 95.064 26.619 74.357 3.6523 0.38479
0.97628 39.988 94.763 26.477 74.278 3.9212 0.4103
0.9763 39.876 94.571 26.334 74.21 4.1303 0.43336
0.9763 39.786 94.484 26.193 74.159 4.2719 0.45311
0.9763 39.726 94.491 26.055 74.127 4.342 0.46889
0.97632 39.705 94.581 25.921 74.117 4.3402 0.48032
0.97638 39.727 94.745 25.794 74.132 4.2697 0.48725
0.97649 39.795 94.973 25.675 74.174 4.1369 0.48982
0.97664 39.907 95.261 25.567 74.244 3.9513 0.48838
0.97682 40.059 95.605 25.469 74.342 3.7248 0.48351
0.97702 40.245 96.001 25.384 74.466 3.4708 0.47593
0.9772 40.455 96.443 25.311 74.613 3.2036 0.46645
0.97734 40.68 96.92 25.25 74.777 2.9377 0.45592
0.97741 40.907 97.415 25.202 74.953 2.6869 0.44513
0.97738 41.125 97.903 25.166 75.134 2.4635 0.43482
0.97723 41.321 98.357 25.14 75.312 2.2777 0.42556
0.97694 41.487 98.745 25.124 75.479 2.1375 0.4178
0.97652 41.612 99.037 25.117 75.627 2.0477 0.41175
0.97597 41.692 99.206 25.119 75.751 2.0101 0.40747
0.97531 41.722 99.233 25.131 75.845 2.0231 0.40483
0.97455 41.701 99.112 25.153 75.905 2.0824 0.40354
0.97373 41.634 98.848 25.187 75.93 2.1804 0.40318
0.97288 41.526 98.46 25.234 75.92 2.3073 0.40325
0.97206 41.386 97.979 25.295 75.879 2.4513 0.40318
0.97129 41.226 97.447 25.373 75.81 2.599 0.40241
0.97061 41.059 96.91 25.469 75.719 2.7365 0.40041
0.97006 40.901 96.417 25.583 75.612 2.8501 0.3967
0.96967 40.764 96.016 25.715 75.496 2.9267 0.39091
0.96946 40.663 95.746 25.863 75.378 2.9549 0.38276
0.96942 40.608 95.639 26.024 75.265 2.9254 0.3721
0.96956 40.607 95.711 26.195 75.162 2.8319 0.35894
0.96987 40.665 95.968 26.37 75.073 2.6711 0.34338
0.97031 40.781 96.4 26.544 75.002 2.4433 0.32568
0.97087 40.95 96.984 26.709 74.95 2.1519 0.30617
0.97149 41.161 97.689 26.86 74.916 1.8041 0.28532
0.97214 41.402 98.472 26.991 74.898 1.4097 0.26361
0.97278 41.655 99.287 27.095 74.893 0.981 0.2416
0.97338 41.901 100.09 27.17 74.896 0.532 0.21985
0.97391 42.122 100.82 27.211 74.903 0.077724 0.19888
0.97435 42.299 101.45 27.219 74.909 -0.36663 0.1792
0.97469 42.417 101.93 27.194 74.909 -0.78649 0.16121
0.97492 42.462 102.24 27.139 74.9 -1.1686 0.14524
0.97506 42.428 102.36 27.058 74.881 -1.5016 0.1315
0.97513 42.314 102.28 26.956 74.851 -1.7767 0.12008
0.97514 42.121 102 26.842 74.814 -1.9876 0.11096
0.97512 41.86 101.54 26.72 74.772 -2.1312 0.10402
0.9751 41.542 100.93 26.599 74.731 -2.207 0.099035
0.9751 41.186 100.21 26.485 74.697 -2.2172 0.095698
0.97514 40.81 99.421 26.384 74.676 -2.1666 0.09367
0.97525 40.431 98.617 26.3 74.676 -2.0618 0.092588
0.97541 40.069 97.844 26.237 74.699 -1.911 0.092097
0.97565 39.737 97.144 26.195 74.751 -1.7235 0.091876
0.97594 39.449 96.553 26.174 74.832 -1.5092 0.09166
0.97629 39.21 96.094 26.174 74.942 -1.2779 0.091249
0.97667 39.024 95.779 26.19 75.077 -1.0393 0.090523
0.97707 38.889 95.603 26.221 75.232 -0.80236 0.089435
0.97748 38.801 95.554 26.261 75.399 -0.57481 0.088005
0.97787 38.753 95.609 26.307 75.571 -0.36322 0.086303
