//co2 data for Study 27 _2
steady: none
chosen_param: SaO2sup, Pa_CO2, P_a, Vmca_d, TOI_d, HbT_d, CCO_d
time_step: 1.0
******
0.98767 34.36 108.81 53.139 61.737 -1.181 -0.0031668
0.98785 34.364 108.89 52.979 61.708 -1.2307 0.00034632
0.98801 34.387 108.97 52.936 61.684 -1.2743 0.0045231
0.98814 34.427 109.06 53.005 61.671 -1.3103 0.0090431
0.98822 34.482 109.14 53.179 61.671 -1.3374 0.013545
0.98827 34.547 109.25 53.447 61.688 -1.3549 0.01765
0.98825 34.62 109.37 53.798 61.725 -1.3628 0.020988
0.98819 34.698 109.53 54.22 61.78 -1.3614 0.023226
0.98806 34.781 109.74 54.701 61.854 -1.352 0.024091
0.98788 34.865 110.01 55.228 61.945 -1.3359 0.023397
0.98766 34.95 110.34 55.789 62.048 -1.3152 0.021058
0.98741 35.036 110.74 56.373 62.16 -1.292 0.017103
0.98713 35.123 111.22 56.969 62.277 -1.2686 0.011681
0.98685 35.211 111.78 57.567 62.392 -1.2472 0.0050539
0.98658 35.299 112.4 58.159 62.502 -1.2298 -0.0024132
0.98632 35.387 113.08 58.733 62.601 -1.2178 -0.010271
0.9861 35.476 113.8 59.284 62.686 -1.2126 -0.018012
0.98591 35.563 114.54 59.803 62.753 -1.2146 -0.025101
0.98577 35.649 115.29 60.284 62.799 -1.2237 -0.031009
0.98568 35.73 116.02 60.72 62.824 -1.2394 -0.035248
0.98564 35.807 116.71 61.108 62.826 -1.2603 -0.037402
0.98564 35.876 117.34 61.445 62.808 -1.2847 -0.037161
0.98568 35.936 117.89 61.728 62.771 -1.3105 -0.034339
0.98574 35.986 118.35 61.958 62.719 -1.3355 -0.028895
0.9858 36.025 118.71 62.136 62.657 -1.3571 -0.020937
0.98586 36.053 118.97 62.267 62.59 -1.3732 -0.010719
0.98588 36.071 119.13 62.357 62.524 -1.3816 0.001371
0.98586 36.078 119.2 62.411 62.465 -1.3808 0.014833
0.98578 36.078 119.19 62.44 62.418 -1.3697 0.029086
0.98563 36.073 119.11 62.451 62.389 -1.3478 0.043501
0.9854 36.066 118.99 62.457 62.379 -1.3153 0.057446
0.9851 36.059 118.83 62.466 62.39 -1.2734 0.070319
0.98473 36.055 118.66 62.489 62.421 -1.2235 0.081592
0.98433 36.057 118.49 62.533 62.471 -1.1679 0.090838
0.9839 36.069 118.34 62.605 62.535 -1.1094 0.09776
0.98347 36.092 118.23 62.71 62.607 -1.0509 0.10221
0.98308 36.127 118.16 62.849 62.683 -0.9956 0.10417
0.98275 36.176 118.16 63.022 62.757 -0.94648 0.10381
0.9825 36.241 118.22 63.227 62.823 -0.90631 0.10138
0.98234 36.32 118.36 63.457 62.878 -0.87735 0.097267
0.98228 36.414 118.58 63.705 62.918 -0.86123 0.091926
0.98232 36.522 118.88 63.961 62.944 -0.85878 0.085852
0.98246 36.641 119.26 64.217 62.955 -0.86999 0.079546
0.98267 36.77 119.72 64.46 62.955 -0.89399 0.07348
0.98293 36.906 120.23 64.68 62.946 -0.92905 0.06807
0.98324 37.044 120.79 64.869 62.933 -0.97273 0.063647
0.98356 37.18 121.37 65.018 62.919 -1.022 0.060444
0.98388 37.309 121.95 65.122 62.908 -1.0735 0.058591
0.98418 37.426 122.5 65.175 62.902 -1.1238 0.05811
0.98445 37.524 123 65.178 62.904 -1.1692 0.058929
0.98468 37.6 123.41 65.131 62.912 -1.2069 0.060894
0.98486 37.648 123.73 65.036 62.926 -1.2341 0.063787
0.985 37.666 123.92 64.9 62.945 -1.2492 0.067352
0.98511 37.653 124 64.729 62.967 -1.2511 0.071314
0.98518 37.606 123.96 64.53 62.989 -1.2396 0.0754
0.98522 37.529 123.81 64.312 63.01 -1.2158 0.079357
0.98525 37.424 123.56 64.082 63.027 -1.181 0.082965
0.98527 37.295 123.24 63.85 63.04 -1.1377 0.086048
0.98528 37.147 122.88 63.621 63.049 -1.0886 0.088474
0.98529 36.987 122.49 63.402 63.054 -1.0367 0.090156
0.9853 36.821 122.11 63.198 63.054 -0.98514 0.091051
0.98531 36.656 121.75 63.012 63.05 -0.93662 0.09115
0.98532 36.498 121.43 62.846 63.041 -0.89357 0.090473
0.98533 36.353 121.16 62.7 63.028 -0.85779 0.089061
0.98533 36.225 120.95 62.573 63.01 -0.83031 0.08697
0.98533 36.117 120.8 62.464 62.986 -0.81139 0.084266
0.98533 36.032 120.7 62.369 62.955 -0.80049 0.081025
0.98533 35.971 120.65 62.287 62.916 -0.79638 0.07733
0.98534 35.933 120.64 62.214 62.869 -0.79722 0.073271
0.98535 35.916 120.64 62.148 62.814 -0.80076 0.068952
0.98538 35.919 120.67 62.086 62.75 -0.80457 0.064489
0.98543 35.938 120.7 62.029 62.68 -0.80622 0.060013
0.9855 35.973 120.72 61.976 62.605 -0.80353 0.055672
0.98558 36.019 120.73 61.93 62.529 -0.79478 0.051623
0.98568 36.076 120.73 61.894 62.456 -0.77882 0.048037
0.98578 36.143 120.73 61.873 62.39 -0.7552 0.045084
0.98587 36.219 120.71 61.874 62.337 -0.72424 0.042926
0.98595 36.304 120.7 61.904 62.301 -0.68699 0.041708
0.98601 36.399 120.69 61.97 62.288 -0.64515 0.041548
0.98603 36.503 120.71 62.081 62.301 -0.60097 0.042521
0.98601 36.618 120.74 62.243 62.342 -0.55702 0.044655
0.98596 36.742 120.8 62.462 62.413 -0.51604 0.047923
0.98588 36.874 120.9 62.743 62.511 -0.48069 0.052238
0.98576 37.012 121.03 63.086 62.634 -0.45336 0.057455
0.98564 37.154 121.19 63.49 62.777 -0.43592 0.063378
0.98551 37.294 121.38 63.949 62.934 -0.42964 0.069767
0.9854 37.429 121.6 64.456 63.095 -0.43504 0.076348
0.98533 37.555 121.84 64.997 63.255 -0.45183 0.082837
0.98531 37.667 122.1 65.559 63.405 -0.47894 0.088946
0.98534 37.761 122.37 66.123 63.537 -0.51458 0.094409
0.98544 37.836 122.64 66.673 63.647 -0.55636 0.098996
0.9856 37.89 122.91 67.188 63.73 -0.60148 0.10252
0.98582 37.922 123.18 67.652 63.785 -0.64689 0.10487
0.98608 37.934 123.44 68.047 63.813 -0.68953 0.10598
0.98636 37.926 123.66 68.362 63.814 -0.72652 0.10586
0.98665 37.902 123.86 68.586 63.795 -0.7554 0.1046
0.98692 37.865 124 68.716 63.759 -0.77422 0.1023
0.98714 37.817 124.09 68.754 63.713 -0.78173 0.099148
0.9873 37.761 124.12 68.706 63.662 -0.77739 0.095331
0.98737 37.7 124.09 68.583 63.613 -0.76143 0.091048
0.98736 37.636 123.99 68.403 63.569 -0.73475 0.086488
0.98725 37.572 123.84 68.185 63.534 -0.69889 0.081812
0.98704 37.509 123.65 67.952 63.509 -0.65581 0.077139
0.98674 37.451 123.44 67.726 63.496 -0.60781 0.072538
0.98637 37.399 123.24 67.532 63.491 -0.55728 0.068024
0.98595 37.357 123.06 67.39 63.494 -0.50656 0.063559
0.9855 37.328 122.95 67.318 63.502 -0.45779 0.059059
0.98505 37.314 122.91 67.33 63.511 -0.4127 0.05441
0.98463 37.32 122.97 67.433 63.519 -0.37262 0.04948
0.98426 37.348 123.12 67.631 63.523 -0.33835 0.044143
0.98396 37.4 123.38 67.918 63.523 -0.31018 0.038295
0.98374 37.478 123.72 68.286 63.517 -0.28798 0.031879
0.98362 37.581 124.11 68.72 63.507 -0.27121 0.024898
0.98361 37.707 124.52 69.201 63.493 -0.25911 0.017428
0.98368 37.851 124.9 69.708 63.477 -0.2508 0.009622
0.98383 38.009 125.2 70.215 63.462 -0.2454 0.0017125
0.98403 38.173 125.37 70.701 63.45 -0.24221 -0.0060011
0.98428 38.335 125.36 71.143 63.441 -0.24077 -0.013167
0.98453 38.486 125.12 71.521 63.437 -0.24096 -0.019405
0.98477 38.619 124.64 71.818 63.437 -0.24298 -0.02433
0.98498 38.725 123.9 72.023 63.441 -0.2474 -0.027588
0.98513 38.801 122.89 72.128 63.446 -0.25502 -0.028881
0.98521 38.843 121.65 72.131 63.449 -0.26682 -0.027995
0.98521 38.854 120.2 72.034 63.448 -0.2838 -0.024827
0.98513 38.837 118.59 71.841 63.441 -0.30683 -0.019397
0.98496 38.801 116.88 71.563 63.423 -0.33651 -0.011855
0.98471 38.757 115.13 71.209 63.394 -0.373 -0.0024799
0.9844 38.72 113.41 70.791 63.354 -0.41595 0.008334
0.98404 38.707 111.77 70.32 63.302 -0.46439 0.0201
0.98364 38.733 110.27 69.808 63.24 -0.51673 0.03227
0.98323 38.815 108.96 69.263 63.171 -0.57079 0.044269
0.98282 38.967 107.87 68.694 63.1 -0.6239 0.055534
0.98244 39.2 107.04 68.108 63.029 -0.67306 0.065554
0.98209 39.521 106.47 67.511 62.964 -0.71509 0.073905
0.98181 39.931 106.18 66.907 62.909 -0.74688 0.080278
0.9816 40.425 106.18 66.303 62.869 -0.76561 0.084502
0.98147 40.995 106.44 65.705 62.847 -0.76895 0.086547
0.98143 41.627 106.95 65.122 62.847 -0.7553 0.086533
0.98148 42.303 107.69 64.564 62.87 -0.72391 0.084704
0.98161 43.003 108.63 64.045 62.918 -0.67498 0.081418
0.98183 43.707 109.72 63.581 62.989 -0.60972 0.077104
0.98211 44.395 110.93 63.19 63.083 -0.53027 0.072234
0.98246 45.05 112.2 62.89 63.197 -0.43963 0.067281
0.98286 45.656 113.49 62.703 63.326 -0.34145 0.062679
0.9833 46.201 114.75 62.644 63.467 -0.23985 0.058796
0.98376 46.678 115.94 62.731 63.615 -0.13914 0.055902
0.98424 47.083 117.03 62.975 63.764 -0.043555 0.054155
0.98472 47.417 117.99 63.382 63.908 0.043008 0.053597
0.98519 47.684 118.82 63.952 64.044 0.11724 0.054156
0.98564 47.888 119.5 64.68 64.166 0.17658 0.055663
0.98605 48.038 120.05 65.551 64.273 0.21942 0.057877
0.98641 48.144 120.48 66.546 64.361 0.2451 0.060511
0.98671 48.215 120.82 67.641 64.432 0.25394 0.06327
0.98695 48.26 121.08 68.806 64.487 0.24717 0.065884
0.98711 48.287 121.3 70.011 64.527 0.2268 0.068134
0.98719 48.304 121.5 71.222 64.558 0.19541 0.069882
0.98719 48.318 121.71 72.409 64.582 0.15596 0.071082
0.98712 48.331 121.93 73.544 64.607 0.11155 0.07179
0.98699 48.347 122.2 74.604 64.635 0.065167 0.07216
0.9868 48.367 122.5 75.572 64.672 0.019537 0.072428
0.98658 48.391 122.83 76.436 64.721 -0.023094 0.072893
0.98634 48.42 123.2 77.191 64.786 -0.06105 0.073888
0.9861 48.451 123.59 77.84 64.867 -0.093293 0.075748
0.98588 48.484 123.99 78.391 64.964 -0.11942 0.078776
0.98569 48.517 124.38 78.854 65.076 -0.13962 0.083214
0.98556 48.55 124.74 79.246 65.201 -0.15457 0.089214
0.98548 48.58 125.05 79.583 65.334 -0.1653 0.096826
0.98546 48.608 125.31 79.882 65.472 -0.17306 0.10598
0.98551 48.632 125.5 80.159 65.61 -0.17915 0.11649
0.98561 48.653 125.6 80.428 65.742 -0.18478 0.12806
0.98577 48.671 125.62 80.697 65.865 -0.19095 0.14032
0.98596 48.685 125.55 80.974 65.975 -0.19837 0.15279
0.98618 48.696 125.39 81.259 66.068 -0.2074 0.16502
0.98641 48.703 125.16 81.551 66.144 -0.21804 0.17649
0.98664 48.706 124.86 81.843 66.202 -0.22995 0.18674
0.98686 48.705 124.51 82.127 66.244 -0.24256 0.19538
0.98704 48.699 124.13 82.393 66.27 -0.25508 0.20208
0.98719 48.688 123.75 82.629 66.284 -0.26665 0.20662
0.98729 48.672 123.38 82.823 66.289 -0.27641 0.20888
0.98735 48.65 123.06 82.965 66.288 -0.28362 0.20889
0.98737 48.622 122.82 83.047 66.284 -0.2877 0.20676
0.98735 48.589 122.66 83.062 66.281 -0.28831 0.20271
0.98729 48.55 122.6 83.006 66.28 -0.28535 0.19705
0.98721 48.508 122.65 82.879 66.281 -0.27894 0.19014
0.98712 48.462 122.82 82.683 66.286 -0.26943 0.18238
0.98703 48.415 123.1 82.423 66.292 -0.25731 0.17418
0.98695 48.367 123.47 82.106 66.3 -0.24318 0.16596
0.98688 48.32 123.92 81.742 66.305 -0.22762 0.15806
0.98684 48.275 124.44 81.342 66.308 -0.21117 0.1508
0.98682 48.233 125 80.916 66.305 -0.19427 0.14443
0.98684 48.196 125.6 80.477 66.295 -0.1772 0.13911
0.98689 48.164 126.2 80.037 66.276 -0.16006 0.13493
0.98697 48.137 126.81 79.607 66.248 -0.14279 0.13191
0.98708 48.115 127.41 79.198 66.211 -0.12519 0.12998
0.98721 48.098 127.98 78.817 66.166 -0.10696 0.12905
0.98735 48.085 128.53 78.472 66.113 -0.087754 0.12894
0.98751 48.077 129.03 78.169 66.055 -0.067273 0.12947
0.98766 48.072 129.46 77.91 65.993 -0.045299 0.13044
0.9878 48.07 129.81 77.697 65.93 -0.021767 0.13165
0.98793 48.071 130.05 77.529 65.869 0.0031986 0.13292
0.98803 48.076 130.15 77.404 65.813 0.029261 0.13408
0.98809 48.084 130.09 77.318 65.765 0.055876 0.13502
0.98812 48.097 129.83 77.265 65.727 0.082319 0.13567
0.9881 48.115 129.35 77.24 65.702 0.10773 0.13598
0.98804 48.14 128.63 77.235 65.691 0.13119 0.13597
0.98794 48.172 127.66 77.244 65.695 0.1518 0.13568
0.9878 48.212 126.46 77.262 65.716 0.16874 0.13518
0.98763 48.261 125.03 77.281 65.751 0.18138 0.13458
0.98744 48.317 123.43 77.298 65.8 0.18934 0.13398
0.98725 48.381 121.7 77.31 65.859 0.19252 0.1335
0.98706 48.45 119.92 77.314 65.925 0.19113 0.13323
0.98689 48.521 118.16 77.309 65.994 0.18572 0.13328
0.98675 48.593 116.51 77.296 66.061 0.17707 0.13372
0.98664 48.66 115.05 77.275 66.122 0.16622 0.13461
0.98658 48.721 113.85 77.249 66.173 0.15431 0.13598
0.98657 48.771 112.98 77.219 66.212 0.14257 0.13786
0.98661 48.808 112.47 77.187 66.236 0.13212 0.14024
0.98671 48.83 112.35 77.154 66.245 0.12397 0.14312
0.98685 48.834 112.6 77.123 66.239 0.11888 0.14648
0.98703 48.823 113.2 77.093 66.221 0.11729 0.15031
0.98724 48.796 114.09 77.064 66.194 0.11933 0.15458
0.98749 48.756 115.22 77.035 66.161 0.12476 0.15926
0.98774 48.707 116.5 77.006 66.127 0.133 0.16431
0.98801 48.651 117.86 76.974 66.095 0.1432 0.16968
0.98827 48.594 119.21 76.94 66.07 0.15429 0.17531
0.98851 48.537 120.5 76.9 66.054 0.16508 0.18109
0.98874 48.485 121.67 76.856 66.047 0.17436 0.18692
0.98895 48.44 122.66 76.807 66.052 0.18098 0.19262
0.98912 48.401 123.46 76.754 66.064 0.18397 0.19802
0.98926 48.37 124.04 76.698 66.083 0.18259 0.20287
0.98935 48.345 124.42 76.641 66.104 0.17638 0.20694
0.98941 48.324 124.62 76.585 66.123 0.1652 0.20996
0.98942 48.304 124.65 76.533 66.136 0.14922 0.21169
0.98939 48.284 124.56 76.487 66.137 0.12888 0.21188
0.98932 48.26 124.4 76.447 66.126 0.10484 0.21034
0.98922 48.231 124.19 76.416 66.099 0.077886 0.20695
0.98909 48.197 123.98 76.394 66.056 0.048883 0.20166
0.98894 48.158 123.81 76.382 66 0.018644 0.19451
0.98878 48.115 123.7 76.378 65.932 -0.012134 0.18565
0.98861 48.069 123.66 76.383 65.859 -0.042948 0.17533
0.98845 48.023 123.72 76.396 65.784 -0.073541 0.1639
0.98831 47.979 123.85 76.416 65.713 -0.10393 0.15177
0.98818 47.939 124.05 76.444 65.654 -0.13439 0.13945
0.98809 47.906 124.3 76.48 65.61 -0.16544 0.12746
0.98802 47.882 124.57 76.526 65.587 -0.19777 0.11631
0.98798 47.866 124.84 76.585 65.588 -0.23219 0.1065
0.98797 47.86 125.08 76.659 65.614 -0.26945 0.098455
0.98798 47.862 125.25 76.751 65.665 -0.31024 0.092515
0.98801 47.872 125.35 76.864 65.74 -0.35498 0.088893
0.98805 47.887 125.34 77 65.834 -0.40379 0.087672
0.9881 47.907 125.23 77.16 65.943 -0.45639 0.088796
0.98816 47.929 125.01 77.341 66.061 -0.51205 0.092069
0.9882 47.952 124.68 77.541 66.181 -0.56955 0.097171
0.98825 47.973 124.27 77.753 66.296 -0.62724 0.10368
0.98828 47.991 123.79 77.969 66.4 -0.6831 0.11109
0.9883 48.006 123.28 78.177 66.487 -0.7348 0.11888
0.98832 48.017 122.76 78.364 66.552 -0.77989 0.12649
0.98833 48.024 122.27 78.517 66.594 -0.81589 0.13341
0.98833 48.027 121.85 78.619 66.611 -0.84053 0.13922
0.98832 48.025 121.51 78.658 66.605 -0.85185 0.14355
0.98831 48.021 121.29 78.622 66.578 -0.84841 0.14619
0.98829 48.012 121.18 78.5 66.535 -0.8294 0.14703
0.98826 48 121.2 78.288 66.48 -0.79473 0.14613
0.98822 47.985 121.32 77.987 66.42 -0.74511 0.14363
0.98817 47.965 121.53 77.599 66.36 -0.68202 0.13982
0.9881 47.94 121.8 77.137 66.307 -0.60767 0.13505
0.98801 47.911 122.09 76.615 66.264 -0.52491 0.12975
0.98791 47.875 122.36 76.053 66.235 -0.43708 0.12436
0.9878 47.834 122.57 75.475 66.223 -0.34781 0.11933
0.98768 47.787 122.69 74.906 66.229 -0.26084 0.11506
0.98756 47.735 122.7 74.372 66.251 -0.17982 0.11191
0.98744 47.678 122.58 73.899 66.289 -0.10806 0.11014
0.98735 47.62 122.33 73.509 66.339 -0.048366 0.10993
0.98728 47.561 121.96 73.219 66.4 -0.0029092 0.11136
0.98725 47.504 121.48 73.044 66.468 0.026929 0.1144
0.98725 47.452 120.92 72.99 66.54 0.040595 0.11896
0.98729 47.408 120.32 73.057 66.612 0.03838 0.12485
0.98737 47.374 119.7 73.237 66.684 0.021378 0.13184
0.98747 47.352 119.1 73.518 66.753 -0.0086012 0.13969
0.98759 47.345 118.55 73.88 66.819 -0.049164 0.14812
0.9877 47.352 118.08 74.301 66.879 -0.097491 0.15686
0.98779 47.374 117.72 74.752 66.934 -0.15051 0.16568
0.98785 47.411 117.46 75.206 66.984 -0.20511 0.1744
0.98786 47.461 117.33 75.636 67.029 -0.25825 0.18286
0.9878 47.521 117.32 76.016 67.066 -0.30721 0.19096
0.98769 47.587 117.44 76.322 67.097 -0.34967 0.19866
0.9875 47.657 117.67 76.538 67.12 -0.3838 0.20595
0.98727 47.726 117.99 76.652 67.133 -0.40837 0.21284
0.987 47.789 118.4 76.658 67.137 -0.42273 0.21939
0.98671 47.842 118.88 76.557 67.13 -0.42682 0.22563
0.98643 47.883 119.4 76.356 67.112 -0.42111 0.23161
0.98617 47.909 119.93 76.067 67.084 -0.40651 0.23734
0.98596 47.919 120.46 75.71 67.048 -0.38431 0.2428
0.98583 47.912 120.97 75.304 67.006 -0.35601 0.24797
0.98577 47.891 121.42 74.875 66.961 -0.32326 0.25274
0.9858 47.858 121.82 74.446 66.917 -0.28773 0.25702
0.98592 47.816 122.13 74.04 66.876 -0.25101 0.26067
0.98611 47.77 122.36 73.681 66.843 -0.2145 0.26353
0.98637 47.722 122.51 73.386 66.819 -0.17941 0.26546
0.98667 47.677 122.57 73.169 66.806 -0.14667 0.26631
0.987 47.638 122.55 73.04 66.804 -0.11694 0.26597
0.98734 47.606 122.48 73.003 66.813 -0.090619 0.26439
0.98765 47.584 122.37 73.054 66.83 -0.06786 0.26153
0.98794 47.57 122.22 73.189 66.853 -0.048628 0.25744
0.98819 47.564 122.08 73.395 66.878 -0.032746 0.25225
0.98839 47.565 121.94 73.657 66.903 -0.019959 0.24612
0.98854 47.569 121.83 73.958 66.925 -0.0099966 0.23931
0.98863 47.574 121.75 74.278 66.94 -0.0026218 0.2321
0.98867 47.577 121.7 74.6 66.949 0.0023185 0.22483
0.98868 47.577 121.7 74.904 66.95 0.0048643 0.21786
0.98865 47.571 121.73 75.175 66.946 0.004926 0.21156
0.9886 47.559 121.79 75.4 66.937 0.0022869 0.20628
0.98854 47.54 121.87 75.571 66.926 -0.0033785 0.20232
0.98847 47.516 121.96 75.682 66.916 -0.01247 0.19995
0.9884 47.488 122.04 75.732 66.909 -0.025413 0.19936
0.98833 47.459 122.11 75.724 66.907 -0.042605 0.20064
0.98827 47.431 122.16 75.663 66.91 -0.064352 0.20383
0.98822 47.407 122.19 75.559 66.919 -0.090811 0.20882
0.98817 47.39 122.18 75.42 66.932 -0.12194 0.21544
0.98813 47.385 122.14 75.257 66.947 -0.15745 0.22344
0.98809 47.392 122.07 75.079 66.961 -0.1968 0.23247
0.98805 47.414 121.96 74.896 66.969 -0.23916 0.24214
0.98802 47.454 121.81 74.713 66.969 -0.28347 0.25202
0.98798 47.512 121.63 74.534 66.958 -0.32842 0.26168
0.98794 47.589 121.41 74.36 66.932 -0.37258 0.27067
0.98789 47.684 121.18 74.19 66.891 -0.41442 0.27862
0.98785 47.798 120.92 74.02 66.835 -0.4524 0.2852
0.98782 47.929 120.66 73.846 66.766 -0.48508 0.29015
0.98779 48.077 120.4 73.66 66.685 -0.51119 0.29331
0.98777 48.239 120.17 73.458 66.598 -0.5297 0.29464
0.98776 48.414 119.98 73.234 66.509 -0.53991 0.29416
0.98777 48.598 119.85 72.984 66.421 -0.54147 0.29201
0.98779 48.789 119.8 72.709 66.341 -0.53441 0.28841
0.98783 48.984 119.83 72.41 66.271 -0.51913 0.28361
0.98788 49.18 119.96 72.092 66.216 -0.49636 0.27793
0.98794 49.374 120.19 71.764 66.176 -0.46712 0.27168
0.98802 49.564 120.5 71.435 66.153 -0.43267 0.26515
0.98809 49.747 120.89 71.117 66.145 -0.39438 0.25859
0.98816 49.923 121.34 70.824 66.15 -0.3537 0.25218
0.98822 50.091 121.81 70.568 66.166 -0.31204 0.24602
0.98828 50.251 122.29 70.359 66.188 -0.27071 0.24013
0.98831 50.403 122.73 70.208 66.214 -0.23087 0.23443
0.98832 50.548 123.12 70.119 66.24 -0.19347 0.22879
0.98832 50.688 123.42 70.095 66.264 -0.15925 0.22301
0.98829 50.825 123.62 70.135 66.284 -0.12873 0.21684
0.98824 50.959 123.69 70.231 66.299 -0.10223 0.21007
0.98817 51.092 123.64 70.376 66.31 -0.079909 0.20248
0.9881 51.223 123.44 70.558 66.318 -0.061811 0.19395
0.98802 51.351 123.12 70.761 66.326 -0.047898 0.18441
0.98794 51.476 122.69 70.973 66.335 -0.03811 0.17393
0.98788 51.593 122.16 71.178 66.348 -0.032402 0.16269
0.98784 51.7 121.57 71.363 66.367 -0.030763 0.15099
0.98782 51.794 120.96 71.519 66.391 -0.03324 0.13925
0.98784 51.87 120.37 71.638 66.421 -0.039921 0.128
0.98788 51.925 119.84 71.716 66.457 -0.050925 0.11781
0.98796 51.957 119.42 71.752 66.497 -0.066358 0.10928
0.98806 51.963 119.15 71.749 66.538 -0.086276 0.10301
0.98819 51.944 119.07 71.714 66.578 -0.11063 0.099531
0.98832 51.899 119.2 71.653 66.615 -0.13923 0.099266
0.98844 51.833 119.55 71.578 66.647 -0.17168 0.1025
0.98855 51.747 120.13 71.497 66.673 -0.20736 0.10934
0.98862 51.646 120.92 71.419 66.692 -0.24541 0.11971
0.98865 51.536 121.88 71.353 66.705 -0.28475 0.13331
0.98862 51.421 122.98 71.304 66.711 -0.32408 0.14967
0.98852 51.306 124.17 71.276 66.711 -0.36194 0.16814
0.98836 51.196 125.39 71.271 66.705 -0.39677 0.18793
0.98814 51.095 126.58 71.287 66.695 -0.427 0.20815
0.98786 51.005 127.7 71.323 66.68 -0.45116 0.22786
0.98756 50.928 128.7 71.373 66.66 -0.46791 0.24616
0.98723 50.865 129.54 71.434 66.632 -0.47621 0.26218
0.98692 50.814 130.19 71.5 66.598 -0.47534 0.2752
0.98664 50.775 130.62 71.568 66.554 -0.46498 0.28466
0.98641 50.746 130.83 71.632 66.501 -0.44528 0.2902
0.98625 50.723 130.82 71.692 66.437 -0.41683 0.2917
0.98617 50.705 130.58 71.747 66.364 -0.38067 0.28925
0.98618 50.689 130.13 71.796 66.281 -0.33825 0.28317
0.98628 50.673 129.5 71.841 66.193 -0.29134 0.27399
0.98646 50.655 128.73 71.883 66.101 -0.24193 0.2624
0.98671 50.634 127.85 71.925 66.01 -0.19214 0.24921
0.98699 50.61 126.91 71.967 65.924 -0.14411 0.23527
0.9873 50.584 125.97 72.01 65.846 -0.099822 0.22148
0.98761 50.557 125.09 72.052 65.782 -0.061035 0.20865
0.98789 50.529 124.32 72.091 65.734 -0.029167 0.19752
0.98813 50.504 123.71 72.124 65.705 -0.0052207 0.18867
0.98831 50.484 123.31 72.146 65.696 0.010259 0.18252
0.98843 50.47 123.15 72.152 65.707 0.0172 0.17929
0.98847 50.464 123.26 72.137 65.739 0.015979 0.17902
0.98845 50.468 123.62 72.098 65.788 0.0073678 0.18156
0.98836 50.482 124.23 72.032 65.852 -0.0075497 0.18663
0.98823 50.505 125.05 71.94 65.927 -0.02748 0.19379
0.98807 50.539 126.02 71.825 66.01 -0.051034 0.20255
0.9879 50.58 127.08 71.693 66.096 -0.076847 0.21235
0.98772 50.627 128.15 71.554 66.181 -0.10368 0.22266
0.98757 50.678 129.17 71.416 66.261 -0.13053 0.23298
0.98745 50.73 130.05 71.294 66.333 -0.15666 0.24288
0.98736 50.783 130.75 71.2 66.395 -0.18168 0.25205
0.98732 50.832 131.2 71.145 66.444 -0.20551 0.26026
0.98733 50.878 131.4 71.138 66.479 -0.22835 0.26741
0.98739 50.919 131.32 71.187 66.501 -0.25065 0.27349
0.98749 50.954 130.98 71.291 66.51 -0.273 0.27859
0.98762 50.984 130.4 71.447 66.507 -0.29603 0.28286
0.98777 51.009 129.61 71.646 66.495 -0.32032 0.28647
0.98794 51.029 128.66 71.873 66.475 -0.34629 0.28961
0.9881 51.047 127.61 72.11 66.452 -0.37413 0.29246
0.98825 51.062 126.5 72.335 66.427 -0.40375 0.29514
0.98839 51.076 125.38 72.523 66.405 -0.43471 0.29775
0.9885 51.089 124.29 72.653 66.387 -0.4663 0.30029
0.98858 51.102 123.27 72.703 66.376 -0.49751 0.30272
0.98864 51.115 122.34 72.657 66.375 -0.52715 0.30494
0.98866 51.127 121.52 72.505 66.385 -0.5539 0.30681
0.98866 51.139 120.82 72.241 66.405 -0.57648 0.30816
0.98864 51.149 120.23 71.87 66.436 -0.5937 0.30883
0.98861 51.156 119.75 71.403 66.477 -0.60462 0.30867
0.98857 51.161 119.37 70.859 66.526 -0.60861 0.30758
0.98852 51.162 119.07 70.262 66.581 -0.60545 0.3055
0.98847 51.159 118.85 69.641 66.64 -0.59534 0.30247
0.98843 51.152 118.69 69.028 66.7 -0.57894 0.2986
0.98839 51.14 118.58 68.454 66.759 -0.55729 0.29405
0.98836 51.124 118.51 67.949 66.814 -0.5318 0.28908
0.98833 51.104 118.47 67.538 66.865 -0.50412 0.28401
0.98829 51.079 118.46 67.241 66.91 -0.47603 0.27918
0.98826 51.05 118.48 67.072 66.946 -0.44931 0.27495
0.98822 51.018 118.52 67.035 66.974 -0.4256 0.27167
0.98816 50.982 118.59 67.126 66.991 -0.4063 0.26966
0.9881 50.944 118.69 67.337 66.998 -0.39243 0.26918
0.98803 50.903 118.83 67.648 66.995 -0.38457 0.2704
0.98794 50.86 119.01 68.037 66.98 -0.38281 0.27342
0.98785 50.816 119.22 68.477 66.955 -0.38674 0.27822
0.98777 50.772 119.49 68.941 66.92 -0.39548 0.28465
0.98769 50.73 119.8 69.399 66.878 -0.40774 0.29251
0.98763 50.689 120.16 69.826 66.831 -0.42193 0.30147
0.98758 50.651 120.56 70.198 66.781 -0.43627 0.31114
0.98757 50.618 121.02 70.498 66.73 -0.44895 0.32111
0.98759 50.59 121.52 70.714 66.681 -0.45824 0.33091
0.98763 50.569 122.05 70.841 66.636 -0.46267 0.34011
0.9877 50.555 122.59 70.881 66.595 -0.46114 0.34832
0.98778 50.548 123.14 70.84 66.559 -0.453 0.3552
0.98787 50.549 123.67 70.732 66.527 -0.43813 0.36053
0.98795 50.556 124.16 70.574 66.498 -0.41695 0.36417
0.98802 50.569 124.59 70.387 66.47 -0.39041 0.36609
0.98806 50.586 124.95 70.192 66.442 -0.35996 0.36641
0.98807 50.605 125.22 70.011 66.409 -0.32737 0.36531
0.98804 50.623 125.4 69.863 66.371 -0.29471 0.36309
0.98797 50.637 125.49 69.765 66.325 -0.26412 0.36011
0.98786 50.645 125.49 69.73 66.271 -0.2377 0.35677
0.98774 50.644 125.43 69.765 66.209 -0.21732 0.35347
0.98759 50.632 125.31 69.873 66.14 -0.20453 0.3506
0.98745 50.608 125.17 70.05 66.066 -0.20041 0.34847
0.98732 50.571 125.03 70.286 65.991 -0.20546 0.34735
0.98721 50.522 124.92 70.569 65.918 -0.21964 0.34739
0.98715 50.463 124.85 70.88 65.851 -0.24229 0.34865
0.98713 50.396 124.87 71.2 65.794 -0.27223 0.35105
0.98716 50.323 124.97 71.506 65.75 -0.30783 0.35446
0.98724 50.25 125.17 71.778 65.723 -0.34711 0.35861
0.98737 50.18 125.48 71.994 65.712 -0.38792 0.36323
0.98754 50.117 125.89 72.136 65.719 -0.42804 0.36795
0.98772 50.065 126.39 72.192 65.742 -0.46542 0.37246
0.98791 50.029 126.95 72.15 65.779 -0.49825 0.37642
0.98809 50.009 127.54 72.006 65.826 -0.52508 0.37959
0.98824 50.009 128.15 71.762 65.88 -0.54498 0.38178
0.98833 50.029 128.72 71.423 65.938 -0.55752 0.38289
0.98836 50.067 129.22 71.002 65.995 -0.56279 0.38292
0.98832 50.122 129.61 70.515 66.049 -0.56139 0.38197
0.9882 50.189 129.87 69.981 66.098 -0.55433 0.38021
0.98801 50.265 129.98 69.424 66.142 -0.54295 0.37788
0.98775 50.345 129.91 68.869 66.18 -0.52878 0.37527
0.98743 50.422 129.66 68.339 66.213 -0.51341 0.37265
0.98709 50.491 129.24 67.861 66.243 -0.49835 0.37031
0.98673 50.548 128.67 67.456 66.272 -0.48496 0.36848
0.98639 50.587 127.95 67.143 66.302 -0.47428 0.36733
0.98609 50.607 127.13 66.939 66.333 -0.46703 0.36697
0.98585 50.605 126.23 66.855 66.369 -0.46354 0.36741
0.98568 50.581 125.29 66.896 66.409 -0.4638 0.36859
0.98561 50.538 124.33 67.063 66.454 -0.46744 0.37039
0.98562 50.48 123.38 67.352 66.502 -0.47384 0.37263
0.98573 50.411 122.47 67.752 66.553 -0.48222 0.3751
0.98592 50.336 121.6 68.249 66.606 -0.49167 0.3776
0.98618 50.264 120.8 68.823 66.659 -0.50131 0.37994
0.98649 50.198 120.06 69.452 66.71 -0.51034 0.38194
0.98683 50.146 119.38 70.11 66.757 -0.51809 0.38353
0.98717 50.111 118.75 70.773 66.798 -0.52408 0.38464
0.98751 50.095 118.17 71.411 66.832 -0.528 0.38531
0.98781 50.101 117.62 72.001 66.858 -0.52972 0.3856
0.98806 50.128 117.1 72.517 66.874 -0.52922 0.38564
0.98827 50.174 116.58 72.937 66.88 -0.52656 0.38556
0.98841 50.236 116.08 73.244 66.876 -0.52181 0.38549
0.98849 50.309 115.59 73.425 66.863 -0.51495 0.38554
0.98851 50.389 115.11 73.47 66.842 -0.50588 0.38575
0.98848 50.47 114.66 73.377 66.814 -0.49436 0.38614
0.98841 50.549 114.25 73.148 66.782 -0.47999 0.38662
0.9883 50.622 113.91 72.791 66.747 -0.46223 0.38705
0.98817 50.684 113.64 72.318 66.712 -0.44048 0.3872
0.98802 50.733 113.48 71.746 66.679 -0.41412 0.38684
0.98786 50.768 113.45 71.097 66.649 -0.38259 0.38568
0.98771 50.789 113.55 70.395 66.623 -0.3455 0.38346
0.98756 50.796 113.81 69.664 66.602 -0.3027 0.37994
0.98742 50.791 114.21 68.932 66.584 -0.25434 0.37498
0.98729 50.775 114.76 68.222 66.57 -0.20092 0.3685
0.98718 50.75 115.43 67.559 66.558 -0.1433 0.36056
0.98709 50.719 116.21 66.963 66.545 -0.082673 0.35133
0.98701 50.685 117.06 66.451 66.531 -0.020504 0.34108
0.98694 50.651 117.94 66.033 66.515 0.041568 0.3302
0.98689 50.617 118.81 65.717 66.494 0.10184 0.31914
0.98683 50.588 119.64 65.504 66.468 0.15865 0.30841
0.98678 50.562 120.38 65.39 66.437 0.21055 0.29851
0.98673 50.543 121 65.367 66.4 0.25636 0.28991
0.98668 50.529 121.47 65.423 66.36 0.29529 0.28301
0.98664 50.521 121.77 65.541 66.315 0.32696 0.27812
0.9866 50.518 121.9 65.707 66.268 0.35145 0.27538
0.98657 50.519 121.86 65.901 66.219 0.36921 0.27483
0.98656 50.523 121.66 66.108 66.171 0.38105 0.27634
0.98658 50.528 121.32 66.313 66.123 0.38798 0.27965
0.98662 50.533 120.85 66.504 66.078 0.39113 0.28438
0.98669 50.538 120.3 66.672 66.036 0.39156 0.29006
0.98679 50.54 119.69 66.812 65.999 0.3902 0.29617
0.9869 50.539 119.06 66.925 65.966 0.38764 0.30217
0.98702 50.535 118.43 67.014 65.94 0.38417 0.30755
0.98713 50.527 117.84 67.085 65.92 0.37962 0.31185
0.98722 50.517 117.3 67.148 65.908 0.37346 0.31471
0.98728 50.503 116.85 67.213 65.904 0.3648 0.31589
0.98729 50.489 116.5 67.292 65.91 0.35247 0.31525
0.98724 50.474 116.26 67.397 65.924 0.3352 0.31281
0.98714 50.46 116.14 67.538 65.947 0.31172 0.30871
0.98697 50.449 116.15 67.72 65.979 0.28095 0.30317
0.98675 50.443 116.28 67.948 66.018 0.24211 0.29653
0.9865 50.443 116.53 68.223 66.062 0.19486 0.28918
0.98622 50.451 116.89 68.541 66.11 0.13942 0.28153
0.98596 50.467 117.36 68.895 66.157 0.076565 0.274
0.98572 50.492 117.93 69.273 66.201 0.0076653 0.26697
0.98553 50.526 118.59 69.661 66.239 -0.065388 0.26078
0.98541 50.568 119.31 70.044 66.267 -0.14027 0.25567
0.98537 50.617 120.08 70.404 66.282 -0.21437 0.25183
0.98542 50.671 120.89 70.723 66.283 -0.28494 0.24931
0.98555 50.728 121.71 70.985 66.269 -0.34928 0.24809
0.98576 50.784 122.53 71.173 66.24 -0.40489 0.24805
0.98604 50.839 123.31 71.277 66.199 -0.44967 0.24899
0.98636 50.888 124.05 71.287 66.149 -0.48202 0.25065
0.9867 50.929 124.7 71.197 66.093 -0.50093 0.2527
0.98706 50.962 125.26 71.005 66.037 -0.50605 0.25482
0.98739 50.983 125.7 70.716 65.986 -0.49768 0.25666
0.9877 50.992 126.01 70.336 65.943 -0.47674 0.2579
0.98797 50.989 126.17 69.874 65.914 -0.4447 0.25826
0.98818 50.974 126.18 69.344 65.901 -0.40346 0.25753
0.98834 50.947 126.03 68.762 65.905 -0.35521 0.25555
0.98843 50.908 125.75 68.143 65.928 -0.30233 0.25225
0.98847 50.859 125.33 67.506 65.967 -0.24724 0.24768
0.98846 50.801 124.82 66.869 66.021 -0.19223 0.24194
0.9884 50.736 124.22 66.246 66.086 -0.13945 0.23523
0.98832 50.665 123.57 65.655 66.158 -0.090739 0.22782
0.98822 50.592 122.91 65.109 66.234 -0.047606 0.22007
0.98811 50.517 122.25 64.62 66.308 -0.011208 0.21233
0.98801 50.444 121.62 64.198 66.377 0.017662 0.205
0.98793 50.376 121.05 63.852 66.439 0.038554 0.19848
0.98787 50.316 120.53 63.588 66.489 0.051328 0.19313
0.98785 50.267 120.08 63.41 66.528 0.056107 0.18926
0.98786 50.232 119.69 63.321 66.553 0.05323 0.18713
0.9879 50.213 119.35 63.321 66.565 0.043203 0.18689
0.98798 50.212 119.05 63.411 66.564 0.026656 0.18861
0.98809 50.23 118.78 63.587 66.549 0.0043105 0.19227
0.98823 50.268 118.53 63.844 66.521 -0.023047 0.19773
0.98837 50.322 118.29 64.175 66.481 -0.054581 0.20479
0.98853 50.393 118.06 64.569 66.429 -0.089418 0.21314
0.98868 50.475 117.84 65.015 66.364 -0.12664 0.22243
0.98882 50.563 117.64 65.496 66.289 -0.16531 0.23225
0.98894 50.654 117.48 65.996 66.202 -0.20442 0.24218
0.98903 50.739 117.37 66.494 66.107 -0.24297 0.25181
0.98909 50.814 117.33 66.968 66.005 -0.27989 0.26075
0.9891 50.873 117.37 67.397 65.899 -0.31415 0.26863
0.98906 50.911 117.52 67.759 65.794 -0.34469 0.27518
0.98898 50.924 117.77 68.035 65.692 -0.37053 0.28019
0.98886 50.911 118.13 68.206 65.601 -0.39075 0.28351
0.9887 50.871 118.58 68.26 65.524 -0.40457 0.28511
0.98852 50.807 119.13 68.19 65.465 -0.41138 0.28503
0.98833 50.721 119.73 67.993 65.429 -0.41078 0.28337
0.98815 50.619 120.37 67.675 65.418 -0.40264 0.28032
0.98799 50.506 121.01 67.248 65.433 -0.3871 0.27612
0.98788 50.388 121.63 66.73 65.474 -0.36463 0.27102
0.98781 50.273 122.19 66.148 65.538 -0.33602 0.26532
0.98781 50.166 122.66 65.53 65.622 -0.3024 0.2593
0.98787 50.072 123.03 64.911 65.722 -0.26523 0.25325
0.988 49.997 123.28 64.326 65.832 -0.22624 0.2474
0.98817 49.944 123.41 63.809 65.947 -0.18746 0.24198
0.98838 49.915 123.42 63.395 66.062 -0.15107 0.23716
0.98862 49.91 123.31 63.113 66.171 -0.11941 0.23307
0.98885 49.928 123.11 62.985 66.271 -0.094848 0.22979
0.98905 49.969 122.83 63.029 66.357 -0.079721 0.22738
0.98922 50.028 122.48 63.253 66.429 -0.076201 0.22586
0.98934 50.103 122.1 63.656 66.485 -0.086208 0.22525
0.98939 50.188 121.7 64.228 66.524 -0.11129 0.22554
0.98938 50.28 121.3 64.954 66.548 -0.15253 0.22674
0.98931 50.374 120.92 65.806 66.558 -0.21045 0.22885
0.98918 50.463 120.57 66.754 66.555 -0.28493 0.23191
0.98901 50.545 120.26 67.762 66.541 -0.37516 0.23595
0.98881 50.614 120.01 68.79 66.517 -0.47961 0.24102
0.98859 50.668 119.81 69.798 66.486 -0.59605 0.24718
0.98837 50.703 119.69 70.746 66.448 -0.7216 0.25446
0.98815 50.718 119.64 71.597 66.405 -0.85278 0.26288
0.98794 50.713 119.67 72.319 66.357 -0.98568 0.27243
0.98773 50.688 119.79 72.884 66.305 -1.1161 0.28302
0.9875 50.646 119.99 73.272 66.251 -1.2396 0.29452
0.98726 50.589 120.29 73.47 66.194 -1.352 0.30671
0.98698 50.52 120.67 73.475 66.137 -1.4494 0.31932
0.98665 50.446 121.13 73.289 66.081 -1.5281 0.33197
0.98625 50.37 121.65 72.924 66.027 -1.5855 0.34423
0.98578 50.297 122.21 72.399 65.978 -1.6195 0.35566
0.98524 50.233 122.79 71.741 65.936 -1.629 0.36575
0.98465 50.181 123.35 70.979 65.903 -1.614 0.37403
0.98402 50.145 123.86 70.147 65.882 -1.5755 0.38005
0.98339 50.128 124.29 69.284 65.873 -1.5154 0.38345
0.9828 50.13 124.61 68.424 65.879 -1.4365 0.38395
0.98229 50.15 124.78 67.605 65.898 -1.3424 0.38141
0.98189 50.187 124.79 66.858 65.931 -1.2372 0.37581
0.98164 50.237 124.62 66.213 65.974 -1.1253 0.36732
0.98157 50.297 124.26 65.689 66.025 -1.0113 0.35623
0.98168 50.361 123.73 65.304 66.079 -0.89953 0.343
0.98197 50.425 123.03 65.065 66.132 -0.79424 0.32818
0.98242 50.481 122.19 64.971 66.18 -0.69901 0.31244
0.983 50.527 121.22 65.015 66.22 -0.61679 0.2965
0.98366 50.557 120.18 65.182 66.248 -0.54976 0.28109
0.98437 50.568 119.08 65.45 66.262 -0.49929 0.26691
0.98506 50.559 117.98 65.796 66.263 -0.46589 0.25459
0.9857 50.53 116.91 66.189 66.251 -0.44928 0.24462
0.98625 50.482 115.91 66.603 66.229 -0.44843 0.23739
0.98668 50.419 115 67.008 66.201 -0.46169 0.23308
0.98698 50.346 114.22 67.378 66.171 -0.48693 0.23171
0.98713 50.268 113.59 67.695 66.144 -0.52166 0.2331
0.98714 50.192 113.12 67.942 66.124 -0.56321 0.23693
0.98703 50.125 112.81 68.111 66.118 -0.60887 0.24271
0.98682 50.074 112.67 68.201 66.127 -0.65602 0.24987
0.98653 50.045 112.68 68.219 66.156 -0.70227 0.25776
0.9862 50.042 112.83 68.176 66.205 -0.74554 0.26574
0.98585 50.069 113.11 68.09 66.275 -0.78416 0.27317
0.9855 50.127 113.5 67.981 66.362 -0.81686 0.27954
0.98519 50.215 113.99 67.872 66.465 -0.84285 0.28443
0.98492 50.33 114.56 67.787 66.578 -0.86179 0.28759
0.98473 50.468 115.19 67.745 66.697 -0.87374 0.28896
0.98461 50.624 115.86 67.765 66.814 -0.87912 0.28862
0.98458 50.788 116.57 67.858 66.923 -0.87868 0.28685
0.98464 50.954 117.29 68.03 67.018 -0.87335 0.28408
0.98478 51.113 118.01 68.281 67.094 -0.86421 0.28084
0.985 51.257 118.72 68.605 67.145 -0.8524 0.27772
0.98529 51.379 119.38 68.989 67.168 -0.83898 0.27532
0.98564 51.473 120 69.415 67.161 -0.8249 0.27423
0.98603 51.536 120.55 69.862 67.123 -0.8109 0.27491
0.98644 51.565 121.03 70.305 67.056 -0.79745 0.27772
0.98685 51.561 121.44 70.72 66.963 -0.78471 0.28283
0.98725 51.525 121.76 71.085 66.846 -0.77252 0.29023
0.98762 51.463 122 71.376 66.712 -0.76038 0.29971
0.98793 51.378 122.17 71.577 66.566 -0.74747 0.31088
0.98818 51.278 122.28 71.673 66.414 -0.73275 0.32319
0.98836 51.168 122.34 71.655 66.265 -0.71496 0.33597
0.98846 51.055 122.38 71.52 66.124 -0.69276 0.34845
0.98849 50.944 122.4 71.269 65.998 -0.66484 0.35988
0.98844 50.84 122.42 70.906 65.893 -0.62998 0.36954
0.98833 50.746 122.47 70.441 65.813 -0.58724 0.37677
0.98818 50.663 122.55 69.887 65.763 -0.53601 0.3811
0.98799 50.594 122.69 69.259 65.745 -0.47613 0.38221
0.98778 50.536 122.89 68.575 65.758 -0.40793 0.38001
0.98757 50.49 123.17 67.852 65.802 -0.3323 0.37461
0.98737 50.454 123.52 67.111 65.874 -0.25067 0.36633
0.98721 50.427 123.95 66.372 65.968 -0.16499 0.35569
0.98708 50.407 124.43 65.654 66.08 -0.077633 0.34336
0.98701 50.393 124.97 64.978 66.202 0.0087195 0.3301
0.987 50.385 125.53 64.363 66.325 0.09119 0.31674
0.98706 50.383 126.09 63.826 66.441 0.16688 0.30409
0.98717 50.385 126.6 63.383 66.543 0.23305 0.29289
0.98733 50.392 127.03 63.05 66.622 0.28727 0.28378
0.98753 50.404 127.34 62.836 66.674 0.32756 0.27722
0.98777 50.419 127.49 62.749 66.694 0.35256 0.27351
0.98801 50.436 127.45 62.793 66.683 0.36158 0.27273
0.98825 50.455 127.18 62.965 66.64 0.35464 0.27476
0.98847 50.473 126.68 63.258 66.571 0.33251 0.27931
0.98865 50.488 125.95 63.66 66.48 0.29665 0.28592
0.98877 50.499 125 64.152 66.376 0.24906 0.29403
0.98884 50.505 123.87 64.712 66.266 0.19224 0.30299
0.98884 50.504 122.6 65.313 66.158 0.12897 0.31217
0.98878 50.496 121.26 65.926 66.06 0.062136 0.32095
0.98866 50.482 119.92 66.52 65.978 -0.005431 0.32879
0.9885 50.463 118.65 67.065 65.916 -0.071135 0.33527
0.98832 50.442 117.53 67.533 65.876 -0.13277 0.3401
0.98813 50.421 116.62 67.9 65.858 -0.18862 0.34317
0.98794 50.404 115.98 68.147 65.86 -0.23759 0.34447
0.98779 50.394 115.65 68.264 65.88 -0.27919 0.34418
0.98767 50.394 115.64 68.247 65.912 -0.31353 0.34257
0.98761 50.405 115.95 68.1 65.954 -0.34132 0.33999
0.9876 50.43 116.56 67.837 66.001 -0.36373 0.33684
0.98764 50.467 117.42 67.476 66.052 -0.38232 0.33354
0.98773 50.516 118.48 67.045 66.102 -0.39885 0.33047
0.98784 50.575 119.67 66.575 66.153 -0.41519 0.32796
0.98797 50.638 120.93 66.099 66.204 -0.43315 0.32624
0.98809 50.702 122.19 65.652 66.254 -0.45432 0.32547
0.98818 50.762 123.39 65.267 66.306 -0.48003 0.3257
0.98824 50.812 124.49 64.973 66.358 -0.51121 0.32687
0.98824 50.848 125.45 64.794 66.412 -0.54833 0.32885
0.98818 50.866 126.25 64.745 66.467 -0.59142 0.33143
0.98806 50.862 126.87 64.836 66.52 -0.64005 0.33436
0.98788 50.835 127.31 65.065 66.569 -0.69337 0.33736
0.98765 50.786 127.57 65.423 66.613 -0.75019 0.34018
0.98738 50.717 127.65 65.893 66.647 -0.80905 0.34256
0.9871 50.63 127.58 66.451 66.667 -0.86834 0.34429
0.98683 50.532 127.34 67.066 66.672 -0.92634 0.34524
0.98658 50.426 126.96 67.704 66.659 -0.98142 0.34531
0.98638 50.321 126.44 68.329 66.626 -1.032 0.34448
0.98623 50.222 125.79 68.906 66.573 -1.0769 0.34277
0.98616 50.135 125.03 69.403 66.502 -1.1149 0.34028
0.98616 50.064 124.18 69.789 66.416 -1.1453 0.33714
0.98624 50.015 123.27 70.044 66.318 -1.1677 0.33351
0.98638 49.99 122.32 70.151 66.214 -1.1821 0.32956
0.98658 49.988 121.38 70.103 66.109 -1.1887 0.32547
0.98681 50.011 120.48 69.9 66.009 -1.1881 0.32144
0.98706 50.055 119.67 69.553 65.92 -1.181 0.31761
0.9873 50.117 119 69.077 65.847 -1.1684 0.31413
0.98751 50.192 118.5 68.495 65.794 -1.1515 0.31112
0.98768 50.276 118.19 67.838 65.763 -1.1312 0.30866
0.98778 50.364 118.11 67.137 65.755 -1.1087 0.3068
0.98782 50.449 118.24 66.426 65.768 -1.0849 0.30558
0.98777 50.526 118.6 65.741 65.801 -1.0608 0.30497
0.98764 50.591 119.15 65.115 65.85 -1.0371 0.30494
0.98744 50.64 119.86 64.577 65.908 -1.0143 0.30543
0.98717 50.671 120.68 64.155 65.972 -0.99282 0.30636
0.98686 50.682 121.57 63.866 66.036 -0.97274 0.30764
0.98652 50.672 122.47 63.725 66.094 -0.95412 0.30915
0.98617 50.643 123.32 63.737 66.143 -0.93686 0.3108
0.98584 50.595 124.08 63.9 66.181 -0.92074 0.31248
0.98555 50.533 124.7 64.204 66.204 -0.9055 0.31409
0.98532 50.459 125.14 64.634 66.214 -0.89081 0.31556
0.98516 50.379 125.38 65.165 66.21 -0.87635 0.3168
0.98508 50.296 125.4 65.772 66.193 -0.86178 0.31777
0.98509 50.215 125.21 66.422 66.167 -0.84679 0.31843
0.98519 50.14 124.81 67.082 66.133 -0.83105 0.31876
0.98538 50.076 124.24 67.719 66.093 -0.81428 0.31877
0.98564 50.026 123.51 68.3 66.052 -0.79616 0.31844
0.98596 49.993 122.67 68.795 66.01 -0.77638 0.3178
0.98633 49.978 121.76 69.18 65.969 -0.75466 0.31686
0.98673 49.982 120.82 69.434 65.932 -0.73068 0.31562
0.98715 50.005 119.9 69.545 65.899 -0.7042 0.31408
0.98756 50.045 119.04 69.506 65.87 -0.67498 0.31225
0.98794 50.1 118.28 69.319 65.845 -0.64291 0.3101
0.98829 50.167 117.64 68.99 65.824 -0.60801 0.30763
0.98857 50.242 117.14 68.534 65.807 -0.57044 0.30481
0.98878 50.321 116.8 67.97 65.792 -0.53063 0.30164
0.98889 50.399 116.61 67.32 65.779 -0.48921 0.29811
0.98891 50.474 116.56 66.61 65.768 -0.44711 0.29425
0.98882 50.539 116.64 65.865 65.759 -0.4055 0.29011
0.98862 50.593 116.83 65.111 65.753 -0.36578 0.28578
0.98833 50.633 117.11 64.373 65.752 -0.32953 0.28135
0.98794 50.656 117.44 63.671 65.758 -0.29842 0.277
0.98748 50.661 117.8 63.025 65.774 -0.27413 0.27288
0.98697 50.65 118.17 62.447 65.801 -0.25818 0.26919
0.98644 50.622 118.51 61.95 65.844 -0.25188 0.26616
0.98593 50.58 118.82 61.541 65.904 -0.25615 0.26399
0.98546 50.528 119.08 61.226 65.984 -0.27141 0.26286
0.98506 50.469 119.28 61.007 66.085 -0.29754 0.26296
0.98475 50.409 119.43 60.886 66.206 -0.33379 0.2644
0.98456 50.353 119.52 60.865 66.348 -0.37875 0.26725
0.98449 50.308 119.57 60.944 66.506 -0.43043 0.27154
0.98454 50.28 119.58 61.125 66.679 -0.4863 0.27719
0.9847 50.274 119.57 61.406 66.861 -0.54341 0.2841
0.98496 50.296 119.53 61.79 67.048 -0.59857 0.29208
0.98529 50.347 119.49 62.274 67.232 -0.6485 0.3009
0.98567 50.429 119.44 62.857 67.408 -0.69003 0.31028
0.98607 50.539 119.39 63.532 67.57 -0.72033 0.31992
0.98646 50.672 119.34 64.291 67.711 -0.73705 0.32948
0.98683 50.817 119.27 65.122 67.828 -0.73851 0.33866
0.98715 50.961 119.19 66.007 67.916 -0.72376 0.34713
0.98741 51.086 119.09 66.926 67.971 -0.69271 0.35463
0.9876 51.174 118.96 67.854 67.993 -0.64608 0.3609
0.98772 51.201 118.8 68.761 67.981 -0.58542 0.36575
0.98777 51.146 118.6 69.62 67.936 -0.51291 0.36904
0.98777 50.988 118.38 70.398 67.862 -0.43134 0.37068
0.98771 50.71 118.15 71.067 67.76 -0.34382 0.37062
0.98762 50.299 117.91 71.601 67.637 -0.25364 0.36889
0.98751 49.749 117.7 71.978 67.497 -0.16405 0.36556
0.9874 49.062 117.53 72.181 67.346 -0.078069 0.36072
0.98729 48.247 117.44 72.201 67.19 0.0017167 0.35453
0.98721 47.321 117.44 72.036 67.035 0.073268 0.34716
0.98715 46.309 117.54 71.691 66.887 0.1352 0.33883
0.98713 45.242 117.76 71.177 66.75 0.18683 0.32975
0.98715 44.152 118.09 70.514 66.629 0.22817 0.32016
0.9872 43.074 118.51 69.723 66.525 0.25988 0.31031
0.98728 42.042 118.99 68.832 66.44 0.28319 0.30045
0.98739 41.083 119.49 67.868 66.374 0.29974 0.29081
0.98752 40.224 119.97 66.86 66.325 0.31148 0.28164
0.98765 39.48 120.39 65.834 66.289 0.32046 0.27314
0.98779 38.861 120.7 64.815 66.263 0.32876 0.26551
0.98792 38.37 120.87 63.823 66.241 0.33826 0.25889
0.98804 38.003 120.87 62.874 66.22 0.3506 0.25341
0.98814 37.749 120.69 61.981 66.196 0.36707 0.24913
0.98823 37.594 120.32 61.151 66.164 0.38856 0.24607
0.9883 37.522 119.79 60.387 66.123 0.41556 0.24421
0.98836 37.513 119.13 59.692 66.071 0.44816 0.24346
0.98841 37.548 118.38 59.061 66.011 0.48611 0.24369
0.98845 37.611 117.59 58.493 65.942 0.5289 0.24473
0.98849 37.686 116.82 57.982 65.869 0.57582 0.24636
0.98853 37.761 116.12 57.524 65.794 0.62605 0.24838
0.98857 37.826 115.54 57.114 65.72 0.67875 0.25054
0.98862 37.875 115.13 56.749 65.652 0.73311 0.25263
0.98866 37.904 114.91 56.426 65.59 0.78846 0.25445
0.98871 37.913 114.89 56.144 65.537 0.84424 0.25586
0.98876 37.904 115.06 55.902 65.493 0.90005 0.25674
0.9888 37.878 115.41 55.698 65.457 0.95565 0.25707
0.98884 37.839 115.88 55.533 65.427 1.0109 0.25685
0.98887 37.792 116.44 55.405 65.402 1.0659 0.25618
0.9889 37.74 117.02 55.313 65.379 1.1205 0.25517
0.98891 37.689 117.58 55.253 65.355 1.175 0.25401
0.98891 37.64 118.05 55.224 65.328 1.2292 0.25286
0.9889 37.596 118.4 55.219 65.295 1.2831 0.25192
0.98887 37.559 118.6 55.233 65.256 1.3365 0.25133
0.98884 37.53 118.64 55.259 65.21 1.3892 0.25122
0.98879 37.508 118.51 55.291 65.158 1.4406 0.25164
0.98874 37.494 118.25 55.322 65.103 1.4903 0.25255
0.98869 37.486 117.88 55.346 65.046 1.5374 0.25388
0.98863 37.484 117.44 55.357 64.993 1.5811 0.25545
0.98857 37.485 116.99 55.353 64.947 1.6206 0.25703
0.98851 37.49 116.58 55.331 64.913 1.655 0.25833
0.98846 37.498 116.26 55.292 64.895 1.6834 0.25906
0.98842 37.508 116.06 55.239 64.897 1.705 0.25892
0.98838 37.522 116.01 55.175 64.921 1.719 0.25764
0.98836 37.539 116.13 55.109 64.967 1.725 0.25502
0.98835 37.56 116.4 55.048 65.036 1.7225 0.25094
0.98835 37.586 116.82 55 65.125 1.7115 0.24537
0.98836 37.619 117.33 54.974 65.23 1.6919 0.2384
0.98837 37.658 117.91 54.979 65.347 1.6642 0.23023
0.98839 37.705 118.48 55.02 65.471 1.6288 0.22116
0.9884 37.759 118.99 55.104 65.594 1.5866 0.21155
0.98841 37.82 119.39 55.232 65.714 1.5385 0.20187
0.9884 37.888 119.65 55.404 65.823 1.4857 0.19257
0.98838 37.962 119.72 55.617 65.918 1.4295 0.18412
0.98834 38.042 119.6 55.864 65.995 1.3712 0.17697
0.98828 38.125 119.29 56.136 66.051 1.3121 0.17148
0.98819 38.21 118.82 56.424 66.085 1.2537 0.16794
0.98808 38.297 118.23 56.714 66.095 1.197 0.16652
0.98795 38.383 117.57 56.996 66.082 1.1433 0.16728
0.9878 38.467 116.9 57.256 66.047 1.0933 0.17016
0.98763 38.549 116.27 57.485 65.991 1.0478 0.17497
0.98744 38.626 115.74 57.671 65.916 1.0072 0.18144
0.98725 38.698 115.34 57.81 65.826 0.9716 0.1892
0.98706 38.764 115.11 57.896 65.725 0.94081 0.19784
0.98687 38.824 115.06 57.928 65.617 0.91441 0.20693
0.98668 38.877 115.19 57.909 65.506 0.8917 0.21602
0.98651 38.923 115.48 57.841 65.398 0.87172 0.22471
0.98635 38.962 115.92 57.733 65.298 0.85335 0.23265
0.98621 38.995 116.47 57.592 65.209 0.83532 0.23957
0.9861 39.022 117.09 57.428 65.135 0.8163 0.24526
0.98601 39.045 117.75 57.253 65.078 0.79495 0.24963
0.98595 39.065 118.4 57.078 65.039 0.77007 0.25264
0.98592 39.081 119.03 56.914 65.018 0.74061 0.25435
0.98593 39.097 119.59 56.775 65.013 0.70581 0.25488
0.98596 39.113 120.06 56.669 65.023 0.66526 0.25437
0.98603 39.131 120.43 56.607 65.043 0.61897 0.253
0.98613 39.15 120.67 56.597 65.07 0.56739 0.25093
0.98625 39.173 120.79 56.646 65.098 0.51146 0.24833
0.98639 39.198 120.77 56.757 65.123 0.45254 0.2453
0.98654 39.226 120.62 56.933 65.139 0.39244 0.24191
0.98671 39.257 120.34 57.172 65.141 0.33326 0.23821
0.98688 39.289 119.96 57.471 65.127 0.27732 0.23416
0.98704 39.321 119.5 57.82 65.093 0.22699 0.22974
0.9872 39.351 118.98 58.209 65.039 0.18457 0.22486
0.98735 39.378 118.44 58.625 64.965 0.15209 0.21948
0.98749 39.401 117.92 59.049 64.872 0.1312 0.21355
0.98762 39.419 117.46 59.464 64.765 0.12297 0.20707
0.98773 39.429 117.1 59.849 64.649 0.12784 0.20011
0.98783 39.433 116.87 60.185 64.53 0.14555 0.19277
0.98792 39.43 116.81 60.454 64.415 0.17511 0.18526
0.988 39.419 116.93 60.64 64.309 0.21485 0.17782
0.98807 39.402 117.23 60.731 64.22 0.26254 0.17078
0.98814 39.38 117.72 60.72 64.152 0.31547 0.16447
0.9882 39.352 118.38 60.605 64.109 0.3707 0.15925
0.98826 39.322 119.17 60.391 64.093 0.4252 0.15547
0.98831 39.289 120.05 60.086 64.105 0.47609 0.15342
0.98836 39.256 120.97 59.706 64.143 0.52082 0.15332
0.98839 39.223 121.88 59.27 64.205 0.55734 0.15528
0.98841 39.193 122.73 58.799 64.287 0.58423 0.15932
0.98842 39.165 123.46 58.319 64.384 0.60076 0.16532
0.98843 39.141 124.04 57.852 64.492 0.60694 0.17304
0.98842 39.122 124.43 57.421 64.605 0.60342 0.18214
0.98841 39.109 124.61 57.045 64.72 0.59146 0.19216
0.9884 39.102 124.58 56.741 64.834 0.57271 0.2026
0.98839 39.1 124.36 56.518 64.942 0.5491 0.21293
0.98839 39.105 123.95 56.383 65.045 0.52262 0.22262
0.9884 39.116 123.41 56.336 65.14 0.49513 0.23118
0.98843 39.132 122.76 56.374 65.227 0.46818 0.23821
0.98847 39.152 122.05 56.489 65.307 0.44292 0.24339
0.98853 39.176 121.32 56.672 65.379 0.41996 0.24656
0.98859 39.201 120.62 56.911 65.443 0.39936 0.24768
0.98866 39.225 119.98 57.193 65.5 0.38066 0.24684
0.98872 39.248 119.43 57.51 65.549 0.36293 0.24428
0.98877 39.266 118.96 57.85 65.588 0.34491 0.24034
0.9888 39.279 118.6 58.207 65.617 0.32512 0.23545
0.9888 39.284 118.34 58.576 65.633 0.30209 0.23009
0.98877 39.281 118.16 58.955 65.636 0.27448 0.22477
0.9887 39.269 118.04 59.342 65.622 0.24125 0.21996
0.98859 39.25 117.97 59.739 65.591 0.2018 0.2161
0.98844 39.223 117.92 60.146 65.541 0.15605 0.21355
0.98824 39.193 117.89 60.564 65.474 0.10449 0.21256
0.98801 39.16 117.87 60.99 65.389 0.04816 0.21327
0.98775 39.128 117.84 61.421 65.289 -0.011385 0.21569
0.98747 39.1 117.83 61.852 65.177 -0.072202 0.21972
0.98718 39.08 117.83 62.272 65.056 -0.13208 0.22513
0.98689 39.07 117.86 62.671 64.931 -0.18872 0.23161
0.98661 39.072 117.95 63.035 64.807 -0.23987 0.23879
0.98635 39.087 118.1 63.349 64.687 -0.28352 0.24624
0.98613 39.117 118.33 63.596 64.577 -0.31806 0.25352
0.98594 39.161 118.66 63.762 64.48 -0.34237 0.2602
0.98579 39.218 119.07 63.833 64.398 -0.35592 0.26588
0.98569 39.285 119.58 63.799 64.334 -0.35881 0.27024
0.98563 39.36 120.15 63.654 64.288 -0.35172 0.27301
0.98561 39.44 120.78 63.396 64.26 -0.33595 0.27401
0.98564 39.521 121.42 63.027 64.248 -0.31321 0.27315
0.9857 39.6 122.05 62.558 64.251 -0.28558 0.27045
0.9858 39.674 122.61 62.001 64.265 -0.25534 0.266
0.98593 39.739 123.08 61.376 64.287 -0.2248 0.25995
0.98608 39.794 123.4 60.704 64.315 -0.19616 0.25255
0.98624 39.835 123.56 60.012 64.344 -0.17136 0.24407
0.98641 39.863 123.54 59.325 64.371 -0.152 0.23484
0.98656 39.878 123.31 58.672 64.394 -0.1392 0.22518
0.98669 39.879 122.89 58.076 64.409 -0.13358 0.21543
0.98678 39.868 122.29 57.561 64.416 -0.13526 0.20593
0.98682 39.848 121.56 57.146 64.414 -0.14387 0.19696
0.98682 39.822 120.73 56.844 64.403 -0.15864 0.18881
0.98675 39.791 119.87 56.662 64.384 -0.17846 0.18168
0.98663 39.761 119.05 56.601 64.361 -0.20204 0.17575
0.98647 39.733 118.33 56.655 64.336 -0.22799 0.17113
0.98626 39.711 117.78 56.814 64.314 -0.25501 0.16788
0.98604 39.696 117.45 57.06 64.299 -0.28196 0.16599
0.98581 39.69 117.37 57.372 64.295 -0.308 0.16541
0.98559 39.695 117.58 57.727 64.306 -0.33266 0.16603
0.9854 39.709 118.07 58.099 64.334 -0.3559 0.16772
0.98525 39.733 118.82 58.464 64.38 -0.3781 0.17028
0.98515 39.765 119.8 58.801 64.443 -0.40005 0.17353
0.9851 39.804 120.96 59.091 64.521 -0.4229 0.17725
0.98511 39.847 122.24 59.321 64.607 -0.448 0.18123
0.98518 39.893 123.57 59.484 64.695 -0.47686 0.18527
0.9853 39.938 124.88 59.58 64.777 -0.51094 0.1892
0.98545 39.979 126.11 59.613 64.845 -0.5515 0.19284
0.98565 40.015 127.22 59.595 64.891 -0.59949 0.19609
0.98587 40.043 128.16 59.539 64.909 -0.65537 0.19883
0.98611 40.061 128.89 59.465 64.893 -0.71904 0.20102
0.98636 40.068 129.4 59.389 64.843 -0.78975 0.20262
0.98662 40.064 129.68 59.33 64.759 -0.86607 0.20362
0.98688 40.048 129.73 59.303 64.644 -0.94598 0.20404
0.98713 40.023 129.56 59.317 64.505 -1.0269 0.20392
0.98736 39.99 129.18 59.377 64.351 -1.1058 0.20331
0.98757 39.952 128.64 59.481 64.19 -1.1795 0.20226
0.98775 39.913 127.95 59.622 64.032 -1.2448 0.20085
0.9879 39.874 127.15 59.783 63.888 -1.2987 0.19916
0.988 39.839 126.28 59.948 63.766 -1.3387 0.19726
0.98805 39.811 125.37 60.093 63.672 -1.363 0.19527
0.98805 39.792 124.45 60.194 63.61 -1.3706 0.19329
0.98799 39.781 123.56 60.23 63.584 -1.3615 0.19145
0.98787 39.779 122.72 60.181 63.594 -1.3369 0.18989
0.98769 39.785 121.96 60.033 63.638 -1.2988 0.18877
0.98746 39.796 121.28 59.78 63.712 -1.2505 0.18826
0.98719 39.81 120.7 59.424 63.813 -1.1958 0.18851
0.98688 39.825 120.2 58.974 63.934 -1.1391 0.1897
0.98654 39.836 119.78 58.451 64.069 -1.0852 0.19196
0.98619 39.842 119.42 57.881 64.213 -1.0388 0.1954
0.98585 39.84 119.08 57.298 64.36 -1.004 0.20007
0.98552 39.828 118.73 56.738 64.503 -0.98443 0.206
0.98522 39.807 118.33 56.242 64.638 -0.98271 0.21311
0.98497 39.777 117.84 55.848 64.762 -1.0002 0.22127
0.98477 39.739 117.22 55.59 64.872 -1.0369 0.23029
0.98463 39.696 116.43 55.498 64.964 -1.0915 0.23989
0.98456 39.65 115.45 55.59 65.04 -1.1614 0.24975
0.98456 39.605 114.27 55.877 65.098 -1.2428 0.2595
0.98462 39.566 112.9 56.358 65.14 -1.331 0.26873
0.98475 39.535 111.36 57.02 65.168 -1.4206 0.27706
0.98493 39.516 109.67 57.841 65.183 -1.5061 0.28411
0.98516 39.511 107.9 58.787 65.189 -1.5821 0.28954
0.98543 39.523 106.12 59.819 65.189 -1.6436 0.29308
0.98572 39.552 104.38 60.89 65.184 -1.6865 0.29455
0.98602 39.598 102.78 61.952 65.178 -1.7077 0.29386
0.98631 39.659 101.39 62.957 65.172 -1.7056 0.29101
0.9866 39.734 100.27 63.859 65.168 -1.6798 0.28611
0.98687 39.818 99.486 64.619 65.166 -1.6314 0.27937
0.98711 39.907 99.066 65.204 65.168 -1.5625 0.27107
0.98733 39.999 99.033 65.594 65.171 -1.4768 0.26159
0.98753 40.087 99.383 65.777 65.176 -1.3785 0.25132
0.9877 40.169 100.09 65.752 65.179 -1.2724 0.24069
0.98786 40.241 101.12 65.531 65.18 -1.1636 0.23014
0.988 40.299 102.4 65.133 65.176 -1.0571 0.22005
0.98813 40.342 103.85 64.586 65.164 -0.95753 0.2108
0.98826 40.367 105.41 63.926 65.144 -0.8688 0.20267
0.98837 40.375 106.97 63.19 65.113 -0.79404 0.19589
0.98847 40.365 108.46 62.418 65.071 -0.73545 0.19059
0.98855 40.337 109.81 61.649 65.018 -0.69424 0.18682
0.98861 40.293 110.96 60.917 64.955 -0.67071 0.18455
0.98864 40.236 111.85 60.254 64.882 -0.66432 0.18367
0.98863 40.167 112.48 59.681 64.802 -0.67388 0.18404
0.98857 40.09 112.82 59.217 64.718 -0.69774 0.18543
0.98846 40.007 112.9 58.868 64.632 -0.73396 0.18764
0.9883 39.923 112.75 58.637 64.549 -0.78054 0.19043
0.98809 39.841 112.4 58.518 64.471 -0.83557 0.19357
0.98783 39.765 111.91 58.501 64.401 -0.89734 0.19688
0.98753 39.698 111.34 58.572 64.343 -0.96445 0.20021
0.98721 39.645 110.75 58.716 64.299 -1.0358 0.20343
0.98688 39.608 110.18 58.915 64.271 -1.1105 0.20647
0.98656 39.588 109.69 59.154 64.259 -1.1879 0.2093
0.98626 39.588 109.3 59.421 64.263 -1.2674 0.21192
0.986 39.608 109.06 59.706 64.281 -1.3483 0.21434
0.9858 39.647 108.97 60.003 64.311 -1.4298 0.21659
0.98567 39.703 109.02 60.308 64.35 -1.5107 0.21868
0.98561 39.773 109.22 60.622 64.394 -1.5894 0.22063
0.98563 39.854 109.53 60.947 64.438 -1.6642 0.22241
0.98572 39.943 109.94 61.285 64.478 -1.7327 0.22399
0.98586 40.035 110.41 61.64 64.51 -1.7925 0.22528
0.98606 40.126 110.91 62.01 64.53 -1.8409 0.22619
0.98628 40.213 111.41 62.395 64.535 -1.8754 0.22662
0.98652 40.293 111.9 62.788 64.523 -1.8937 0.22645
0.98676 40.363 112.37 63.18 64.494 -1.8941 0.22559
0.98698 40.422 112.79 63.556 64.449 -1.8756 0.22395
0.98717 40.469 113.17 63.898 64.388 -1.8378 0.22151
0.98732 40.506 113.52 64.189 64.317 -1.7813 0.21826
0.98742 40.531 113.84 64.405 64.238 -1.7078 0.21428
0.98748 40.547 114.16 64.527 64.156 -1.6197 0.20967
0.98749 40.555 114.47 64.538 64.077 -1.5203 0.20459
0.98746 40.557 114.8 64.423 64.006 -1.4133 0.19925
0.9874 40.553 115.15 64.175 63.948 -1.3028 0.19385
0.98731 40.546 115.52 63.793 63.906 -1.1929 0.18862
0.98721 40.536 115.91 63.284 63.882 -1.0876 0.18377
0.9871 40.525 116.32 62.661 63.879 -0.99017 0.1795
0.98699 40.512 116.73 61.946 63.896 -0.90343 0.17593
0.98689 40.499 117.12 61.167 63.932 -0.82917 0.17316
0.98681 40.484 117.47 60.357 63.983 -0.76826 0.1712
0.98675 40.467 117.76 59.549 64.045 -0.72064 0.17004
0.98672 40.448 117.96 58.779 64.116 -0.68539 0.16959
0.98671 40.426 118.05 58.079 64.19 -0.66086 0.16972
0.98672 40.401 118.01 57.478 64.263 -0.64492 0.17029
0.98674 40.372 117.83 56.999 64.331 -0.63515 0.17115
0.98678 40.339 117.51 56.656 64.392 -0.62915 0.17213
0.98681 40.302 117.05 56.457 64.445 -0.62471 0.17312
0.98684 40.263 116.46 56.398 64.489 -0.62007 0.17402
0.98686 40.222 115.77 56.47 64.525 -0.61403 0.1748
0.98687 40.182 114.99 56.656 64.553 -0.60602 0.17544
0.98687 40.144 114.15 56.931 64.577 -0.59612 0.17599
0.98686 40.11 113.29 57.271 64.599 -0.58502 0.17653
0.98684 40.085 112.44 57.645 64.621 -0.5738 0.17715
0.98682 40.069 111.62 58.027 64.646 -0.56388 0.17796
0.98681 40.065 110.85 58.39 64.676 -0.55673 0.17908
0.98682 40.076 110.17 58.715 64.713 -0.55372 0.18058
0.98685 40.101 109.57 58.984 64.757 -0.55593 0.18253
0.98691 40.141 109.06 59.189 64.808 -0.564 0.18494
0.98699 40.194 108.66 59.325 64.866 -0.57809 0.18778
0.9871 40.26 108.34 59.394 64.929 -0.59779 0.191
0.98724 40.334 108.1 59.404 64.994 -0.62222 0.19448
0.98739 40.413 107.93 59.366 65.06 -0.6501 0.19811
0.98755 40.495 107.82 59.291 65.125 -0.67989 0.20175
