//co2 data for Study 17 _2
steady: none
chosen_param: SaO2sup, Pa_CO2, P_a, Vmca_d, TOI_d, HbT_d, CCO_d
time_step: 1.0
******
0.98894 39.453 86.06 63.031 61.236 3.3111 0.4762
0.98898 39.384 86.515 62.85 61.182 3.2121 0.45845
0.989 39.313 87.389 62.386 61.043 2.9736 0.41771
0.98899 39.31 87.743 62.116 60.966 2.8477 0.39703
0.98898 39.327 88.007 61.834 60.89 2.7254 0.3777
0.98897 39.361 88.169 61.554 60.818 2.6119 0.36079
0.98898 39.408 88.227 61.288 60.754 2.5103 0.34718
0.98899 39.464 88.189 61.049 60.698 2.4224 0.33751
0.98903 39.526 88.076 60.847 60.652 2.3481 0.33214
0.98909 39.591 87.921 60.691 60.616 2.2858 0.3311
0.98917 39.654 87.761 60.585 60.588 2.2326 0.33412
0.98927 39.714 87.639 60.528 60.566 2.1848 0.34061
0.98938 39.767 87.595 60.514 60.547 2.1381 0.34974
0.9895 39.812 87.662 60.534 60.527 2.0884 0.36045
0.98962 39.845 87.864 60.573 60.503 2.0323 0.37156
0.98974 39.865 88.206 60.614 60.473 1.9674 0.38183
0.98984 39.868 88.674 60.64 60.434 1.8924 0.39003
0.98993 39.852 89.234 60.63 60.387 1.8079 0.39507
0.98999 39.815 89.833 60.568 60.332 1.7156 0.396
0.99003 39.755 90.402 60.441 60.272 1.6189 0.3921
0.99004 39.671 90.864 60.237 60.211 1.5218 0.38296
0.99003 39.564 91.139 59.954 60.153 1.4295 0.36844
0.99 39.435 91.155 59.593 60.103 1.347 0.34872
0.98994 39.289 90.858 59.162 60.068 1.2791 0.32428
0.98987 39.133 90.215 58.676 60.05 1.2298 0.29588
0.9898 38.972 89.223 58.153 60.055 1.202 0.26449
0.98972 38.818 87.912 57.616 60.081 1.197 0.23129
0.98964 38.679 86.342 57.089 60.13 1.2145 0.19756
0.98957 38.564 84.597 56.597 60.196 1.2526 0.16463
0.98951 38.484 82.783 56.165 60.276 1.3079 0.13384
0.98946 38.443 81.013 55.812 60.362 1.376 0.10642
0.98942 38.446 79.395 55.555 60.447 1.4513 0.083491
0.9894 38.493 78.026 55.407 60.523 1.528 0.06599
0.98938 38.583 76.979 55.371 60.583 1.6006 0.054619
0.98937 38.711 76.298 55.45 60.622 1.6639 0.049821
0.98937 38.868 75.991 55.636 60.634 1.7136 0.051768
0.98937 39.046 76.038 55.921 60.618 1.7468 0.060346
0.98938 39.234 76.39 56.289 60.573 1.762 0.075164
0.98938 39.424 76.975 56.725 60.503 1.759 0.095575
0.98938 39.605 77.711 57.209 60.411 1.7392 0.1207
0.98938 39.771 78.516 57.723 60.304 1.705 0.14948
0.98938 39.915 79.31 58.248 60.189 1.6598 0.1807
0.98937 40.036 80.032 58.766 60.072 1.6077 0.21308
0.98936 40.131 80.638 59.261 59.961 1.553 0.24531
0.98935 40.2 81.106 59.721 59.862 1.4997 0.27613
0.98934 40.245 81.434 60.136 59.781 1.4516 0.30434
0.98933 40.269 81.641 60.495 59.721 1.4118 0.32895
0.98932 40.274 81.756 60.795 59.686 1.3823 0.34913
0.98932 40.264 81.819 61.033 59.676 1.3643 0.36431
0.98931 40.242 81.867 61.207 59.69 1.358 0.37419
0.98931 40.209 81.939 61.319 59.727 1.3627 0.37874
0.9893 40.168 82.059 61.374 59.784 1.3769 0.37821
0.98929 40.119 82.244 61.376 59.857 1.3986 0.37308
0.98927 40.065 82.498 61.333 59.943 1.4254 0.36408
0.98925 40.006 82.811 61.254 60.039 1.4547 0.3521
0.98921 39.943 83.165 61.151 60.139 1.4841 0.33816
0.98917 39.879 83.534 61.034 60.241 1.5114 0.32332
0.98912 39.815 83.89 60.916 60.343 1.5347 0.30865
0.98906 39.755 84.205 60.811 60.441 1.5527 0.29517
0.989 39.701 84.453 60.731 60.533 1.5645 0.28375
0.98894 39.658 84.618 60.687 60.619 1.5698 0.27514
0.98888 39.628 84.691 60.691 60.696 1.5686 0.26985
0.98884 39.615 84.674 60.75 60.765 1.5611 0.26822
0.9888 39.622 84.577 60.87 60.823 1.5482 0.27033
0.98878 39.65 84.422 61.053 60.87 1.5303 0.27607
0.98878 39.698 84.237 61.296 60.905 1.5083 0.28514
0.98879 39.763 84.052 61.595 60.927 1.4827 0.29705
0.98881 39.842 83.904 61.942 60.936 1.454 0.3112
0.98884 39.929 83.825 62.323 60.93 1.4225 0.32691
0.98888 40.017 83.844 62.723 60.909 1.3883 0.34345
0.98893 40.097 83.985 63.127 60.875 1.3514 0.3601
0.98897 40.161 84.262 63.515 60.827 1.3116 0.37618
0.98901 40.202 84.678 63.872 60.768 1.2688 0.39107
0.98905 40.213 85.229 64.179 60.699 1.2228 0.40428
0.98908 40.19 85.896 64.423 60.624 1.1737 0.41542
0.98909 40.131 86.653 64.592 60.546 1.1217 0.42426
0.9891 40.038 87.467 64.681 60.468 1.0672 0.43069
0.98911 39.915 88.296 64.684 60.394 1.011 0.43474
0.9891 39.771 89.098 64.605 60.327 0.95407 0.43654
0.9891 39.617 89.832 64.45 60.27 0.89768 0.43637
0.9891 39.467 90.459 64.23 60.224 0.84323 0.43456
0.9891 39.335 90.947 63.958 60.192 0.7922 0.43151
0.98911 39.237 91.272 63.651 60.173 0.74605 0.42767
0.98912 39.189 91.421 63.328 60.169 0.70614 0.42349
0.98915 39.204 91.392 63.007 60.178 0.67355 0.41941
0.98918 39.293 91.193 62.706 60.2 0.64903 0.41585
0.98922 39.462 90.841 62.44 60.232 0.63289 0.41316
0.98927 39.714 90.362 62.222 60.275 0.62495 0.41162
0.98933 40.046 89.788 62.061 60.325 0.62453 0.41144
0.98939 40.448 89.155 61.959 60.381 0.63044 0.41275
0.98945 40.907 88.497 61.917 60.441 0.64105 0.41556
0.9895 41.407 87.85 61.928 60.502 0.65441 0.41982
0.98956 41.927 87.244 61.981 60.561 0.66832 0.42536
0.98961 42.446 86.704 62.062 60.618 0.68056 0.43195
0.98966 42.943 86.248 62.156 60.668 0.689 0.4393
0.9897 43.4 85.884 62.242 60.712 0.69185 0.44705
0.98973 43.802 85.615 62.304 60.748 0.68779 0.45481
0.98976 44.139 85.434 62.324 60.774 0.67616 0.4622
0.98978 44.405 85.327 62.287 60.791 0.65707 0.4688
0.9898 44.603 85.276 62.184 60.8 0.6315 0.47425
0.98981 44.738 85.259 62.01 60.802 0.60128 0.47822
0.98981 44.822 85.253 61.763 60.798 0.56909 0.48044
0.98981 44.867 85.234 61.45 60.792 0.53833 0.48074
0.98979 44.89 85.181 61.083 60.786 0.51293 0.47902
0.98976 44.906 85.078 60.677 60.781 0.49714 0.4753
0.98973 44.931 84.913 60.255 60.782 0.49521 0.4697
0.98968 44.978 84.681 59.838 60.788 0.51113 0.46247
0.98963 45.056 84.383 59.451 60.802 0.54826 0.45392
0.98958 45.172 84.027 59.12 60.824 0.60907 0.44451
0.98952 45.326 83.629 58.865 60.854 0.69487 0.43473
0.98947 45.517 83.209 58.706 60.892 0.80561 0.42514
0.98943 45.739 82.794 58.656 60.937 0.9398 0.41631
0.9894 45.984 82.411 58.723 60.987 1.0945 0.40882
0.98938 46.242 82.09 58.909 61.041 1.2652 0.40319
0.98938 46.502 81.86 59.209 61.096 1.4466 0.39985
0.98939 46.752 81.744 59.611 61.152 1.6321 0.39915
0.98942 46.981 81.761 60.099 61.208 1.8148 0.40129
0.98947 47.18 81.92 60.653 61.261 1.9874 0.40632
0.98953 47.343 82.221 61.25 61.312 2.1431 0.41411
0.9896 47.464 82.657 61.863 61.361 2.2756 0.42438
0.98967 47.541 83.207 62.47 61.408 2.3796 0.43669
0.98975 47.577 83.847 63.048 61.453 2.451 0.45046
0.98982 47.573 84.541 63.578 61.498 2.4874 0.465
0.98988 47.538 85.255 64.044 61.545 2.4877 0.47955
0.98993 47.481 85.951 64.437 61.594 2.4521 0.49331
0.98997 47.411 86.594 64.751 61.647 2.3825 0.50549
0.99 47.342 87.154 64.987 61.705 2.2817 0.51536
0.99002 47.286 87.609 65.148 61.768 2.1535 0.52226
0.99002 47.255 87.945 65.243 61.837 2.0021 0.52565
0.99002 47.263 88.16 65.281 61.909 1.832 0.52515
0.99 47.318 88.258 65.273 61.985 1.6478 0.52049
0.98999 47.428 88.256 65.231 62.06 1.4536 0.5116
0.98996 47.597 88.175 65.166 62.134 1.2533 0.49853
0.98994 47.828 88.042 65.083 62.201 1.0503 0.48149
0.98992 48.116 87.889 64.987 62.258 0.84758 0.4608
0.98991 48.456 87.744 64.88 62.3 0.64758 0.43688
0.98989 48.837 87.636 64.757 62.325 0.45268 0.41025
0.98989 49.246 87.587 64.611 62.328 0.26515 0.38149
0.98988 49.669 87.614 64.432 62.307 0.087381 0.35123
0.98989 50.09 87.722 64.208 62.26 -0.078001 0.32011
0.98989 50.494 87.907 63.925 62.188 -0.22801 0.28882
0.9899 50.867 88.154 63.569 62.091 -0.35932 0.25805
0.98991 51.198 88.432 63.129 61.972 -0.46831 0.22848
0.98992 51.478 88.702 62.595 61.836 -0.55129 0.2008
0.98992 51.705 88.912 61.963 61.689 -0.60469 0.17568
0.98992 51.88 89.004 61.231 61.537 -0.62548 0.15371
0.98991 52.005 88.918 60.407 61.389 -0.61151 0.13547
0.98989 52.091 88.594 59.501 61.25 -0.56192 0.12142
0.98985 52.148 87.983 58.531 61.13 -0.47749 0.11192
0.98981 52.187 87.047 57.52 61.033 -0.36099 0.1072
0.98976 52.221 85.769 56.495 60.966 -0.21733 0.10731
0.98971 52.261 84.157 55.484 60.93 -0.053625 0.11211
0.98965 52.317 82.241 54.518 60.926 0.12096 0.1213
0.98959 52.392 80.081 53.628 60.955 0.29551 0.13433
0.98953 52.491 77.759 52.839 61.011 0.45786 0.1505
0.98949 52.61 75.376 52.174 61.089 0.5953 0.16894
0.98945 52.745 73.045 51.649 61.184 0.6954 0.18866
0.98942 52.887 70.882 51.272 61.286 0.7469 0.20857
0.98941 53.026 68.996 51.045 61.387 0.74068 0.22761
0.98942 53.149 67.482 50.961 61.478 0.67062 0.24474
0.98944 53.246 66.406 51.003 61.553 0.53443 0.25902
0.98947 53.307 65.806 51.15 61.605 0.3342 0.26974
0.9895 53.324 65.686 51.373 61.629 0.076741 0.27636
0.98954 53.292 66.013 51.643 61.622 -0.22642 0.27865
0.98958 53.211 66.723 51.925 61.585 -0.55936 0.27665
0.98961 53.084 67.728 52.187 61.52 -0.90245 0.27069
0.98964 52.916 68.921 52.4 61.431 -1.2334 0.2614
0.98965 52.718 70.191 52.539 61.324 -1.5285 0.24962
0.98965 52.502 71.428 52.586 61.207 -1.7644 0.23641
0.98963 52.279 72.538 52.53 61.089 -1.9193 0.22293
0.9896 52.064 73.445 52.367 60.98 -1.9751 0.21039
0.98957 51.869 74.103 52.105 60.888 -1.9186 0.19997
0.98953 51.705 74.493 51.756 60.821 -1.7428 0.19274
0.9895 51.578 74.628 51.34 60.785 -1.448 0.18957
0.98947 51.495 74.543 50.884 60.786 -1.0422 0.19111
0.98945 51.458 74.295 50.417 60.824 -0.54079 0.19771
0.98945 51.465 73.952 49.969 60.899 0.033555 0.2094
0.98947 51.515 73.59 49.57 61.008 0.65243 0.22592
0.9895 51.6 73.278 49.248 61.145 1.2831 0.24669
0.98956 51.714 73.081 49.027 61.301 1.8905 0.27089
0.98963 51.849 73.045 48.925 61.468 2.4395 0.29747
0.98971 51.997 73.2 48.952 61.635 2.8974 0.32525
0.9898 52.149 73.56 49.112 61.793 3.2357 0.353
0.98988 52.3 74.118 49.401 61.932 3.4328 0.37947
0.98996 52.442 74.851 49.807 62.043 3.4753 0.40353
0.99002 52.57 75.724 50.314 62.119 3.3593 0.42417
0.99005 52.683 76.695 50.899 62.156 3.0906 0.44063
0.99005 52.777 77.714 51.535 62.149 2.6849 0.45236
0.99002 52.853 78.735 52.194 62.098 2.1669 0.45912
0.98993 52.913 79.713 52.848 62.006 1.5687 0.46093
0.9898 52.958 80.61 53.469 61.875 0.92759 0.45808
0.98962 52.992 81.395 54.033 61.711 0.28406 0.45108
0.9894 53.019 82.047 54.522 61.522 -0.32134 0.44065
0.98915 53.042 82.553 54.92 61.315 -0.85059 0.42763
0.98887 53.064 82.906 55.221 61.1 -1.2709 0.41295
0.98859 53.089 83.105 55.423 60.887 -1.557 0.39756
0.98832 53.118 83.154 55.532 60.684 -1.6931 0.3824
0.98807 53.152 83.059 55.56 60.499 -1.6739 0.36834
0.98786 53.19 82.829 55.524 60.339 -1.505 0.35614
0.98772 53.232 82.472 55.445 60.209 -1.2029 0.34647
0.98764 53.276 82.002 55.349 60.111 -0.79363 0.33989
0.98763 53.319 81.435 55.26 60.046 -0.31103 0.33683
0.9877 53.359 80.79 55.205 60.012 0.20562 0.33764
0.98784 53.392 80.093 55.206 60.006 0.71438 0.34258
0.98803 53.415 79.376 55.285 60.024 1.1737 0.35185
0.98827 53.428 78.675 55.459 60.06 1.5453 0.36558
0.98853 53.428 78.028 55.738 60.109 1.7972 0.38387
0.9888 53.414 77.475 56.13 60.167 1.9057 0.40675
0.98905 53.388 77.055 56.635 60.228 1.8575 0.43418
0.98927 53.35 76.8 57.247 60.292 1.6505 0.46602
0.98945 53.303 76.735 57.957 60.357 1.294 0.50201
0.98959 53.249 76.874 58.749 60.422 0.80798 0.54175
0.98967 53.193 77.217 59.605 60.491 0.22188 0.58466
0.98971 53.136 77.752 60.506 60.564 -0.42776 0.62996
0.98971 53.083 78.456 61.428 60.645 -1.0998 0.67671
0.98968 53.036 79.293 62.35 60.736 -1.7514 0.72379
0.98964 52.997 80.219 63.251 60.838 -2.3413 0.76993
0.98959 52.968 81.186 64.111 60.951 -2.8323 0.8138
0.98954 52.948 82.146 64.913 61.075 -3.1941 0.85404
0.98951 52.938 83.052 65.643 61.206 -3.4051 0.88934
0.98948 52.936 83.867 66.292 61.34 -3.4539 0.91857
0.98947 52.941 84.561 66.852 61.471 -3.3396 0.94076
0.98946 52.95 85.117 67.321 61.595 -3.0717 0.95528
0.98944 52.962 85.53 67.7 61.703 -2.6691 0.96181
0.98941 52.974 85.806 67.993 61.791 -2.1585 0.96039
0.98935 52.984 85.958 68.208 61.852 -1.5723 0.95145
0.98925 52.992 86.01 68.354 61.882 -0.94629 0.93576
0.9891 52.996 85.986 68.444 61.879 -0.31721 0.9144
0.9889 52.996 85.915 68.489 61.842 0.27979 0.88868
0.98864 52.994 85.823 68.504 61.771 0.81323 0.86007
0.98833 52.988 85.732 68.502 61.67 1.257 0.83008
0.98796 52.981 85.665 68.495 61.541 1.5918 0.8002
0.98756 52.972 85.636 68.493 61.391 1.8056 0.77176
0.98712 52.964 85.659 68.504 61.224 1.894 0.74591
0.98668 52.957 85.743 68.534 61.047 1.8599 0.72349
0.98624 52.952 85.897 68.583 60.866 1.7127 0.70503
0.98582 52.948 86.125 68.652 60.687 1.4673 0.69072
0.98544 52.946 86.429 68.734 60.515 1.1424 0.68038
0.98511 52.944 86.807 68.821 60.357 0.75941 0.67356
0.98485 52.942 87.255 68.902 60.216 0.34095 0.66951
0.98466 52.939 87.761 68.964 60.096 -0.09071 0.6673
0.98457 52.933 88.307 68.991 60.001 -0.51475 0.66588
0.98457 52.922 88.87 68.969 59.931 -0.91283 0.66413
0.98467 52.906 89.42 68.883 59.889 -1.2698 0.66099
0.98486 52.883 89.924 68.72 59.874 -1.5743 0.6555
0.98514 52.854 90.344 68.469 59.886 -1.8189 0.64691
0.9855 52.819 90.642 68.125 59.922 -2.0001 0.63467
0.98592 52.778 90.784 67.687 59.98 -2.1181 0.61854
0.9864 52.733 90.74 67.156 60.056 -2.1766 0.59853
0.9869 52.686 90.486 66.543 60.144 -2.1821 0.57497
0.98741 52.639 90.012 65.862 60.241 -2.1432 0.54844
0.98791 52.596 89.317 65.131 60.339 -2.0701 0.51976
0.98839 52.559 88.413 64.375 60.434 -1.974 0.4899
0.98882 52.531 87.323 63.62 60.52 -1.866 0.45996
0.9892 52.513 86.085 62.893 60.592 -1.7568 0.43107
0.98951 52.509 84.742 62.224 60.648 -1.656 0.40433
0.98975 52.517 83.346 61.64 60.685 -1.5715 0.38074
0.98993 52.54 81.952 61.164 60.703 -1.5094 0.36113
0.99004 52.575 80.614 60.816 60.703 -1.4734 0.3461
0.9901 52.622 79.385 60.608 60.687 -1.4649 0.33604
0.99011 52.676 78.313 60.548 60.659 -1.4832 0.33106
0.99009 52.734 77.433 60.633 60.622 -1.5253 0.331
0.99004 52.792 76.773 60.855 60.583 -1.5868 0.33547
0.98999 52.846 76.347 61.197 60.545 -1.6617 0.34389
0.98994 52.89 76.153 61.637 60.512 -1.7433 0.3555
0.98989 52.922 76.18 62.146 60.489 -1.8247 0.36947
0.98986 52.939 76.401 62.695 60.479 -1.8991 0.38488
0.98984 52.937 76.779 63.251 60.482 -1.9607 0.40087
0.98983 52.918 77.273 63.783 60.501 -2.0049 0.41663
0.98984 52.881 77.834 64.262 60.535 -2.0286 0.43146
0.98984 52.828 78.419 64.664 60.582 -2.0303 0.44479
0.98985 52.764 78.987 64.974 60.64 -2.0107 0.45622
0.98984 52.69 79.505 65.18 60.706 -1.9718 0.46552
0.98982 52.612 79.953 65.282 60.778 -1.9173 0.4726
0.98978 52.535 80.323 65.285 60.85 -1.8523 0.47752
0.98972 52.462 80.62 65.203 60.919 -1.7823 0.48046
0.98964 52.398 80.858 65.056 60.981 -1.7134 0.48167
0.98954 52.346 81.061 64.868 61.034 -1.6513 0.48149
0.98943 52.308 81.257 64.666 61.075 -1.6012 0.48026
0.98931 52.287 81.475 64.476 61.102 -1.5672 0.47834
0.9892 52.283 81.74 64.326 61.115 -1.5521 0.47607
0.98909 52.295 82.07 64.237 61.115 -1.5572 0.47379
0.989 52.323 82.473 64.228 61.104 -1.5821 0.47175
0.98894 52.364 82.947 64.311 61.083 -1.6248 0.47018
0.9889 52.416 83.481 64.49 61.056 -1.6822 0.46926
0.98889 52.476 84.054 64.765 61.027 -1.7498 0.46907
0.98892 52.54 84.638 65.127 60.999 -1.8226 0.46967
0.98896 52.605 85.204 65.563 60.976 -1.8952 0.47101
0.98903 52.667 85.72 66.054 60.96 -1.9624 0.47301
0.98912 52.722 86.159 66.578 60.955 -2.0196 0.47548
0.98921 52.768 86.5 67.111 60.961 -2.063 0.47817
0.98931 52.803 86.73 67.628 60.979 -2.0901 0.48077
0.9894 52.826 86.845 68.104 61.007 -2.0999 0.48292
0.98948 52.838 86.852 68.515 61.044 -2.0926 0.4842
0.98955 52.839 86.77 68.839 61.086 -2.0701 0.48421
0.9896 52.831 86.625 69.059 61.129 -2.0354 0.48253
0.98964 52.817 86.451 69.158 61.171 -1.9925 0.47882
0.98966 52.802 86.288 69.125 61.206 -1.9461 0.4728
0.98967 52.788 86.172 68.953 61.231 -1.901 0.46433
0.98968 52.78 86.138 68.637 61.244 -1.862 0.4534
0.98967 52.78 86.21 68.179 61.243 -1.8331 0.44017
0.98967 52.79 86.402 67.583 61.227 -1.8175 0.42497
0.98967 52.813 86.711 66.858 61.197 -1.817 0.40831
0.98967 52.847 87.119 66.019 61.155 -1.8322 0.39084
0.98968 52.892 87.592 65.084 61.104 -1.8619 0.37333
0.98969 52.945 88.085 64.076 61.049 -1.9034 0.35662
0.9897 53.002 88.544 63.02 60.993 -1.9527 0.34155
0.98973 53.061 88.915 61.948 60.943 -2.0046 0.32894
0.98975 53.116 89.145 60.892 60.903 -2.0532 0.31948
0.98977 53.164 89.191 59.887 60.878 -2.0923 0.31372
0.98979 53.202 89.026 58.968 60.872 -2.1157 0.31202
0.98981 53.228 88.639 58.17 60.887 -2.118 0.3145
0.98982 53.242 88.036 57.523 60.925 -2.0946 0.32104
0.98982 53.244 87.243 57.056 60.985 -2.0426 0.33129
0.98982 53.237 86.298 56.789 61.067 -1.961 0.34473
0.98981 53.224 85.252 56.739 61.167 -1.8507 0.36063
0.98979 53.211 84.163 56.911 61.28 -1.7146 0.37819
0.98976 53.201 83.088 57.303 61.403 -1.5578 0.39656
0.98973 53.2 82.086 57.905 61.528 -1.3874 0.4149
0.9897 53.211 81.206 58.697 61.65 -1.2118 0.43246
0.98967 53.236 80.492 59.652 61.762 -1.0405 0.44861
0.98964 53.279 79.977 60.735 61.859 -0.88364 0.46289
0.9896 53.337 79.682 61.908 61.936 -0.75122 0.47501
0.98957 53.408 79.621 63.127 61.989 -0.65257 0.48489
0.98953 53.489 79.794 64.35 62.017 -0.5957 0.49258
0.98949 53.575 80.195 65.533 62.019 -0.58681 0.49829
0.98944 53.66 80.81 66.637 61.995 -0.62984 0.50232
0.98939 53.736 81.614 67.626 61.949 -0.72612 0.50496
0.98933 53.799 82.58 68.472 61.884 -0.8743 0.50651
0.98926 53.844 83.672 69.153 61.805 -1.0703 0.50718
0.98919 53.865 84.852 69.655 61.718 -1.3076 0.50706
0.98912 53.861 86.076 69.972 61.629 -1.5774 0.50608
0.98904 53.832 87.297 70.105 61.542 -1.8695 0.504
0.98897 53.778 88.468 70.063 61.463 -2.1725 0.50045
0.98892 53.702 89.541 69.861 61.396 -2.4747 0.49493
0.98888 53.608 90.473 69.516 61.343 -2.7649 0.48685
0.98888 53.501 91.224 69.052 61.305 -3.0328 0.47563
0.98891 53.387 91.765 68.489 61.281 -3.2699 0.46076
0.98897 53.272 92.073 67.852 61.271 -3.4697 0.44187
0.98907 53.16 92.142 67.162 61.27 -3.6284 0.41882
0.98921 53.058 91.975 66.438 61.278 -3.7449 0.39176
0.98938 52.968 91.59 65.698 61.288 -3.8207 0.36117
0.98958 52.893 91.013 64.953 61.299 -3.8601 0.32789
0.98978 52.836 90.283 64.215 61.307 -3.8693 0.2931
0.98998 52.795 89.441 63.49 61.311 -3.8563 0.25829
0.99016 52.771 88.533 62.785 61.307 -3.8303 0.22519
0.99029 52.762 87.606 62.103 61.297 -3.8007 0.19566
0.99034 52.765 86.7 61.448 61.281 -3.7768 0.17156
0.99031 52.778 85.855 60.824 61.26 -3.7665 0.15463
0.99016 52.798 85.102 60.235 61.235 -3.7765 0.14633
0.98989 52.82 84.465 59.688 61.209 -3.8108 0.14773
0.98949 52.842 83.961 59.191 61.184 -3.8713 0.15932
0.98895 52.86 83.598 58.754 61.163 -3.9569 0.18101
0.98828 52.871 83.377 58.389 61.147 -4.0635 0.21202
0.98749 52.874 83.288 58.106 61.138 -4.1849 0.25087
0.9866 52.866 83.318 57.917 61.137 -4.3123 0.29546
0.98564 52.848 83.444 57.833 61.146 -4.4353 0.34315
0.98463 52.819 83.637 57.861 61.164 -4.543 0.3909
0.98362 52.782 83.868 58.006 61.191 -4.6239 0.43551
0.98263 52.738 84.106 58.268 61.226 -4.668 0.47378
0.98169 52.69 84.324 58.642 61.268 -4.6666 0.50279
0.98082 52.643 84.499 59.119 61.317 -4.6138 0.52015
0.98005 52.599 84.62 59.682 61.369 -4.5074 0.52421
0.9794 52.562 84.684 60.312 61.424 -4.3486 0.51422
0.97888 52.535 84.702 60.985 61.478 -4.1433 0.49053
0.9785 52.521 84.694 61.674 61.532 -3.9013 0.45457
0.97826 52.52 84.688 62.352 61.581 -3.6366 0.40888
0.97817 52.533 84.719 62.991 61.625 -3.3663 0.35701
0.97823 52.56 84.821 63.565 61.662 -3.11 0.30328
0.97843 52.599 85.024 64.054 61.691 -2.8884 0.25257
0.97878 52.647 85.353 64.44 61.71 -2.7219 0.20998
0.97926 52.701 85.821 64.714 61.719 -2.6291 0.18045
0.97986 52.758 86.426 64.874 61.718 -2.6254 0.16839
0.98056 52.814 87.156 64.925 61.707 -2.7213 0.17735
0.98135 52.866 87.982 64.878 61.688 -2.9216 0.20964
0.98219 52.912 88.869 64.755 61.662 -3.224 0.26614
0.98306 52.949 89.771 64.579 61.632 -3.6193 0.3461
0.98393 52.974 90.641 64.378 61.6 -4.091 0.44713
0.98475 52.988 91.434 64.183 61.569 -4.6163 0.56525
0.9855 52.988 92.11 64.023 61.544 -5.1668 0.69511
0.98616 52.975 92.641 63.924 61.528 -5.7106 0.83027
0.9867 52.948 93.007 63.907 61.524 -6.2139 0.96363
0.98711 52.908 93.206 63.987 61.536 -6.6436 1.0878
0.98741 52.854 93.248 64.169 61.564 -6.9692 1.1959
0.98759 52.786 93.151 64.45 61.611 -7.1652 1.2814
0.98768 52.706 92.946 64.817 61.675 -7.213 1.3392
0.9877 52.615 92.665 65.248 61.754 -7.1024 1.3659
0.98767 52.512 92.344 65.714 61.843 -6.8324 1.3596
0.98764 52.401 92.014 66.179 61.937 -6.4116 1.3206
0.98763 52.282 91.701 66.604 62.028 -5.8575 1.2507
0.98765 52.159 91.422 66.95 62.108 -5.1956 1.154
0.98772 52.034 91.185 67.179 62.168 -4.4576 1.0358
0.98786 51.911 90.987 67.258 62.2 -3.6794 0.9024
0.98805 51.793 90.816 67.161 62.198 -2.8983 0.76098
0.98829 51.685 90.653 66.871 62.155 -2.151 0.61879
0.98857 51.588 90.474 66.384 62.07 -1.4708 0.48281
0.98887 51.506 90.257 65.705 61.942 -0.88557 0.35925
0.98918 51.441 89.977 64.852 61.774 -0.41631 0.25319
0.98946 51.394 89.618 63.854 61.571 -0.075847 0.16832
0.98972 51.364 89.17 62.747 61.34 0.13148 0.10677
0.98994 51.351 88.632 61.578 61.094 0.20963 0.069045
0.9901 51.352 88.013 60.396 60.841 0.17004 0.054142
0.99022 51.366 87.331 59.251 60.596 0.030296 0.059693
0.99028 51.389 86.614 58.195 60.37 -0.18758 0.082253
0.9903 51.419 85.895 57.272 60.176 -0.45905 0.11762
0.99028 51.453 85.211 56.522 60.021 -0.75904 0.1612
0.99023 51.488 84.601 55.973 59.915 -1.0638 0.20836
0.99017 51.522 84.1 55.647 59.862 -1.3526 0.25478
0.99009 51.555 83.737 55.55 59.863 -1.6088 0.2967
0.99001 51.585 83.536 55.68 59.915 -1.821 0.33118
0.98994 51.612 83.508 56.023 60.015 -1.983 0.35624
0.98988 51.635 83.655 56.554 60.154 -2.0938 0.37086
0.98983 51.655 83.965 57.242 60.321 -2.1576 0.37505
0.98979 51.672 84.418 58.05 60.506 -2.1821 0.36968
0.98976 51.686 84.984 58.936 60.695 -2.1778 0.35635
0.98975 51.696 85.626 59.858 60.878 -2.1572 0.3372
0.98974 51.702 86.303 60.776 61.044 -2.1328 0.31471
0.98973 51.704 86.975 61.651 61.185 -2.1163 0.29144
0.98973 51.702 87.603 62.451 61.294 -2.1179 0.26984
0.98972 51.695 88.155 63.149 61.368 -2.1451 0.25208
0.98971 51.686 88.604 63.726 61.407 -2.2025 0.23985
0.9897 51.673 88.935 64.171 61.411 -2.2915 0.23432
0.98968 51.661 89.143 64.478 61.384 -2.4105 0.23604
0.98966 51.651 89.229 64.651 61.331 -2.5552 0.24493
0.98964 51.647 89.209 64.697 61.258 -2.7192 0.26037
0.98963 51.652 89.102 64.63 61.172 -2.8944 0.28121
0.98961 51.669 88.935 64.467 61.077 -3.0723 0.30591
0.9896 51.701 88.737 64.226 60.981 -3.244 0.33265
0.98959 51.751 88.537 63.928 60.887 -3.4015 0.35947
0.98959 51.818 88.362 63.591 60.799 -3.5379 0.38444
0.98959 51.902 88.235 63.233 60.72 -3.6482 0.40573
0.98959 52 88.173 62.87 60.65 -3.7292 0.42179
0.9896 52.108 88.186 62.514 60.589 -3.7797 0.4314
0.9896 52.222 88.274 62.173 60.537 -3.8008 0.43377
0.98962 52.336 88.43 61.852 60.491 -3.7951 0.42859
0.98963 52.444 88.64 61.554 60.45 -3.767 0.41601
0.98966 52.54 88.883 61.277 60.412 -3.7219 0.39664
0.98969 52.622 89.132 61.016 60.374 -3.6658 0.37153
0.98973 52.684 89.357 60.767 60.336 -3.6049 0.34205
0.98978 52.727 89.526 60.521 60.297 -3.5451 0.30987
0.98984 52.751 89.608 60.273 60.258 -3.4915 0.27679
0.98992 52.756 89.573 60.017 60.22 -3.4481 0.24465
0.99001 52.747 89.398 59.746 60.184 -3.4177 0.21524
0.9901 52.727 89.066 59.458 60.153 -3.4013 0.19015
0.99019 52.701 88.568 59.153 60.129 -3.3987 0.17073
0.99028 52.672 87.906 58.834 60.115 -3.4079 0.15795
0.99035 52.645 87.095 58.504 60.112 -3.4259 0.15238
0.9904 52.621 86.158 58.173 60.121 -3.4485 0.15418
0.9904 52.604 85.13 57.849 60.143 -3.4711 0.16305
0.99036 52.593 84.053 57.544 60.177 -3.4888 0.17832
0.99026 52.587 82.973 57.271 60.222 -3.4968 0.19893
0.9901 52.586 81.936 57.041 60.275 -3.4912 0.22359
0.98987 52.587 80.984 56.867 60.334 -3.469 0.2508
0.98958 52.587 80.156 56.757 60.397 -3.4287 0.27896
0.98925 52.584 79.479 56.72 60.46 -3.3701 0.3065
0.98887 52.577 78.975 56.759 60.521 -3.2951 0.33192
0.98848 52.563 78.656 56.876 60.577 -3.2068 0.35392
0.9881 52.543 78.526 57.067 60.626 -3.11 0.37142
0.98774 52.518 78.586 57.328 60.668 -3.0106 0.38363
0.98743 52.489 78.833 57.65 60.701 -2.9154 0.39005
0.9872 52.46 79.262 58.019 60.726 -2.8314 0.39048
0.98706 52.434 79.87 58.422 60.744 -2.7656 0.38499
0.98702 52.415 80.654 58.845 60.755 -2.7243 0.37391
0.98708 52.408 81.614 59.27 60.761 -2.7128 0.35775
0.98724 52.416 82.749 59.681 60.764 -2.7352 0.33721
0.98748 52.442 84.056 60.063 60.766 -2.7937 0.31308
0.98779 52.485 85.528 60.402 60.768 -2.889 0.28621
0.98814 52.546 87.152 60.686 60.772 -3.0201 0.25751
0.98851 52.622 88.905 60.904 60.78 -3.1843 0.22791
0.98887 52.706 90.752 61.048 60.792 -3.3775 0.19831
0.98921 52.793 92.649 61.112 60.809 -3.5947 0.16964
0.98951 52.875 94.543 61.094 60.831 -3.8301 0.1428
0.98976 52.942 96.375 60.992 60.858 -4.0772 0.11868
0.98995 52.988 98.082 60.806 60.888 -4.3299 0.098159
0.99008 53.004 99.607 60.541 60.919 -4.5819 0.082099
0.99017 52.986 100.9 60.201 60.952 -4.8272 0.071313
0.9902 52.931 101.93 59.793 60.982 -5.0604 0.066546
0.99021 52.839 102.67 59.325 61.008 -5.2763 0.068434
0.99018 52.714 103.11 58.807 61.029 -5.4703 0.077463
0.99014 52.564 103.26 58.251 61.043 -5.6379 0.093917
0.9901 52.397 103.16 57.671 61.048 -5.7751 0.11784
0.99005 52.224 102.83 57.081 61.045 -5.8777 0.14897
0.99001 52.058 102.31 56.496 61.035 -5.9418 0.18674
0.98997 51.911 101.66 55.934 61.018 -5.9635 0.23028
0.98993 51.793 100.91 55.411 60.997 -5.9393 0.27837
0.98989 51.712 100.13 54.944 60.974 -5.8659 0.32953
0.98983 51.674 99.333 54.548 60.954 -5.7407 0.38207
0.98976 51.679 98.575 54.238 60.94 -5.5619 0.43417
0.98966 51.726 97.882 54.025 60.936 -5.3289 0.48398
0.98953 51.809 97.279 53.917 60.946 -5.0424 0.52973
0.98935 51.918 96.783 53.921 60.972 -4.7049 0.56986
0.98911 52.043 96.405 54.035 61.017 -4.3205 0.60312
0.98882 52.173 96.146 54.257 61.083 -3.8948 0.62867
0.98846 52.296 96.001 54.579 61.17 -3.4355 0.64613
0.98804 52.401 95.957 54.989 61.276 -2.9512 0.65565
0.98753 52.48 95.996 55.473 61.4 -2.4519 0.65787
0.98695 52.528 96.092 56.012 61.537 -1.9481 0.65391
0.98629 52.543 96.219 56.588 61.684 -1.4504 0.64528
0.98554 52.524 96.348 57.181 61.835 -0.96912 0.63377
0.98472 52.475 96.454 57.773 61.985 -0.51364 0.62134
0.98381 52.404 96.513 58.347 62.128 -0.092009 0.60994
0.98283 52.316 96.511 58.889 62.257 0.28944 0.6014
0.98179 52.223 96.441 59.39 62.37 0.62635 0.59725
0.9807 52.132 96.301 59.843 62.461 0.91646 0.59865
0.97959 52.054 96.104 60.246 62.529 1.1597 0.60625
0.97849 51.995 95.863 60.603 62.573 1.3578 0.62019
0.97742 51.962 95.603 60.919 62.593 1.5145 0.64006
0.97644 51.958 95.346 61.201 62.59 1.635 0.66494
0.97559 51.984 95.119 61.462 62.569 1.7252 0.69349
0.9749 52.038 94.943 61.711 62.534 1.7921 0.72404
0.97442 52.119 94.837 61.959 62.488 1.8425 0.75471
0.97419 52.218 94.81 62.215 62.436 1.8832 0.78357
0.97423 52.33 94.865 62.483 62.384 1.9202 0.80878
0.97456 52.447 94.996 62.767 62.335 1.9585 0.82874
0.97518 52.559 95.19 63.066 62.292 2.0018 0.84215
0.97607 52.658 95.428 63.375 62.257 2.0525 0.84817
0.97721 52.737 95.687 63.685 62.231 2.111 0.84644
0.97856 52.789 95.942 63.987 62.214 2.1763 0.83708
0.98005 52.809 96.17 64.268 62.202 2.2455 0.8207
0.98163 52.795 96.351 64.515 62.195 2.3142 0.79834
0.98323 52.744 96.469 64.717 62.187 2.3768 0.77136
0.98478 52.657 96.518 64.864 62.177 2.4264 0.74139
0.98623 52.536 96.496 64.95 62.158 2.4558 0.71016
0.98753 52.386 96.408 64.972 62.128 2.4574 0.6794
0.98864 52.21 96.265 64.931 62.084 2.4243 0.65074
0.98954 52.017 96.084 64.837 62.022 2.3506 0.62557
0.99021 51.812 95.883 64.698 61.942 2.2319 0.605
0.99068 51.605 95.68 64.532 61.842 2.0665 0.58977
0.99095 51.403 95.493 64.355 61.724 1.855 0.58022
0.99104 51.214 95.336 64.187 61.59 1.6016 0.57632
0.99101 51.047 95.221 64.048 61.442 1.3137 0.57765
0.99087 50.909 95.153 63.954 61.284 1.0021 0.58348
0.99068 50.805 95.134 63.921 61.121 0.68044 0.59284
0.99045 50.741 95.16 63.957 60.958 0.36518 0.60461
0.99023 50.72 95.224 64.066 60.803 0.074265 0.61759
0.99003 50.743 95.314 64.245 60.66 -0.17363 0.63061
0.98986 50.808 95.417 64.483 60.537 -0.36038 0.64261
0.98974 50.913 95.519 64.764 60.441 -0.46963 0.65273
0.98966 51.053 95.606 65.063 60.377 -0.48813 0.66034
0.98962 51.222 95.664 65.353 60.35 -0.40681 0.66511
0.98962 51.41 95.682 65.604 60.364 -0.22178 0.66699
0.98963 51.61 95.653 65.782 60.42 0.065037 0.6662
0.98964 51.812 95.57 65.856 60.519 0.44565 0.66324
0.98965 52.007 95.434 65.799 60.659 0.90614 0.65875
0.98964 52.186 95.248 65.588 60.835 1.4272 0.65351
0.98961 52.34 95.019 65.209 61.04 1.9851 0.64833
0.98956 52.465 94.757 64.656 61.266 2.553 0.64398
0.98947 52.554 94.477 63.934 61.503 3.1025 0.64107
0.98937 52.606 94.191 63.056 61.741 3.6054 0.64004
0.98926 52.62 93.912 62.049 61.967 4.0354 0.64106
0.98914 52.597 93.652 60.945 62.172 4.3696 0.64401
0.98903 52.54 93.417 59.787 62.345 4.5899 0.6485
0.98894 52.454 93.209 58.622 62.477 4.6843 0.65385
0.98889 52.345 93.026 57.497 62.564 4.6471 0.65916
0.98887 52.219 92.862 56.462 62.6 4.4797 0.66337
0.98889 52.084 92.707 55.56 62.586 4.1895 0.66536
0.98896 51.946 92.55 54.831 62.522 3.7902 0.66399
0.98906 51.813 92.384 54.303 62.413 3.2999 0.65827
0.98921 51.689 92.204 53.992 62.266 2.7406 0.64741
0.98937 51.58 92.008 53.903 62.089 2.1358 0.63088
0.98956 51.49 91.804 54.028 61.892 1.5101 0.60854
0.98975 51.421 91.603 54.343 61.685 0.88671 0.58061
0.98993 51.375 91.424 54.814 61.478 0.28689 0.5477
0.99009 51.353 91.288 55.399 61.279 -0.27142 0.51081
0.99023 51.356 91.218 56.045 61.098 -0.77424 0.47124
0.99032 51.383 91.237 56.699 60.94 -1.212 0.43056
0.99037 51.432 91.361 57.307 60.811 -1.5795 0.39049
0.99036 51.502 91.604 57.819 60.711 -1.8759 0.35279
0.9903 51.59 91.968 58.193 60.642 -2.104 0.31916
0.99019 51.693 92.448 58.397 60.602 -2.2697 0.29115
0.99002 51.809 93.027 58.413 60.587 -2.3813 0.27
0.98982 51.933 93.681 58.238 60.592 -2.4483 0.25662
0.98958 52.061 94.376 57.881 60.613 -2.481 0.2515
0.98931 52.19 95.075 57.369 60.644 -2.4894 0.2547
0.98904 52.316 95.734 56.739 60.677 -2.4827 0.26584
0.98877 52.437 96.312 56.039 60.709 -2.4691 0.2841
0.98852 52.549 96.771 55.323 60.735 -2.455 0.30833
0.9883 52.653 97.079 54.648 60.749 -2.4453 0.33708
0.98813 52.746 97.214 54.069 60.752 -2.443 0.36872
0.98802 52.831 97.162 53.637 60.74 -2.45 0.40153
0.98797 52.909 96.925 53.392 60.715 -2.4666 0.43382
0.98797 52.98 96.512 53.363 60.677 -2.4923 0.46402
0.98804 53.048 95.945 53.567 60.629 -2.5256 0.49076
0.98815 53.112 95.256 54.002 60.575 -2.5651 0.51298
0.9883 53.174 94.483 54.654 60.518 -2.6091 0.52991
0.98846 53.234 93.668 55.495 60.463 -2.656 0.54116
0.98862 53.289 92.855 56.484 60.415 -2.7045 0.54669
0.98876 53.338 92.089 57.571 60.377 -2.754 0.54677
0.98886 53.376 91.412 58.701 60.353 -2.8042 0.54195
0.9889 53.4 90.86 59.817 60.347 -2.8552 0.53297
0.98888 53.404 90.462 60.866 60.36 -2.9078 0.52074
0.98878 53.386 90.236 61.796 60.394 -2.9628 0.50618
0.98861 53.341 90.193 62.568 60.446 -3.0216 0.49022
0.98837 53.268 90.33 63.153 60.515 -3.0853 0.47369
0.98807 53.167 90.633 63.532 60.598 -3.1553 0.45728
0.98773 53.038 91.078 63.702 60.69 -3.2326 0.44152
0.98737 52.886 91.633 63.672 60.786 -3.3176 0.42674
0.98702 52.715 92.26 63.462 60.879 -3.4107 0.41311
0.98668 52.532 92.92 63.1 60.965 -3.5112 0.40065
0.98639 52.344 93.575 62.622 61.036 -3.618 0.38929
0.98617 52.158 94.195 62.068 61.089 -3.7292 0.3789
0.98601 51.984 94.756 61.476 61.119 -3.8419 0.36933
0.98595 51.828 95.245 60.885 61.125 -3.953 0.36051
0.98597 51.697 95.656 60.325 61.107 -4.0583 0.35247
0.98608 51.595 95.996 59.822 61.065 -4.1534 0.34535
0.98627 51.526 96.273 59.393 61.003 -4.2336 0.33941
0.98653 51.49 96.502 59.044 60.924 -4.2943 0.33508
0.98685 51.489 96.693 58.774 60.835 -4.3309 0.33284
0.98721 51.518 96.854 58.576 60.74 -4.3397 0.33326
0.98759 51.574 96.987 58.435 60.646 -4.3174 0.33689
0.98799 51.652 97.084 58.333 60.559 -4.2622 0.34422
0.98837 51.746 97.132 58.252 60.485 -4.1734 0.35559
0.98873 51.848 97.114 58.173 60.429 -4.0516 0.37117
0.98906 51.951 97.008 58.082 60.394 -3.8991 0.39086
0.98933 52.05 96.796 57.968 60.384 -3.7199 0.4143
0.98956 52.138 96.467 57.828 60.399 -3.519 0.44083
0.98973 52.211 96.015 57.664 60.44 -3.3032 0.46951
0.98985 52.267 95.449 57.485 60.505 -3.08 0.49917
0.98992 52.303 94.787 57.306 60.592 -2.8578 0.52842
0.98995 52.32 94.061 57.146 60.698 -2.6453 0.55578
0.98995 52.32 93.308 57.025 60.818 -2.4514 0.57973
0.98993 52.304 92.574 56.963 60.946 -2.2847 0.59881
0.9899 52.278 91.907 56.981 61.076 -2.1531 0.61175
0.98987 52.245 91.35 57.092 61.202 -2.0637 0.6175
0.98986 52.208 90.942 57.304 61.317 -2.0225 0.61537
0.98986 52.173 90.714 57.62 61.416 -2.0341 0.60505
0.98988 52.141 90.682 58.031 61.493 -2.1021 0.58667
0.98992 52.115 90.852 58.523 61.544 -2.2284 0.5608
0.98998 52.096 91.215 59.072 61.566 -2.4134 0.52845
0.99004 52.086 91.752 59.649 61.558 -2.6563 0.49101
0.99011 52.083 92.432 60.218 61.518 -2.9548 0.4502
0.99016 52.087 93.217 60.743 61.449 -3.3049 0.40798
0.99019 52.097 94.065 61.184 61.353 -3.7015 0.36643
0.99018 52.113 94.93 61.506 61.234 -4.1377 0.32764
0.99013 52.133 95.768 61.677 61.096 -4.605 0.29362
0.99001 52.158 96.54 61.674 60.946 -5.0935 0.26616
0.98984 52.189 97.209 61.481 60.788 -5.5916 0.2467
0.9896 52.226 97.748 61.091 60.628 -6.0864 0.23632
0.98932 52.271 98.134 60.512 60.47 -6.5637 0.23558
0.989 52.325 98.352 59.759 60.32 -7.0085 0.24459
0.98866 52.389 98.395 58.86 60.182 -7.4056 0.26289
0.98832 52.463 98.259 57.852 60.057 -7.7398 0.28959
0.98802 52.548 97.945 56.78 59.95 -7.9973 0.32332
0.98776 52.642 97.46 55.692 59.862 -8.166 0.36238
0.98757 52.744 96.812 54.641 59.794 -8.2366 0.40483
0.98748 52.85 96.012 53.679 59.748 -8.203 0.44855
0.98748 52.955 95.074 52.855 59.725 -8.0636 0.49144
0.98757 53.057 94.016 52.209 59.726 -7.8209 0.53148
0.98774 53.149 92.861 51.777 59.752 -7.4825 0.56687
0.98797 53.226 91.635 51.582 59.803 -7.0602 0.59611
0.98823 53.285 90.371 51.634 59.877 -6.5699 0.61808
0.98847 53.32 89.103 51.933 59.974 -6.031 0.63206
0.98867 53.33 87.872 52.464 60.09 -5.4649 0.63782
0.98878 53.314 86.718 53.202 60.222 -4.8942 0.63551
0.98877 53.272 85.678 54.11 60.362 -4.341 0.62573
0.98863 53.206 84.786 55.144 60.506 -3.8259 0.60941
0.98835 53.119 84.069 56.256 60.645 -3.3666 0.58775
0.98793 53.017 83.543 57.394 60.772 -2.9768 0.56217
0.98741 52.904 83.212 58.506 60.88 -2.6656 0.53418
0.98681 52.785 83.071 59.545 60.964 -2.4371 0.50535
0.98618 52.667 83.101 60.47 61.02 -2.2904 0.4772
0.98558 52.552 83.276 61.249 61.046 -2.2197 0.45112
0.98506 52.443 83.561 61.86 61.041 -2.2154 0.42836
0.98466 52.341 83.92 62.293 61.011 -2.2646 0.40994
0.98443 52.242 84.313 62.549 60.958 -2.3523 0.39668
0.98439 52.145 84.706 62.638 60.891 -2.4628 0.38913
0.98455 52.044 85.065 62.583 60.817 -2.5805 0.38759
0.98489 51.933 85.365 62.412 60.745 -2.691 0.39213
0.9854 51.808 85.585 62.16 60.684 -2.782 0.40259
0.98604 51.665 85.715 61.865 60.64 -2.8439 0.41859
0.98676 51.5 85.746 61.564 60.621 -2.8698 0.43959
0.98752 51.315 85.681 61.293 60.632 -2.856 0.46485
0.98826 51.114 85.526 61.084 60.674 -2.8014 0.49355
0.98895 50.903 85.294 60.961 60.747 -2.7074 0.52473
0.98955 50.694 85.001 60.943 60.85 -2.5774 0.55739
0.99004 50.5 84.67 61.039 60.979 -2.4159 0.5905
0.9904 50.335 84.326 61.25 61.126 -2.2287 0.62304
0.99064 50.215 83.996 61.568 61.286 -2.0214 0.65403
0.99076 50.156 83.708 61.979 61.449 -1.8001 0.68258
0.99078 50.169 83.487 62.464 61.607 -1.5703 0.70795
0.99071 50.264 83.353 62.997 61.752 -1.3374 0.72953
0.99059 50.445 83.321 63.551 61.878 -1.106 0.74689
0.99043 50.71 83.399 64.098 61.978 -0.88079 0.75981
0.99025 51.049 83.586 64.609 62.047 -0.66586 0.76826
0.99007 51.448 83.874 65.06 62.085 -0.46536 0.77243
0.9899 51.885 84.246 65.425 62.09 -0.28332 0.77268
0.98975 52.331 84.68 65.686 62.063 -0.12376 0.76953
0.98961 52.753 85.15 65.827 62.006 0.0094191 0.76364
0.9895 53.117 85.628 65.837 61.925 0.11252 0.75572
0.9894 53.385 86.086 65.709 61.823 0.18231 0.74654
0.98931 53.523 86.499 65.442 61.706 0.2162 0.73688
0.98922 53.498 86.846 65.036 61.579 0.21263 0.72745
0.98912 53.285 87.111 64.498 61.447 0.1712 0.71888
0.98903 52.866 87.288 63.836 61.317 0.09298 0.7117
0.98893 52.234 87.373 63.061 61.191 -0.019448 0.7063
0.98883 51.391 87.372 62.187 61.073 -0.16194 0.70293
0.98873 50.352 87.295 61.231 60.966 -0.32891 0.70169
0.98864 49.142 87.158 60.212 60.872 -0.51356 0.70257
0.98857 47.797 86.976 59.148 60.789 -0.70821 0.70539
0.98852 46.36 86.768 58.062 60.719 -0.90471 0.70988
0.9885 44.88 86.551 56.975 60.659 -1.0949 0.71566
0.98852 43.406 86.342 55.91 60.606 -1.2711 0.72229
0.98856 41.988 86.154 54.888 60.559 -1.4266 0.72926
0.98864 40.67 85.999 53.931 60.514 -1.5557 0.73601
0.98875 39.49 85.887 53.055 60.47 -1.6546 0.74199
0.98887 38.476 85.823 52.279 60.422 -1.7211 0.74663
0.98901 37.644 85.813 51.612 60.371 -1.7546 0.74941
0.98915 37 85.858 51.064 60.314 -1.7564 0.74986
0.9893 36.54 85.958 50.638 60.253 -1.7292 0.74759
0.98943 36.249 86.11 50.333 60.186 -1.6767 0.74233
0.98954 36.105 86.312 50.142 60.116 -1.6037 0.73393
0.98964 36.081 86.555 50.055 60.044 -1.5154 0.7224
0.98972 36.149 86.835 50.057 59.972 -1.4172 0.70791
0.98979 36.279 87.143 50.132 59.903 -1.314 0.69081
0.98983 36.444 87.472 50.261 59.836 -1.2107 0.67161
0.98986 36.621 87.812 50.423 59.775 -1.1111 0.65096
0.98988 36.789 88.155 50.599 59.72 -1.0187 0.62962
0.98989 36.935 88.492 50.772 59.669 -0.93604 0.60841
0.9899 37.052 88.816 50.925 59.624 -0.86507 0.58818
0.98991 37.135 89.115 51.046 59.581 -0.80725 0.56972
0.98992 37.185 89.381 51.127 59.539 -0.76366 0.55375
0.98992 37.205 89.602 51.163 59.496 -0.73519 0.54082
0.98993 37.201 89.768 51.153 59.45 -0.72268 0.53129
0.98994 37.178 89.868 51.101 59.399 -0.72701 0.52531
0.98995 37.141 89.894 51.012 59.341 -0.74919 0.52277
0.98995 37.098 89.839 50.894 59.276 -0.79026 0.52336
0.98995 37.05 89.7 50.759 59.206 -0.85131 0.52656
0.98994 37.002 89.479 50.615 59.13 -0.93326 0.53169
0.98992 36.954 89.185 50.475 59.053 -1.0367 0.53797
0.9899 36.906 88.829 50.347 58.976 -1.1619 0.54457
0.98987 36.859 88.433 50.239 58.904 -1.308 0.5507
0.98983 36.811 88.021 50.157 58.841 -1.4739 0.55567
0.9898 36.765 87.621 50.104 58.79 -1.6571 0.55892
0.98976 36.719 87.263 50.082 58.756 -1.8543 0.56011
0.98972 36.676 86.975 50.088 58.742 -2.0615 0.55908
0.98969 36.64 86.781 50.12 58.75 -2.2736 0.55591
0.98967 36.613 86.694 50.172 58.782 -2.4855 0.55089
0.98967 36.6 86.721 50.241 58.837 -2.6914 0.54445
0.98967 36.607 86.853 50.319 58.916 -2.886 0.53716
0.98968 36.637 87.071 50.402 59.015 -3.0643 0.52963
0.98971 36.694 87.343 50.485 59.132 -3.2223 0.52249
0.98975 36.779 87.628 50.568 59.262 -3.3569 0.51626
0.98978 36.894 87.879 50.647 59.4 -3.4666 0.51137
0.98982 37.036 88.048 50.726 59.54 -3.5511 0.50807
0.98986 37.201 88.092 50.807 59.677 -3.6117 0.5064
0.98988 37.383 87.974 50.894 59.805 -3.6507 0.50623
0.9899 37.574 87.669 50.994 59.919 -3.6718 0.50721
0.9899 37.765 87.169 51.112 60.013 -3.6793 0.50888
0.98988 37.946 86.479 51.256 60.084 -3.6778 0.51063
0.98985 38.108 85.623 51.429 60.13 -3.6719 0.51181
0.9898 38.241 84.635 51.635 60.151 -3.6656 0.5118
0.98973 38.34 83.561 51.876 60.146 -3.6621 0.51004
0.98965 38.398 82.455 52.151 60.118 -3.6632 0.50612
0.98957 38.413 81.371 52.455 60.072 -3.6695 0.49978
0.98948 38.386 80.362 52.782 60.012 -3.6801 0.49102
0.98939 38.318 79.476 53.121 59.944 -3.6926 0.48003
0.98931 38.214 78.754 53.46 59.874 -3.7033 0.46727
0.98924 38.081 78.228 53.786 59.809 -3.7078 0.45335
0.98919 37.925 77.921 54.083 59.753 -3.7012 0.4391
0.98915 37.756 77.849 54.338 59.712 -3.6786 0.4254
0.98913 37.581 78.018 54.535 59.687 -3.6355 0.41322
0.98913 37.408 78.428 54.664 59.681 -3.5687 0.40347
0.98914 37.243 79.071 54.716 59.694 -3.4763 0.39699
0.98918 37.091 79.933 54.685 59.723 -3.3581 0.39445
0.98923 36.956 80.994 54.57 59.765 -3.216 0.39631
0.98929 36.839 82.228 54.375 59.816 -3.0538 0.40278
0.98936 36.742 83.6 54.107 59.871 -2.8773 0.41381
0.98943 36.662 85.069 53.777 59.925 -2.6938 0.42907
0.98951 36.598 86.588 53.401 59.974 -2.5117 0.44795
0.98959 36.548 88.104 52.996 60.013 -2.3403 0.46965
0.98967 36.51 89.561 52.581 60.039 -2.1886 0.49315
0.98975 36.48 90.903 52.174 60.051 -2.0653 0.51735
0.98981 36.458 92.078 51.794 60.047 -1.9777 0.54106
0.98987 36.442 93.042 51.457 60.029 -1.9317 0.56312
0.98992 36.431 93.759 51.176 59.996 -1.9308 0.58246
0.98995 36.425 94.21 50.959 59.952 -1.9763 0.59814
0.98997 36.425 94.391 50.812 59.898 -2.0669 0.60944
0.98999 36.432 94.313 50.733 59.837 -2.1991 0.61586
0.98999 36.447 94.003 50.718 59.772 -2.367 0.61719
0.98997 36.47 93.502 50.757 59.706 -2.5629 0.61348
0.98996 36.502 92.859 50.838 59.642 -2.7781 0.60507
0.98993 36.545 92.131 50.944 59.584 -3.003 0.59253
0.98991 36.598 91.376 51.059 59.534 -3.2278 0.57665
0.98988 36.66 90.652 51.168 59.495 -3.4435 0.5584
0.98986 36.732 90.009 51.253 59.471 -3.642 0.53885
0.98984 36.811 89.492 51.303 59.464 -3.8168 0.51909
0.98983 36.896 89.133 51.307 59.476 -3.9633 0.50023
0.98983 36.985 88.953 51.263 59.509 -4.0789 0.48327
0.98983 37.077 88.957 51.169 59.562 -4.1633 0.4691
0.98985 37.171 89.138 51.031 59.636 -4.2181 0.45838
0.98988 37.265 89.477 50.859 59.73 -4.2466 0.4516
0.98991 37.358 89.944 50.668 59.84 -4.2536 0.44899
0.98994 37.45 90.5 50.475 59.963 -4.2449 0.4505
0.98996 37.541 91.101 50.299 60.096 -4.2268 0.45589
0.98998 37.631 91.702 50.161 60.231 -4.2057 0.46467
0.98998 37.719 92.26 50.078 60.365 -4.1874 0.47617
0.98996 37.807 92.739 50.069 60.491 -4.177 0.48958
0.98992 37.894 93.108 50.145 60.603 -4.1784 0.50403
0.98986 37.981 93.348 50.315 60.697 -4.1941 0.5186
0.98977 38.068 93.452 50.58 60.768 -4.2254 0.5324
0.98966 38.154 93.421 50.937 60.814 -4.2718 0.54464
0.98953 38.239 93.268 51.376 60.833 -4.3315 0.55466
0.98938 38.324 93.013 51.882 60.823 -4.4016 0.56197
0.98923 38.407 92.68 52.434 60.788 -4.4783 0.5663
0.98907 38.488 92.299 53.01 60.73 -4.5571 0.56757
0.98894 38.566 91.896 53.584 60.652 -4.633 0.56593
0.98882 38.641 91.499 54.13 60.562 -4.7012 0.56172
0.98873 38.712 91.131 54.625 60.464 -4.7573 0.55548
0.98869 38.776 90.814 55.046 60.367 -4.7971 0.54783
0.98868 38.834 90.565 55.376 60.276 -4.8176 0.53952
0.98871 38.884 90.397 55.601 60.2 -4.8166 0.53132
0.98879 38.924 90.322 55.715 60.143 -4.7927 0.52397
0.98889 38.954 90.347 55.717 60.11 -4.7461 0.51813
0.98901 38.973 90.475 55.612 60.105 -4.6776 0.51438
0.98914 38.98 90.706 55.411 60.127 -4.5894 0.51311
0.98927 38.975 91.031 55.129 60.178 -4.4844 0.51457
0.98939 38.96 91.435 54.785 60.253 -4.3661 0.51879
0.98948 38.936 91.892 54.404 60.349 -4.2389 0.52565
0.98954 38.904 92.367 54.008 60.459 -4.1072 0.53485
0.98957 38.867 92.816 53.622 60.578 -3.9757 0.54596
0.98956 38.827 93.184 53.271 60.697 -3.8489 0.55842
0.98953 38.787 93.414 52.977 60.811 -3.7308 0.57167
0.98948 38.75 93.446 52.758 60.913 -3.6252 0.58508
0.98941 38.717 93.226 52.629 60.998 -3.5351 0.59807
0.98933 38.692 92.708 52.602 61.062 -3.4624 0.61014
0.98927 38.675 91.865 52.683 61.105 -3.4084 0.62089
0.98921 38.669 90.688 52.871 61.124 -3.3734 0.63001
0.98918 38.673 89.196 53.164 61.123 -3.3565 0.63735
0.98918 38.689 87.433 53.551 61.104 -3.3562 0.64288
0.9892 38.716 85.469 54.019 61.071 -3.3701 0.64671
0.98924 38.754 83.397 54.551 61.028 -3.3951 0.64902
0.98931 38.8 81.33 55.125 60.981 -3.4278 0.65009
0.9894 38.852 79.385 55.719 60.934 -3.4645 0.65023
0.98949 38.909 77.684 56.308 60.892 -3.5016 0.64978
0.98959 38.968 76.334 56.868 60.858 -3.5356 0.64905
0.98969 39.026 75.422 57.375 60.835 -3.5635 0.64833
0.98977 39.079 75.006 57.809 60.824 -3.583 0.64785
0.98984 39.127 75.106 58.149 60.827 -3.5924 0.64779
0.98989 39.165 75.706 58.383 60.842 -3.591 0.64826
0.98992 39.192 76.751 58.5 60.869 -3.5788 0.64933
0.98993 39.207 78.156 58.497 60.906 -3.5568 0.65102
0.98993 39.209 79.808 58.373 60.95 -3.5265 0.6533
0.98991 39.199 81.583 58.136 60.999 -3.4898 0.65617
0.98989 39.176 83.35 57.797 61.051 -3.4493 0.65962
0.98987 39.142 84.986 57.373 61.103 -3.4073 0.66364
0.98985 39.1 86.385 56.883 61.153 -3.3662 0.66827
0.98984 39.052 87.465 56.351 61.199 -3.3276 0.67357
0.98984 39.002 88.17 55.798 61.24 -3.2931 0.67963
0.98984 38.951 88.478 55.251 61.274 -3.263 0.68654
0.98986 38.905 88.393 54.732 61.301 -3.2372 0.6944
0.98988 38.866 87.949 54.261 61.319 -3.2147 0.70325
0.98992 38.837 87.2 53.856 61.328 -3.1939 0.71313
0.98995 38.821 86.217 53.53 61.328 -3.1727 0.72399
0.98999 38.817 85.082 53.291 61.32 -3.1486 0.73567
0.99002 38.827 83.881 53.142 61.303 -3.1193 0.74796
0.99004 38.848 82.696 53.083 61.28 -3.0828 0.76051
0.99005 38.878 81.607 53.108 61.251 -3.0376 0.7729
0.99005 38.914 80.682 53.207 61.22 -2.9832 0.7846
0.99003 38.951 79.974 53.367 61.188 -2.92 0.79503
0.99 38.985 79.523 53.574 61.159 -2.8496 0.80361
0.98995 39.013 79.355 53.813 61.136 -2.7748 0.80972
0.98989 39.031 79.476 54.068 61.122 -2.6991 0.81281
0.98983 39.04 79.881 54.326 61.119 -2.6272 0.81244
0.98976 39.038 80.55 54.575 61.131 -2.564 0.80825
0.98969 39.029 81.451 54.807 61.158 -2.5145 0.80006
0.98963 39.017 82.546 55.015 61.201 -2.4836 0.78788
0.98958 39.006 83.789 55.196 61.259 -2.4754 0.77189
0.98955 39.004 85.132 55.352 61.33 -2.4928 0.75245
0.98954 39.017 86.523 55.485 61.41 -2.5375 0.73012
0.98954 39.051 87.913 55.599 61.494 -2.6098 0.70558
0.98957 39.111 89.256 55.701 61.58 -2.7081 0.67964
0.98961 39.199 90.509 55.796 61.661 -2.8295 0.65316
0.98966 39.316 91.636 55.89 61.733 -2.9694 0.62702
0.98972 39.46 92.608 55.984 61.793 -3.1225 0.60208
0.98979 39.625 93.405 56.08 61.84 -3.2824 0.57908
0.98985 39.803 94.016 56.174 61.873 -3.4425 0.55868
0.98989 39.983 94.437 56.261 61.892 -3.5964 0.54134
0.98993 40.154 94.674 56.331 61.901 -3.738 0.52737
0.98994 40.302 94.739 56.371 61.903 -3.862 0.51688
0.98992 40.416 94.646 56.368 61.902 -3.9643 0.50979
0.98987 40.485 94.415 56.307 61.903 -4.0419 0.5059
0.98979 40.502 94.061 56.171 61.91 -4.0932 0.50483
0.98968 40.462 93.599 55.949 61.928 -4.1179 0.50615
0.98953 40.365 93.04 55.63 61.957 -4.1168 0.50936
0.98936 40.212 92.388 55.207 61.999 -4.0916 0.51398
0.98915 40.012 91.647 54.679 62.054 -4.0447 0.51955
0.98892 39.775 90.815 54.053 62.12 -3.9792 0.52571
0.98868 39.514 89.892 53.338 62.193 -3.8982 0.5322
0.98842 39.243 88.88 52.553 62.271 -3.8049 0.53888
0.98816 38.978 87.788 51.721 62.349 -3.7023 0.54575
0.9879 38.733 86.632 50.869 62.423 -3.5935 0.55292
0.98766 38.522 85.439 50.028 62.488 -3.4808 0.56059
0.98746 38.355 84.244 49.231 62.543 -3.3666 0.56902
0.98729 38.241 83.091 48.51 62.585 -3.2529 0.5785
0.98718 38.183 82.026 47.894 62.612 -3.1414 0.5893
0.98713 38.182 81.1 47.409 62.625 -3.034 0.60162
0.98716 38.236 80.356 47.078 62.624 -2.9323 0.61555
0.98725 38.337 79.832 46.914 62.61 -2.838 0.63106
0.98742 38.476 79.552 46.924 62.586 -2.7528 0.64795
0.98764 38.642 79.527 47.108 62.553 -2.6784 0.66586
0.98791 38.823 79.751 47.459 62.513 -2.6164 0.68427
0.98821 39.005 80.203 47.963 62.468 -2.5684 0.70256
0.9885 39.175 80.848 48.6 62.417 -2.5355 0.71997
0.98878 39.325 81.639 49.346 62.362 -2.5186 0.73574
0.98901 39.444 82.524 50.174 62.301 -2.518 0.74908
0.98917 39.528 83.446 51.056 62.234 -2.5334 0.7593
0.98927 39.573 84.35 51.963 62.159 -2.5636 0.76582
0.98927 39.579 85.184 52.868 62.076 -2.6069 0.76826
0.9892 39.55 85.907 53.748 61.982 -2.6604 0.76645
0.98904 39.49 86.485 54.58 61.879 -2.7207 0.76046
0.98882 39.405 86.901 55.348 61.766 -2.7835 0.75065
0.98856 39.303 87.147 56.036 61.644 -2.8437 0.73762
0.98828 39.192 87.232 56.635 61.516 -2.8962 0.7222
0.98801 39.078 87.177 57.136 61.384 -2.9351 0.70539
0.98776 38.97 87.012 57.537 61.252 -2.955 0.68834
0.98757 38.872 86.776 57.833 61.121 -2.9502 0.67225
0.98745 38.789 86.511 58.023 60.996 -2.916 0.6583
0.98741 38.724 86.261 58.106 60.88 -2.8481 0.64758
0.98746 38.679 86.064 58.084 60.775 -2.7435 0.64102
0.9876 38.654 85.951 57.956 60.683 -2.6004 0.6393
0.98781 38.648 85.943 57.724 60.604 -2.4184 0.64286
0.98809 38.658 86.044 57.39 60.54 -2.1989 0.65179
0.98841 38.683 86.248 56.961 60.489 -1.9449 0.66589
0.98874 38.719 86.531 56.441 60.453 -1.661 0.68462
0.98906 38.761 86.861 55.841 60.43 -1.3535 0.70718
0.98935 38.807 87.194 55.174 60.42 -1.0298 0.73253
0.98958 38.851 87.483 54.458 60.424 -0.69875 0.75944
0.98975 38.891 87.681 53.712 60.442 -0.36956 0.7866
0.98983 38.925 87.746 52.961 60.475 -0.051845 0.8127
0.98983 38.95 87.646 52.232 60.525 0.24503 0.83648
0.98975 38.965 87.362 51.554 60.593 0.51241 0.85683
0.98961 38.971 86.893 50.955 60.679 0.74276 0.87286
0.98942 38.968 86.251 50.464 60.785 0.93009 0.88396
0.98922 38.959 85.467 50.103 60.909 1.0703 0.8898
0.98902 38.945 84.583 49.893 61.049 1.1611 0.89038
0.98886 38.928 83.653 49.847 61.203 1.2026 0.88601
0.98876 38.911 82.734 49.97 61.366 1.1964 0.87726
0.98874 38.896 81.887 50.26 61.534 1.1463 0.86492
0.98883 38.883 81.166 50.704 61.701 1.057 0.84994
0.98902 38.875 80.62 51.282 61.861 0.93454 0.83335
0.98931 38.871 80.282 51.966 62.01 0.78516 0.81617
0.98968 38.87 80.173 52.723 62.143 0.61516 0.79932
0.99011 38.872 80.297 53.513 62.257 0.43038 0.78358
0.99056 38.876 80.639 54.298 62.349 0.23581 0.76951
0.99099 38.882 81.169 55.039 62.418 0.035381 0.75739
0.99133 38.887 81.841 55.701 62.465 -0.16819 0.74726
0.99153 38.893 82.598 56.253 62.489 -0.37334 0.73888
0.99154 38.9 83.373 56.675 62.494 -0.57952 0.73176
0.99132 38.907 84.099 56.954 62.481 -0.78696 0.72525
0.99082 38.918 84.71 57.09 62.454 -0.99627 0.71854
0.99002 38.933 85.148 57.089 62.415 -1.2081 0.71083
0.98893 38.955 85.372 56.971 62.366 -1.4227 0.7013
0.98757 38.985 85.355 56.759 62.311 -1.6397 0.68928
0.98597 39.025 85.093 56.487 62.251 -1.8579 0.67426
0.98421 39.074 84.605 56.189 62.189 -2.0749 0.65598
0.98238 39.134 83.927 55.898 62.123 -2.2874 0.63444
0.98056 39.201 83.116 55.646 62.056 -2.4913 0.60992
0.97886 39.273 82.24 55.459 61.987 -2.6819 0.58295
0.97739 39.347 81.374 55.355 61.915 -2.8543 0.55431
0.97623 39.417 80.594 55.342 61.839 -3.0037 0.52495
0.97546 39.479 79.968 55.417 61.758 -3.126 0.49593
0.97512 39.528 79.555 55.567 61.672 -3.2182 0.46836
0.97524 39.56 79.398 55.77 61.581 -3.2784 0.44331
0.97579 39.57 79.523 55.995 61.485 -3.3065 0.42172
0.97675 39.557 79.941 56.206 61.385 -3.3037 0.40441
0.97804 39.52 80.644 56.366 61.283 -3.2729 0.39193
0.97958 39.459 81.611 56.437 61.182 -3.218 0.3846
0.98127 39.377 82.811 56.388 61.083 -3.1441 0.38249
0.98303 39.278 84.202 56.192 60.989 -3.0568 0.38541
0.98476 39.165 85.738 55.835 60.903 -2.9618 0.39293
0.98637 39.044 87.37 55.313 60.826 -2.8645 0.40442
0.98782 38.919 89.047 54.631 60.76 -2.7697 0.41913
0.98905 38.795 90.723 53.811 60.707 -2.6814 0.43619
0.99005 38.676 92.356 52.879 60.664 -2.6023 0.4547
0.99081 38.566 93.907 51.874 60.633 -2.5343 0.47378
0.99136 38.467 95.346 50.835 60.612 -2.4779 0.49261
0.99171 38.381 96.651 49.806 60.599 -2.4328 0.51049
